date,location,new_cases,new_deaths,total_cases,total_deaths,weekly_cases,weekly_deaths,biweekly_cases,biweekly_deaths
2020-04-01,Afghanistan,25,0,166,4,124,3,144,4
2020-04-02,Afghanistan,26,0,192,4,117,3,170,4
2020-04-03,Afghanistan,43,0,235,4,160,3,213,4
2020-04-04,Afghanistan,0,0,235,4,144,2,211,4
2020-04-05,Afghanistan,35,1,270,5,164,2,246,5
2020-04-06,Afghanistan,29,2,299,7,185,3,265,7
2020-04-07,Afghanistan,38,0,337,7,196,3,297,6
2020-04-08,Afghanistan,30,4,367,11,201,7,325,10
2020-04-09,Afghanistan,56,3,423,14,231,10,348,13
2020-04-10,Afghanistan,61,1,484,15,249,11,409,14
2020-04-11,Afghanistan,37,0,521,15,286,11,430,13
2020-04-12,Afghanistan,34,3,555,18,285,13,449,15
2020-04-13,Afghanistan,52,0,607,18,308,11,493,14
2020-04-14,Afghanistan,58,3,665,21,328,14,524,17
2020-04-15,Afghanistan,49,2,714,23,347,12,548,19
2020-04-16,Afghanistan,70,2,784,25,361,11,592,21
2020-04-17,Afghanistan,10,4,794,29,310,14,559,25
2020-04-18,Afghanistan,51,1,845,30,324,15,610,26
2020-04-19,Afghanistan,63,0,908,30,353,12,638,25
2020-04-20,Afghanistan,88,3,996,33,389,15,697,26
2020-04-21,Afghanistan,35,2,1031,35,366,14,694,28
2020-04-22,Afghanistan,61,1,1092,36,378,13,725,25
2020-04-23,Afghanistan,84,4,1176,40,392,15,753,26
2020-04-24,Afghanistan,105,2,1281,42,487,13,797,27
2020-04-25,Afghanistan,70,1,1351,43,506,13,830,28
2020-04-26,Afghanistan,112,4,1463,47,555,17,908,29
2020-04-27,Afghanistan,68,10,1531,57,535,24,924,39
2020-04-28,Afghanistan,172,0,1703,57,672,22,1038,36
2020-04-29,Afghanistan,124,3,1827,60,735,24,1113,37
2020-04-30,Afghanistan,122,0,1949,60,773,20,1165,35
2020-05-01,Afghanistan,222,4,2171,64,890,22,1377,35
2020-05-02,Afghanistan,164,4,2335,68,984,25,1490,38
2020-05-03,Afghanistan,134,4,2469,72,1006,25,1561,42
2020-05-04,Afghanistan,235,13,2704,85,1173,28,1708,52
2020-05-05,Afghanistan,190,5,2894,90,1191,33,1863,55
2020-05-06,Afghanistan,330,5,3224,95,1397,35,2132,59
2020-05-07,Afghanistan,168,9,3392,104,1443,44,2216,64
2020-05-08,Afghanistan,171,2,3563,106,1392,42,2282,64
2020-05-09,Afghanistan,215,3,3778,109,1443,41,2427,66
2020-05-10,Afghanistan,255,6,4033,115,1564,43,2570,68
2020-05-11,Afghanistan,369,5,4402,120,1698,35,2871,63
2020-05-12,Afghanistan,285,2,4687,122,1793,32,2984,65
2020-05-13,Afghanistan,280,5,4967,127,1743,32,3140,67
2020-05-14,Afghanistan,259,3,5226,130,1834,26,3277,70
2020-05-15,Afghanistan,113,6,5339,136,1776,30,3168,72
2020-05-16,Afghanistan,1063,32,6402,168,2624,59,4067,100
2020-05-17,Afghanistan,0,0,6402,168,2369,53,3933,96
2020-05-18,Afghanistan,262,1,6664,169,2262,49,3960,84
2020-05-19,Afghanistan,408,4,7072,173,2385,51,4178,83
2020-05-20,Afghanistan,581,5,7653,178,2686,51,4429,83
2020-05-21,Afghanistan,492,9,8145,187,2919,57,4753,83
2020-05-22,Afghanistan,531,6,8676,193,3337,57,5113,87
2020-05-23,Afghanistan,540,12,9216,205,2814,37,5438,96
2020-05-24,Afghanistan,782,11,9998,216,3596,48,5965,101
2020-05-25,Afghanistan,584,2,10582,218,3918,49,6180,98
2020-05-26,Afghanistan,591,1,11173,219,4101,46,6486,97
2020-05-27,Afghanistan,658,1,11831,220,4178,42,6864,93
2020-05-28,Afghanistan,625,7,12456,227,4311,40,7230,97
2020-05-29,Afghanistan,580,8,13036,235,4360,42,7697,99
2020-05-30,Afghanistan,623,11,13659,246,4443,41,7257,78
2020-05-31,Afghanistan,866,3,14525,249,4527,33,8123,81
2020-06-01,Afghanistan,680,8,15205,257,4623,39,8541,88
2020-06-02,Afghanistan,545,8,15750,265,4577,46,8678,92
2020-06-03,Afghanistan,759,5,16509,270,4678,50,8856,92
2020-06-04,Afghanistan,758,24,17267,294,4811,67,9122,107
2020-06-05,Afghanistan,787,6,18054,300,5018,65,9378,107
2020-06-06,Afghanistan,915,9,18969,309,5310,63,9753,104
2020-06-07,Afghanistan,582,18,19551,327,5026,78,9553,111
2020-06-08,Afghanistan,791,30,20342,357,5137,100,9760,139
2020-06-09,Afghanistan,575,12,20917,369,5167,104,9744,150
2020-06-10,Afghanistan,542,15,21459,384,4950,114,9628,164
2020-06-11,Afghanistan,684,21,22143,405,4876,111,9687,178
2020-06-12,Afghanistan,747,21,22890,426,4836,126,9854,191
2020-06-13,Afghanistan,656,20,23546,446,4577,137,9887,200
2020-06-14,Afghanistan,556,5,24102,451,4551,124,9577,202
2020-06-15,Afghanistan,664,20,24766,471,4424,114,9561,214
2020-06-16,Afghanistan,761,7,25527,478,4610,109,9777,213
2020-06-17,Afghanistan,783,13,26310,491,4851,107,9801,221
2020-06-18,Afghanistan,564,13,26874,504,4731,99,9607,210
2020-06-19,Afghanistan,658,42,27532,546,4642,120,9478,246
2020-06-20,Afghanistan,346,2,27878,548,4332,102,8909,239
2020-06-21,Afghanistan,546,21,28424,569,4322,118,8873,242
2020-06-22,Afghanistan,409,12,28833,581,4067,110,8491,224
2020-06-23,Afghanistan,310,17,29143,598,3616,120,8226,229
2020-06-24,Afghanistan,338,20,29481,618,3171,127,8022,234
2020-06-25,Afghanistan,234,21,29715,639,2841,135,7572,234
2020-06-26,Afghanistan,460,36,30175,675,2643,129,7285,249
2020-06-27,Afghanistan,276,8,30451,683,2573,135,6905,237
2020-06-28,Afghanistan,165,20,30616,703,2192,134,6514,252
2020-06-29,Afghanistan,351,18,30967,721,2134,140,6201,250
2020-06-30,Afghanistan,271,12,31238,733,2095,135,5711,255
2020-07-01,Afghanistan,279,13,31517,746,2036,128,5207,255
2020-07-02,Afghanistan,319,28,31836,774,2121,135,4962,270
2020-07-03,Afghanistan,186,33,32022,807,1847,132,4490,261
2020-07-04,Afghanistan,302,12,32324,819,1873,136,4446,271
2020-07-05,Afghanistan,348,7,32672,826,2056,123,4248,257
2020-07-06,Afghanistan,279,38,32951,864,1984,143,4118,283
2020-07-07,Afghanistan,433,56,33384,920,2146,187,4241,322
2020-07-08,Afghanistan,210,16,33594,936,2077,190,4113,318
2020-07-09,Afghanistan,59,1,33653,937,1817,163,3938,298
2020-07-10,Afghanistan,255,20,33908,957,1886,150,3733,282
2020-07-11,Afghanistan,458,37,34366,994,2042,175,3915,311
2020-07-12,Afghanistan,85,16,34451,1010,1779,184,3835,307
2020-07-13,Afghanistan,0,0,34451,1010,1500,146,3484,289
2020-07-14,Afghanistan,4,2,34455,1012,1071,92,3217,279
2020-07-15,Afghanistan,285,33,34740,1045,1146,109,3223,299
2020-07-16,Afghanistan,254,49,34994,1094,1341,157,3158,320
2020-07-17,Afghanistan,76,21,35070,1115,1162,158,3048,308
2020-07-18,Afghanistan,219,32,35289,1147,923,153,2965,328
2020-07-19,Afghanistan,12,17,35301,1164,850,154,2629,338
2020-07-20,Afghanistan,174,17,35475,1181,1024,171,2524,317
2020-07-21,Afghanistan,140,5,35615,1186,1160,174,2231,266
2020-07-22,Afghanistan,112,4,35727,1190,987,145,2133,254
2020-07-23,Afghanistan,188,21,35915,1211,921,117,2262,274
2020-07-24,Afghanistan,13,0,35928,1211,858,96,2020,254
2020-07-25,Afghanistan,108,35,36036,1246,747,99,1670,252
2020-07-26,Afghanistan,121,13,36157,1259,856,95,1706,249
2020-07-27,Afghanistan,106,10,36263,1269,788,88,1812,259
2020-07-28,Afghanistan,105,1,36368,1270,753,84,1913,258
2020-07-29,Afghanistan,103,1,36471,1271,744,81,1731,226
2020-07-30,Afghanistan,0,0,36471,1271,556,60,1477,177
2020-07-31,Afghanistan,71,0,36542,1271,614,60,1472,156
2020-08-01,Afghanistan,168,12,36710,1283,674,37,1421,136
2020-08-02,Afghanistan,0,0,36710,1283,553,24,1409,119
2020-08-03,Afghanistan,0,1,36710,1284,447,15,1235,103
2020-08-04,Afghanistan,37,4,36747,1288,379,18,1132,102
2020-08-05,Afghanistan,82,6,36829,1294,358,23,1102,104
2020-08-06,Afghanistan,67,4,36896,1298,425,27,981,87
2020-08-07,Afghanistan,41,0,36937,1298,395,27,1009,87
2020-08-08,Afghanistan,78,9,37015,1307,305,24,979,61
2020-08-09,Afghanistan,39,5,37054,1312,344,29,897,53
2020-08-10,Afghanistan,0,0,37054,1312,344,28,791,43
2020-08-11,Afghanistan,0,0,37054,1312,307,24,686,42
2020-08-12,Afghanistan,215,32,37269,1344,440,50,798,73
2020-08-13,Afghanistan,76,10,37345,1354,449,56,874,83
2020-08-14,Afghanistan,79,9,37424,1363,487,65,882,92
2020-08-15,Afghanistan,7,0,37431,1363,416,56,721,80
2020-08-16,Afghanistan,120,7,37551,1370,497,58,841,87
2020-08-17,Afghanistan,45,5,37596,1375,542,63,886,91
2020-08-18,Afghanistan,3,0,37599,1375,545,63,852,87
2020-08-19,Afghanistan,0,0,37599,1375,330,31,770,81
2020-08-20,Afghanistan,160,8,37759,1383,414,29,863,85
2020-08-21,Afghanistan,97,2,37856,1385,432,22,919,87
2020-08-22,Afghanistan,38,0,37894,1385,463,22,879,78
2020-08-23,Afghanistan,105,2,37999,1387,448,17,945,75
2020-08-24,Afghanistan,0,0,37999,1387,403,12,945,75
2020-08-25,Afghanistan,71,10,38070,1397,471,22,1016,85
2020-08-26,Afghanistan,1,0,38071,1397,472,22,802,53
2020-08-27,Afghanistan,55,4,38126,1401,367,18,781,47
2020-08-28,Afghanistan,3,0,38129,1401,273,16,705,38
2020-08-29,Afghanistan,11,1,38140,1402,246,17,709,39
2020-08-30,Afghanistan,3,0,38143,1402,144,15,592,32
2020-08-31,Afghanistan,19,0,38162,1402,163,15,566,27
2020-04-01,Albania,20,3,243,15,120,10,188,14
2020-04-02,Albania,16,0,259,15,113,10,200,13
2020-04-03,Albania,18,1,277,16,103,10,207,14
2020-04-04,Albania,27,1,304,17,118,8,234,15
2020-04-05,Albania,29,2,333,19,136,9,257,17
2020-04-06,Albania,28,2,361,21,149,11,272,19
2020-04-07,Albania,16,1,377,22,154,10,277,18
2020-04-08,Albania,6,0,383,22,140,7,260,17
2020-04-09,Albania,17,0,400,22,141,7,254,17
2020-04-10,Albania,9,1,409,23,132,7,235,17
2020-04-11,Albania,7,0,416,23,112,6,230,14
2020-04-12,Albania,17,0,433,23,100,4,236,13
2020-04-13,Albania,13,0,446,23,85,2,234,13
2020-04-14,Albania,21,0,467,23,90,1,244,11
2020-04-15,Albania,8,1,475,24,92,2,232,9
2020-04-16,Albania,19,1,494,25,94,3,235,10
2020-04-17,Albania,24,1,518,26,109,3,241,10
2020-04-18,Albania,21,0,539,26,123,3,235,9
2020-04-19,Albania,9,0,548,26,115,3,215,7
2020-04-20,Albania,14,0,562,26,116,3,201,5
2020-04-21,Albania,22,0,584,26,117,3,207,4
2020-04-22,Albania,25,0,609,26,134,2,226,4
2020-04-23,Albania,25,1,634,27,140,2,234,5
2020-04-24,Albania,29,0,663,27,145,1,254,4
2020-04-25,Albania,15,0,678,27,139,1,262,4
2020-04-26,Albania,34,0,712,27,164,1,279,4
2020-04-27,Albania,14,1,726,28,164,2,280,5
2020-04-28,Albania,10,0,736,28,152,2,269,5
2020-04-29,Albania,14,2,750,30,141,4,275,6
2020-04-30,Albania,16,1,766,31,132,4,272,6
2020-05-01,Albania,7,0,773,31,110,4,255,5
2020-05-02,Albania,9,0,782,31,104,4,243,5
2020-05-03,Albania,7,0,789,31,77,4,241,5
2020-05-04,Albania,6,0,795,31,69,3,233,5
2020-05-05,Albania,8,0,803,31,67,3,219,5
2020-05-06,Albania,17,0,820,31,70,1,211,5
2020-05-07,Albania,12,0,832,31,66,0,198,4
2020-05-08,Albania,10,0,842,31,69,0,179,4
2020-05-09,Albania,8,0,850,31,68,0,172,4
2020-05-10,Albania,6,0,856,31,67,0,144,4
2020-05-11,Albania,12,0,868,31,73,0,142,3
2020-05-12,Albania,4,0,872,31,69,0,136,3
2020-05-13,Albania,4,0,876,31,56,0,126,1
2020-05-14,Albania,4,0,880,31,48,0,114,0
2020-05-15,Albania,18,0,898,31,56,0,125,0
2020-05-16,Albania,18,0,916,31,66,0,134,0
2020-05-17,Albania,17,0,933,31,77,0,144,0
2020-05-18,Albania,13,0,946,31,78,0,151,0
2020-05-19,Albania,2,0,948,31,76,0,145,0
2020-05-20,Albania,1,0,949,31,73,0,129,0
2020-05-21,Albania,15,0,964,31,84,0,132,0
2020-05-22,Albania,5,0,969,31,71,0,127,0
2020-05-23,Albania,12,0,981,31,65,0,131,0
2020-05-24,Albania,8,0,989,31,56,0,133,0
2020-05-25,Albania,9,1,998,32,52,1,130,1
2020-05-26,Albania,6,0,1004,32,56,1,132,1
2020-05-27,Albania,25,1,1029,33,80,2,153,2
2020-05-28,Albania,21,0,1050,33,86,2,170,2
2020-05-29,Albania,26,0,1076,33,107,2,178,2
2020-05-30,Albania,23,0,1099,33,118,2,183,2
2020-05-31,Albania,23,0,1122,33,133,2,189,2
2020-06-01,Albania,15,0,1137,33,139,1,191,2
2020-06-02,Albania,6,0,1143,33,139,1,195,2
2020-06-03,Albania,21,0,1164,33,135,0,215,2
2020-06-04,Albania,20,0,1184,33,134,0,220,2
2020-06-05,Albania,13,0,1197,33,121,0,228,2
2020-06-06,Albania,15,0,1212,33,113,0,231,2
2020-06-07,Albania,20,1,1232,34,110,1,243,3
2020-06-08,Albania,14,0,1246,34,109,1,248,2
2020-06-09,Albania,17,0,1263,34,120,1,259,2
2020-06-10,Albania,36,0,1299,34,135,1,270,1
2020-06-11,Albania,42,0,1341,34,157,1,291,1
2020-06-12,Albania,44,1,1385,35,188,2,309,2
2020-06-13,Albania,31,1,1416,36,204,3,317,3
2020-06-14,Albania,48,0,1464,36,232,2,342,3
2020-06-15,Albania,57,0,1521,36,275,2,384,3
2020-06-16,Albania,69,0,1590,36,327,2,447,3
2020-06-17,Albania,82,1,1672,37,373,3,508,4
2020-06-18,Albania,50,1,1722,38,381,4,538,5
2020-06-19,Albania,66,1,1788,39,403,4,591,6
2020-06-20,Albania,50,3,1838,42,422,6,626,9
2020-06-21,Albania,53,1,1891,43,427,7,659,9
2020-06-22,Albania,36,1,1927,44,406,8,681,10
2020-06-23,Albania,68,0,1995,44,405,8,732,10
2020-06-24,Albania,52,1,2047,45,375,8,748,11
2020-06-25,Albania,67,2,2114,47,392,9,773,13
2020-06-26,Albania,78,2,2192,49,404,10,807,14
2020-06-27,Albania,77,2,2269,51,431,9,853,15
2020-06-28,Albania,61,2,2330,53,439,10,866,17
2020-06-29,Albania,72,2,2402,55,475,11,881,19
2020-06-30,Albania,64,3,2466,58,471,14,876,22
2020-07-01,Albania,69,4,2535,62,488,17,863,25
2020-07-02,Albania,45,3,2580,65,466,18,858,27
2020-07-03,Albania,82,4,2662,69,470,20,874,30
2020-07-04,Albania,90,3,2752,72,483,21,914,30
2020-07-05,Albania,67,2,2819,74,489,21,928,31
2020-07-06,Albania,74,2,2893,76,491,21,966,32
2020-07-07,Albania,71,3,2964,79,498,21,969,35
2020-07-08,Albania,74,2,3038,81,503,19,991,36
2020-07-09,Albania,68,2,3106,83,526,18,992,36
2020-07-10,Albania,82,0,3188,83,526,14,996,34
2020-07-11,Albania,90,2,3278,85,526,13,1009,34
2020-07-12,Albania,93,4,3371,89,552,15,1041,36
2020-07-13,Albania,83,4,3454,93,561,17,1052,38
2020-07-14,Albania,117,2,3571,95,607,16,1105,37
2020-07-15,Albania,96,2,3667,97,629,16,1132,35
2020-07-16,Albania,85,4,3752,101,646,18,1172,36
2020-07-17,Albania,99,3,3851,104,663,21,1189,35
2020-07-18,Albania,55,3,3906,107,628,22,1154,35
2020-07-19,Albania,102,4,4008,111,637,22,1189,37
2020-07-20,Albania,82,1,4090,112,636,19,1197,36
2020-07-21,Albania,81,1,4171,113,600,18,1207,34
2020-07-22,Albania,119,4,4290,117,623,20,1252,36
2020-07-23,Albania,68,3,4358,120,606,19,1252,37
2020-07-24,Albania,108,3,4466,123,615,19,1278,40
2020-07-25,Albania,104,5,4570,128,664,21,1292,43
2020-07-26,Albania,67,6,4637,134,629,23,1266,45
2020-07-27,Albania,126,4,4763,138,673,26,1309,45
2020-07-28,Albania,117,6,4880,144,709,31,1309,49
2020-07-29,Albania,117,4,4997,148,707,31,1330,51
2020-07-30,Albania,108,2,5105,150,747,30,1353,49
2020-07-31,Albania,92,4,5197,154,731,31,1346,50
2020-08-01,Albania,79,3,5276,157,706,29,1370,50
2020-08-02,Albania,120,4,5396,161,759,27,1388,50
2020-08-03,Albania,123,5,5519,166,756,28,1429,54
2020-08-04,Albania,101,6,5620,172,740,28,1449,59
2020-08-05,Albania,130,4,5750,176,753,28,1460,59
2020-08-06,Albania,139,6,5889,182,784,32,1531,62
2020-08-07,Albania,127,6,6016,188,819,34,1550,65
2020-08-08,Albania,135,1,6151,189,875,32,1581,61
2020-08-09,Albania,124,4,6275,193,879,32,1638,59
2020-08-10,Albania,136,6,6411,199,892,33,1648,61
2020-08-11,Albania,125,1,6536,200,916,28,1656,56
2020-08-12,Albania,140,5,6676,205,926,29,1679,57
2020-08-13,Albania,141,3,6817,208,928,26,1712,58
2020-08-14,Albania,154,5,6971,213,955,25,1774,59
2020-08-15,Albania,146,6,7117,219,966,30,1841,62
2020-08-16,Albania,143,6,7260,225,985,32,1864,64
2020-08-17,Albania,120,3,7380,228,969,29,1861,62
2020-08-18,Albania,119,2,7499,230,963,30,1879,58
2020-08-19,Albania,155,2,7654,232,978,27,1904,56
2020-08-20,Albania,158,2,7812,234,995,26,1923,52
2020-08-21,Albania,155,4,7967,238,996,25,1951,50
2020-08-22,Albania,152,2,8119,240,1002,21,1968,51
2020-08-23,Albania,156,5,8275,245,1015,20,2000,52
2020-08-24,Albania,152,5,8427,250,1047,22,2016,51
2020-08-25,Albania,178,4,8605,254,1106,24,2069,54
2020-08-26,Albania,154,5,8759,259,1105,27,2083,54
2020-08-27,Albania,168,4,8927,263,1115,29,2110,55
2020-08-28,Albania,156,3,9083,266,1116,28,2112,53
2020-08-29,Albania,112,5,9195,271,1076,31,2078,52
2020-08-30,Albania,84,4,9279,275,1004,30,2019,50
2020-08-31,Albania,101,5,9380,280,953,30,2000,52
2020-04-01,Algeria,132,9,716,44,452,25,656,39
2020-04-02,Algeria,131,14,847,58,545,37,775,52
2020-04-03,Algeria,139,5,986,63,619,38,896,56
2020-04-04,Algeria,185,42,1171,105,762,79,1069,95
2020-04-05,Algeria,80,25,1251,130,797,101,1112,115
2020-04-06,Algeria,69,22,1320,152,809,121,1119,135
2020-04-07,Algeria,103,21,1423,173,839,138,1193,156
2020-04-08,Algeria,45,20,1468,193,752,149,1204,174
2020-04-09,Algeria,104,12,1572,205,725,147,1270,184
2020-04-10,Algeria,94,30,1666,235,680,172,1299,210
2020-04-11,Algeria,95,21,1761,256,590,151,1352,230
2020-04-12,Algeria,64,19,1825,275,574,145,1371,246
2020-04-13,Algeria,89,18,1914,293,594,141,1403,262
2020-04-14,Algeria,69,20,1983,313,560,140,1399,278
2020-04-15,Algeria,87,12,2070,325,602,132,1354,281
2020-04-16,Algeria,90,11,2160,336,588,131,1313,278
2020-04-17,Algeria,108,12,2268,348,602,113,1282,285
2020-04-18,Algeria,150,16,2418,364,657,108,1247,259
2020-04-19,Algeria,117,3,2535,367,710,92,1284,237
2020-04-20,Algeria,94,8,2629,375,715,82,1309,223
2020-04-21,Algeria,89,9,2718,384,735,71,1295,211
2020-04-22,Algeria,93,8,2811,392,741,67,1343,199
2020-04-23,Algeria,99,10,2910,402,750,66,1338,197
2020-04-24,Algeria,97,5,3007,407,739,59,1341,172
2020-04-25,Algeria,120,8,3127,415,709,51,1366,159
2020-04-26,Algeria,129,4,3256,419,721,52,1431,144
2020-04-27,Algeria,126,6,3382,425,753,50,1468,132
2020-04-28,Algeria,135,7,3517,432,799,48,1534,119
2020-04-29,Algeria,132,5,3649,437,838,45,1579,112
2020-04-30,Algeria,199,7,3848,444,938,42,1688,108
2020-05-01,Algeria,158,6,4006,450,999,43,1738,102
2020-05-02,Algeria,148,3,4154,453,1027,38,1736,89
2020-05-03,Algeria,141,6,4295,459,1039,40,1760,92
2020-05-04,Algeria,179,4,4474,463,1092,38,1845,88
2020-05-05,Algeria,174,2,4648,465,1131,33,1930,81
2020-05-06,Algeria,190,5,4838,470,1189,33,2027,78
2020-05-07,Algeria,159,6,4997,476,1149,32,2087,74
2020-05-08,Algeria,185,7,5182,483,1176,33,2175,76
2020-05-09,Algeria,187,5,5369,488,1215,35,2242,73
2020-05-10,Algeria,189,6,5558,494,1263,35,2302,75
2020-05-11,Algeria,165,8,5723,502,1249,39,2341,77
2020-05-12,Algeria,168,5,5891,507,1243,42,2374,75
2020-05-13,Algeria,176,8,6067,515,1229,45,2418,78
2020-05-14,Algeria,186,7,6253,522,1256,46,2405,78
2020-05-15,Algeria,189,7,6442,529,1260,46,2436,79
2020-05-16,Algeria,187,7,6629,536,1260,48,2475,83
2020-05-17,Algeria,192,6,6821,542,1263,48,2526,83
2020-05-18,Algeria,198,6,7019,548,1296,46,2545,85
2020-05-19,Algeria,182,7,7201,555,1310,48,2553,90
2020-05-20,Algeria,176,6,7377,561,1310,46,2539,91
2020-05-21,Algeria,165,7,7542,568,1289,46,2545,92
2020-05-22,Algeria,186,7,7728,575,1286,46,2546,92
2020-05-23,Algeria,190,7,7918,582,1289,46,2549,94
2020-05-24,Algeria,195,10,8113,592,1292,50,2555,98
2020-05-25,Algeria,193,8,8306,600,1287,52,2583,98
2020-05-26,Algeria,197,9,8503,609,1302,54,2612,102
2020-05-27,Algeria,194,8,8697,617,1320,56,2630,102
2020-05-28,Algeria,160,6,8857,623,1315,55,2604,101
2020-05-29,Algeria,140,7,8997,630,1269,55,2555,101
2020-05-30,Algeria,137,8,9134,638,1216,56,2505,102
2020-05-31,Algeria,133,8,9267,646,1154,54,2446,104
2020-06-01,Algeria,127,7,9394,653,1088,53,2375,105
2020-06-02,Algeria,119,8,9513,661,1010,52,2312,106
2020-06-03,Algeria,113,6,9626,667,929,50,2249,106
2020-06-04,Algeria,0,0,9626,667,769,44,2084,99
2020-06-05,Algeria,205,14,9831,681,834,51,2103,106
2020-06-06,Algeria,104,9,9935,690,801,52,2017,108
2020-06-07,Algeria,115,8,10050,698,783,52,1937,106
2020-06-08,Algeria,104,9,10154,707,760,54,1848,107
2020-06-09,Algeria,111,8,10265,715,752,54,1762,106
2020-06-10,Algeria,117,9,10382,724,756,57,1685,107
2020-06-11,Algeria,102,8,10484,732,858,65,1627,109
2020-06-12,Algeria,105,9,10589,741,758,60,1592,111
2020-06-13,Algeria,109,10,10698,751,763,61,1564,113
2020-06-14,Algeria,112,9,10810,760,760,62,1543,114
2020-06-15,Algeria,109,7,10919,767,765,60,1525,114
2020-06-16,Algeria,112,10,11031,777,766,62,1518,116
2020-06-17,Algeria,116,11,11147,788,765,64,1521,121
2020-06-18,Algeria,121,11,11268,799,784,67,1642,132
2020-06-19,Algeria,117,12,11385,811,796,70,1554,130
2020-06-20,Algeria,119,14,11504,825,806,74,1569,135
2020-06-21,Algeria,127,12,11631,837,821,77,1581,139
2020-06-22,Algeria,140,8,11771,845,852,78,1617,138
2020-06-23,Algeria,149,7,11920,852,889,75,1655,137
2020-06-24,Algeria,156,9,12076,861,929,73,1694,137
2020-06-25,Algeria,172,8,12248,869,980,70,1764,137
2020-06-26,Algeria,197,9,12445,878,1060,67,1856,137
2020-06-27,Algeria,240,7,12685,885,1181,60,1987,134
2020-06-28,Algeria,283,7,12968,892,1337,55,2158,132
2020-06-29,Algeria,305,5,13273,897,1502,52,2354,130
2020-06-30,Algeria,298,8,13571,905,1651,53,2540,128
2020-07-01,Algeria,336,7,13907,912,1831,51,2760,124
2020-07-02,Algeria,365,8,14272,920,2024,51,3004,121
2020-07-03,Algeria,385,8,14657,928,2212,50,3272,117
2020-07-04,Algeria,413,9,15070,937,2385,52,3566,112
2020-07-05,Algeria,430,9,15500,946,2532,54,3869,109
2020-07-06,Algeria,441,6,15941,952,2668,55,4170,107
2020-07-07,Algeria,463,7,16404,959,2833,54,4484,107
2020-07-08,Algeria,475,9,16879,968,2972,56,4803,107
2020-07-09,Algeria,469,10,17348,978,3076,58,5100,109
2020-07-10,Algeria,460,10,17808,988,3151,60,5363,110
2020-07-11,Algeria,434,8,18242,996,3172,59,5557,111
2020-07-12,Algeria,470,8,18712,1004,3212,58,5744,112
2020-07-13,Algeria,483,7,19195,1011,3254,59,5922,114
2020-07-14,Algeria,494,7,19689,1018,3285,59,6118,113
2020-07-15,Algeria,527,10,20216,1028,3337,60,6309,116
2020-07-16,Algeria,554,12,20770,1040,3422,62,6498,120
2020-07-17,Algeria,585,12,21355,1052,3547,64,6698,124
2020-07-18,Algeria,593,5,21948,1057,3706,61,6878,120
2020-07-19,Algeria,601,11,22549,1068,3837,64,7049,122
2020-07-20,Algeria,535,10,23084,1078,3889,67,7143,126
2020-07-21,Algeria,607,9,23691,1087,4002,69,7287,128
2020-07-22,Algeria,587,13,24278,1100,4062,72,7399,132
2020-07-23,Algeria,594,11,24872,1111,4102,71,7524,133
2020-07-24,Algeria,612,13,25484,1124,4129,72,7676,136
2020-07-25,Algeria,675,12,26159,1136,4211,79,7917,140
2020-07-26,Algeria,605,10,26764,1146,4215,78,8052,142
2020-07-27,Algeria,593,9,27357,1155,4273,77,8162,144
2020-07-28,Algeria,616,8,27973,1163,4282,76,8284,145
2020-07-29,Algeria,642,11,28615,1174,4337,74,8399,146
2020-07-30,Algeria,614,12,29229,1186,4357,75,8459,146
2020-07-31,Algeria,602,14,29831,1200,4347,76,8476,148
2020-08-01,Algeria,563,10,30394,1210,4235,74,8446,153
2020-08-02,Algeria,556,13,30950,1223,4186,77,8401,155
2020-08-03,Algeria,515,8,31465,1231,4108,76,8381,153
2020-08-04,Algeria,507,8,31972,1239,3999,76,8281,152
2020-08-05,Algeria,532,9,32504,1248,3889,74,8226,148
2020-08-06,Algeria,551,13,33055,1261,3826,75,8183,150
2020-08-07,Algeria,571,12,33626,1273,3795,73,8142,149
2020-08-08,Algeria,529,9,34155,1282,3761,72,7996,146
2020-08-09,Algeria,538,11,34693,1293,3743,70,7929,147
2020-08-10,Algeria,521,9,35214,1302,3749,71,7857,147
2020-08-11,Algeria,498,10,35712,1312,3740,73,7739,149
2020-08-12,Algeria,492,10,36204,1322,3700,74,7589,148
2020-08-13,Algeria,495,11,36699,1333,3644,72,7470,147
2020-08-14,Algeria,488,8,37187,1341,3561,68,7356,141
2020-08-15,Algeria,477,10,37664,1351,3509,69,7270,141
2020-08-16,Algeria,469,9,38133,1360,3440,67,7183,137
2020-08-17,Algeria,450,10,38583,1370,3369,68,7118,139
2020-08-18,Algeria,442,9,39025,1379,3313,67,7053,140
2020-08-19,Algeria,419,12,39444,1391,3240,69,6940,143
2020-08-20,Algeria,403,11,39847,1402,3148,69,6792,141
2020-08-21,Algeria,411,9,40258,1411,3071,70,6632,138
2020-08-22,Algeria,409,7,40667,1418,3003,67,6512,136
2020-08-23,Algeria,401,6,41068,1424,2935,64,6375,131
2020-08-24,Algeria,392,11,41460,1435,2877,65,6246,133
2020-08-25,Algeria,398,11,41858,1446,2833,67,6146,134
2020-08-26,Algeria,370,10,42228,1456,2784,65,6024,134
2020-08-27,Algeria,391,9,42619,1465,2772,63,5920,132
2020-08-28,Algeria,397,10,43016,1475,2758,64,5829,134
2020-08-29,Algeria,387,8,43403,1483,2736,65,5739,132
2020-08-30,Algeria,379,8,43782,1491,2714,67,5649,131
2020-08-31,Algeria,364,10,44146,1501,2686,66,5563,131
2020-04-01,Andorra,6,4,376,12,212,12,362,12
2020-04-02,Andorra,14,2,390,14,202,14,337,14
2020-04-03,Andorra,38,1,428,15,204,12,353,15
2020-04-04,Andorra,11,1,439,16,172,13,364,16
2020-04-05,Andorra,27,1,466,17,158,13,378,17
2020-04-06,Andorra,35,1,501,18,167,12,388,18
2020-04-07,Andorra,25,3,526,21,156,13,393,21
2020-04-08,Andorra,19,1,545,22,169,10,381,22
2020-04-09,Andorra,19,1,564,23,174,9,376,23
2020-04-10,Andorra,19,2,583,25,155,10,359,22
2020-04-11,Andorra,18,1,601,26,162,10,334,23
2020-04-12,Andorra,21,2,622,28,156,11,314,24
2020-04-13,Andorra,16,1,638,29,137,11,304,23
2020-04-14,Andorra,8,0,646,29,120,8,276,21
2020-04-15,Andorra,13,2,659,31,114,9,283,19
2020-04-16,Andorra,14,2,673,33,109,10,283,19
2020-04-17,Andorra,9,0,682,33,99,8,254,18
2020-04-18,Andorra,14,2,696,35,95,9,257,19
2020-04-19,Andorra,8,0,704,35,82,7,238,18
2020-04-20,Andorra,9,1,713,36,75,7,212,18
2020-04-21,Andorra,4,0,717,36,71,7,191,15
2020-04-22,Andorra,0,1,717,37,58,6,172,15
2020-04-23,Andorra,6,0,723,37,50,4,159,14
2020-04-24,Andorra,1,0,724,37,42,4,141,12
2020-04-25,Andorra,7,3,731,40,35,5,130,14
2020-04-26,Andorra,2,0,733,40,29,5,111,12
2020-04-27,Andorra,7,0,740,40,27,4,102,11
2020-04-28,Andorra,3,0,743,40,26,4,97,11
2020-04-29,Andorra,0,1,743,41,26,4,84,10
2020-04-30,Andorra,0,1,743,42,20,5,70,9
2020-05-01,Andorra,2,0,745,42,21,5,63,9
2020-05-02,Andorra,1,1,746,43,15,3,50,8
2020-05-03,Andorra,1,1,747,44,14,4,43,9
2020-05-04,Andorra,1,1,748,45,8,5,35,9
2020-05-05,Andorra,2,0,750,45,7,5,33,9
2020-05-06,Andorra,1,1,751,46,8,5,34,9
2020-05-07,Andorra,0,0,751,46,8,4,28,9
2020-05-08,Andorra,1,1,752,47,7,5,28,10
2020-05-09,Andorra,0,0,752,47,6,4,21,7
2020-05-10,Andorra,2,1,754,48,7,4,21,8
2020-05-11,Andorra,1,0,755,48,7,3,15,8
2020-05-12,Andorra,1,0,756,48,6,3,13,8
2020-05-13,Andorra,2,0,758,48,7,2,15,7
2020-05-14,Andorra,2,1,760,49,9,3,17,7
2020-05-15,Andorra,1,0,761,49,9,2,16,7
2020-05-16,Andorra,0,0,761,49,9,2,15,6
2020-05-17,Andorra,0,2,761,51,7,3,14,7
2020-05-18,Andorra,0,0,761,51,6,3,13,6
2020-05-19,Andorra,0,0,761,51,5,3,11,6
2020-05-20,Andorra,0,0,761,51,3,3,10,5
2020-05-21,Andorra,1,0,762,51,2,2,11,5
2020-05-22,Andorra,0,0,762,51,1,2,10,4
2020-05-23,Andorra,0,0,762,51,1,2,10,4
2020-05-24,Andorra,0,0,762,51,1,0,8,3
2020-05-25,Andorra,1,0,763,51,2,0,8,3
2020-05-26,Andorra,0,0,763,51,2,0,7,3
2020-05-27,Andorra,0,0,763,51,2,0,5,3
2020-05-28,Andorra,0,0,763,51,1,0,3,2
2020-05-29,Andorra,0,0,763,51,1,0,2,2
2020-05-30,Andorra,1,0,764,51,2,0,3,2
2020-05-31,Andorra,0,0,764,51,2,0,3,0
2020-06-01,Andorra,0,0,764,51,1,0,3,0
2020-06-02,Andorra,1,0,765,51,2,0,4,0
2020-06-03,Andorra,79,0,844,51,81,0,83,0
2020-06-04,Andorra,7,0,851,51,88,0,89,0
2020-06-05,Andorra,1,0,852,51,89,0,90,0
2020-06-06,Andorra,0,0,852,51,88,0,90,0
2020-06-07,Andorra,0,0,852,51,88,0,90,0
2020-06-08,Andorra,0,0,852,51,88,0,89,0
2020-06-09,Andorra,0,0,852,51,87,0,89,0
2020-06-10,Andorra,0,0,852,51,8,0,89,0
2020-06-11,Andorra,0,0,852,51,1,0,89,0
2020-06-12,Andorra,0,0,852,51,0,0,89,0
2020-06-13,Andorra,1,0,853,51,1,0,89,0
2020-06-14,Andorra,0,0,853,51,1,0,89,0
2020-06-15,Andorra,0,0,853,51,1,0,89,0
2020-06-16,Andorra,0,0,853,51,1,0,88,0
2020-06-17,Andorra,1,1,854,52,2,1,10,1
2020-06-18,Andorra,0,0,854,52,2,1,3,1
2020-06-19,Andorra,1,0,855,52,3,1,3,1
2020-06-20,Andorra,0,0,855,52,2,1,3,1
2020-06-21,Andorra,0,0,855,52,2,1,3,1
2020-06-22,Andorra,0,0,855,52,2,1,3,1
2020-06-23,Andorra,0,0,855,52,2,1,3,1
2020-06-24,Andorra,0,0,855,52,1,0,3,1
2020-06-25,Andorra,0,0,855,52,1,0,3,1
2020-06-26,Andorra,0,0,855,52,0,0,3,1
2020-06-27,Andorra,0,0,855,52,0,0,2,1
2020-06-28,Andorra,0,0,855,52,0,0,2,1
2020-06-29,Andorra,0,0,855,52,0,0,2,1
2020-06-30,Andorra,0,0,855,52,0,0,2,1
2020-07-01,Andorra,0,0,855,52,0,0,1,0
2020-07-02,Andorra,0,0,855,52,0,0,1,0
2020-07-03,Andorra,0,0,855,52,0,0,0,0
2020-07-04,Andorra,0,0,855,52,0,0,0,0
2020-07-05,Andorra,0,0,855,52,0,0,0,0
2020-07-06,Andorra,0,0,855,52,0,0,0,0
2020-07-07,Andorra,0,0,855,52,0,0,0,0
2020-07-08,Andorra,0,0,855,52,0,0,0,0
2020-07-09,Andorra,0,0,855,52,0,0,0,0
2020-07-10,Andorra,0,0,855,52,0,0,0,0
2020-07-11,Andorra,0,0,855,52,0,0,0,0
2020-07-12,Andorra,0,0,855,52,0,0,0,0
2020-07-13,Andorra,0,0,855,52,0,0,0,0
2020-07-14,Andorra,3,0,858,52,3,0,3,0
2020-07-15,Andorra,3,0,861,52,6,0,6,0
2020-07-16,Andorra,1,0,862,52,7,0,7,0
2020-07-17,Andorra,15,0,877,52,22,0,22,0
2020-07-18,Andorra,3,0,880,52,25,0,25,0
2020-07-19,Andorra,0,0,880,52,25,0,25,0
2020-07-20,Andorra,0,0,880,52,25,0,25,0
2020-07-21,Andorra,4,0,884,52,26,0,29,0
2020-07-22,Andorra,0,0,884,52,23,0,29,0
2020-07-23,Andorra,5,0,889,52,27,0,34,0
2020-07-24,Andorra,0,0,889,52,12,0,34,0
2020-07-25,Andorra,0,0,889,52,9,0,34,0
2020-07-26,Andorra,8,0,897,52,17,0,42,0
2020-07-27,Andorra,0,0,897,52,17,0,42,0
2020-07-28,Andorra,10,0,907,52,23,0,49,0
2020-07-29,Andorra,0,0,907,52,23,0,46,0
2020-07-30,Andorra,11,0,918,52,29,0,56,0
2020-07-31,Andorra,4,0,922,52,33,0,45,0
2020-08-01,Andorra,3,0,925,52,36,0,45,0
2020-08-02,Andorra,0,0,925,52,28,0,45,0
2020-08-03,Andorra,0,0,925,52,28,0,45,0
2020-08-04,Andorra,12,0,937,52,30,0,53,0
2020-08-05,Andorra,2,0,939,52,32,0,55,0
2020-08-06,Andorra,0,0,939,52,21,0,50,0
2020-08-07,Andorra,5,0,944,52,22,0,55,0
2020-08-08,Andorra,11,0,955,52,30,0,66,0
2020-08-09,Andorra,1,0,956,52,31,0,59,0
2020-08-10,Andorra,0,0,956,52,31,0,59,0
2020-08-11,Andorra,7,0,963,52,26,0,56,0
2020-08-12,Andorra,0,0,963,52,24,0,56,0
2020-08-13,Andorra,14,1,977,53,38,1,59,1
2020-08-14,Andorra,4,0,981,53,37,1,59,1
2020-08-15,Andorra,8,0,989,53,34,1,64,1
2020-08-16,Andorra,0,0,989,53,33,1,64,1
2020-08-17,Andorra,0,0,989,53,33,1,64,1
2020-08-18,Andorra,16,0,1005,53,42,1,68,1
2020-08-19,Andorra,0,0,1005,53,42,1,66,1
2020-08-20,Andorra,19,0,1024,53,47,0,85,1
2020-08-21,Andorra,0,0,1024,53,43,0,80,1
2020-08-22,Andorra,21,0,1045,53,56,0,90,1
2020-08-23,Andorra,0,0,1045,53,56,0,89,1
2020-08-24,Andorra,0,0,1045,53,56,0,89,1
2020-08-25,Andorra,15,0,1060,53,55,0,97,1
2020-08-26,Andorra,0,0,1060,53,55,0,97,1
2020-08-27,Andorra,38,0,1098,53,74,0,121,0
2020-08-28,Andorra,0,0,1098,53,74,0,117,0
2020-08-29,Andorra,26,0,1124,53,79,0,135,0
2020-08-30,Andorra,0,0,1124,53,79,0,135,0
2020-08-31,Andorra,0,0,1124,53,79,0,135,0
2020-04-01,Angola,0,0,7,2,5,2,0,0
2020-04-02,Angola,1,0,8,2,6,2,0,0
2020-04-03,Angola,0,0,8,2,5,2,0,0
2020-04-04,Angola,0,0,8,2,4,2,8,2
2020-04-05,Angola,2,0,10,2,6,2,8,2
2020-04-06,Angola,4,0,14,2,7,0,12,2
2020-04-07,Angola,2,0,16,2,9,0,14,2
2020-04-08,Angola,1,0,17,2,10,0,15,2
2020-04-09,Angola,2,0,19,2,11,0,17,2
2020-04-10,Angola,0,0,19,2,11,0,16,2
2020-04-11,Angola,0,0,19,2,11,0,15,2
2020-04-12,Angola,0,0,19,2,9,0,15,2
2020-04-13,Angola,0,0,19,2,5,0,12,0
2020-04-14,Angola,0,0,19,2,3,0,12,0
2020-04-15,Angola,0,0,19,2,2,0,12,0
2020-04-16,Angola,0,0,19,2,0,0,11,0
2020-04-17,Angola,0,0,19,2,0,0,11,0
2020-04-18,Angola,0,0,19,2,0,0,11,0
2020-04-19,Angola,5,0,24,2,5,0,14,0
2020-04-20,Angola,0,0,24,2,5,0,10,0
2020-04-21,Angola,0,0,24,2,5,0,8,0
2020-04-22,Angola,0,0,24,2,5,0,7,0
2020-04-23,Angola,0,0,24,2,5,0,5,0
2020-04-24,Angola,1,0,25,2,6,0,6,0
2020-04-25,Angola,0,0,25,2,6,0,6,0
2020-04-26,Angola,0,0,25,2,1,0,6,0
2020-04-27,Angola,1,0,26,2,2,0,7,0
2020-04-28,Angola,1,0,27,2,3,0,8,0
2020-04-29,Angola,0,0,27,2,3,0,8,0
2020-04-30,Angola,0,0,27,2,3,0,8,0
2020-05-01,Angola,0,0,27,2,2,0,8,0
2020-05-02,Angola,2,0,29,2,4,0,10,0
2020-05-03,Angola,6,0,35,2,10,0,11,0
2020-05-04,Angola,0,0,35,2,9,0,11,0
2020-05-05,Angola,0,0,35,2,8,0,11,0
2020-05-06,Angola,1,0,36,2,9,0,12,0
2020-05-07,Angola,0,0,36,2,9,0,12,0
2020-05-08,Angola,0,0,36,2,9,0,11,0
2020-05-09,Angola,7,0,43,2,14,0,18,0
2020-05-10,Angola,0,0,43,2,8,0,18,0
2020-05-11,Angola,2,0,45,2,10,0,19,0
2020-05-12,Angola,0,0,45,2,10,0,18,0
2020-05-13,Angola,0,0,45,2,9,0,18,0
2020-05-14,Angola,0,0,45,2,9,0,18,0
2020-05-15,Angola,3,0,48,2,12,0,21,0
2020-05-16,Angola,0,0,48,2,5,0,19,0
2020-05-17,Angola,0,0,48,2,5,0,13,0
2020-05-18,Angola,0,0,48,2,3,0,13,0
2020-05-19,Angola,0,0,48,2,3,0,13,0
2020-05-20,Angola,2,0,50,2,5,0,14,0
2020-05-21,Angola,2,1,52,3,7,1,16,1
2020-05-22,Angola,6,0,58,3,10,1,22,1
2020-05-23,Angola,2,0,60,3,12,1,17,1
2020-05-24,Angola,0,0,60,3,12,1,17,1
2020-05-25,Angola,9,1,69,4,21,2,24,2
2020-05-26,Angola,0,0,69,4,21,2,24,2
2020-05-27,Angola,2,0,71,4,21,2,26,2
2020-05-28,Angola,0,0,71,4,19,1,26,2
2020-05-29,Angola,2,0,73,4,15,1,25,2
2020-05-30,Angola,4,0,77,4,17,1,29,2
2020-05-31,Angola,7,0,84,4,24,1,36,2
2020-06-01,Angola,2,0,86,4,17,0,38,2
2020-06-02,Angola,0,0,86,4,17,0,38,2
2020-06-03,Angola,0,0,86,4,15,0,36,2
2020-06-04,Angola,0,0,86,4,15,0,34,1
2020-06-05,Angola,0,0,86,4,13,0,28,1
2020-06-06,Angola,0,0,86,4,9,0,26,1
2020-06-07,Angola,0,0,86,4,2,0,26,1
2020-06-08,Angola,5,0,91,4,5,0,22,0
2020-06-09,Angola,1,0,92,4,6,0,23,0
2020-06-10,Angola,4,0,96,4,10,0,25,0
2020-06-11,Angola,17,0,113,4,27,0,42,0
2020-06-12,Angola,5,1,118,5,32,1,45,1
2020-06-13,Angola,12,0,130,5,44,1,53,1
2020-06-14,Angola,8,1,138,6,52,2,54,2
2020-06-15,Angola,2,0,140,6,49,2,54,2
2020-06-16,Angola,2,0,142,6,50,2,56,2
2020-06-17,Angola,0,0,142,6,46,2,56,2
2020-06-18,Angola,13,1,155,7,42,3,69,3
2020-06-19,Angola,0,0,155,7,37,2,69,3
2020-06-20,Angola,11,1,166,8,36,3,80,4
2020-06-21,Angola,6,0,172,8,34,2,86,4
2020-06-22,Angola,4,1,176,9,36,3,85,5
2020-06-23,Angola,7,0,183,9,41,3,91,5
2020-06-24,Angola,3,1,186,10,44,4,90,6
2020-06-25,Angola,3,0,189,10,34,3,76,6
2020-06-26,Angola,8,0,197,10,42,3,79,5
2020-06-27,Angola,15,0,212,10,46,2,82,5
2020-06-28,Angola,32,0,244,10,72,2,106,4
2020-06-29,Angola,23,1,267,11,91,2,127,5
2020-06-30,Angola,9,0,276,11,93,2,134,5
2020-07-01,Angola,8,2,284,13,98,3,142,7
2020-07-02,Angola,7,2,291,15,102,5,136,8
2020-07-03,Angola,24,2,315,17,118,7,160,10
2020-07-04,Angola,13,1,328,18,116,8,162,10
2020-07-05,Angola,18,1,346,19,102,9,174,11
2020-07-06,Angola,0,0,346,19,79,8,170,10
2020-07-07,Angola,7,0,353,19,77,8,170,10
2020-07-08,Angola,0,0,353,19,69,6,167,9
2020-07-09,Angola,33,2,386,21,95,6,197,11
2020-07-10,Angola,10,1,396,22,81,5,199,12
2020-07-11,Angola,62,1,458,23,130,5,246,13
2020-07-12,Angola,25,2,483,25,137,6,239,15
2020-07-13,Angola,23,1,506,26,160,7,239,15
2020-07-14,Angola,0,0,506,26,153,7,230,15
2020-07-15,Angola,19,0,525,26,172,7,241,13
2020-07-16,Angola,51,1,576,27,190,6,285,12
2020-07-17,Angola,31,1,607,28,211,6,292,11
2020-07-18,Angola,31,1,638,29,180,6,310,11
2020-07-19,Angola,49,0,687,29,204,4,341,10
2020-07-20,Angola,18,0,705,29,199,3,359,10
2020-07-21,Angola,44,0,749,29,243,3,396,10
2020-07-22,Angola,0,0,749,29,224,3,396,10
2020-07-23,Angola,30,1,779,30,203,3,393,9
2020-07-24,Angola,33,3,812,33,205,5,416,11
2020-07-25,Angola,39,0,851,33,213,4,393,10
2020-07-26,Angola,29,2,880,35,193,6,397,10
2020-07-27,Angola,50,5,930,40,225,11,424,14
2020-07-28,Angola,2,0,932,40,183,11,426,14
2020-07-29,Angola,18,1,950,41,201,12,425,15
2020-07-30,Angola,50,6,1000,47,221,17,424,20
2020-07-31,Angola,78,1,1078,48,266,15,471,20
2020-08-01,Angola,31,3,1109,51,258,18,471,22
2020-08-02,Angola,5,1,1114,52,234,17,427,23
2020-08-03,Angola,34,0,1148,52,218,12,443,23
2020-08-04,Angola,16,2,1164,54,232,14,415,25
2020-08-05,Angola,0,0,1164,54,214,13,415,25
2020-08-06,Angola,180,5,1344,59,344,12,565,29
2020-08-07,Angola,51,3,1395,62,317,14,583,29
2020-08-08,Angola,88,2,1483,64,374,13,632,31
2020-08-09,Angola,0,0,1483,64,369,12,603,29
2020-08-10,Angola,89,6,1572,70,424,18,642,30
2020-08-11,Angola,100,5,1672,75,508,21,740,35
2020-08-12,Angola,7,3,1679,78,515,24,729,37
2020-08-13,Angola,56,2,1735,80,391,21,735,33
2020-08-14,Angola,27,0,1762,80,367,18,684,32
2020-08-15,Angola,53,3,1815,83,332,19,706,32
2020-08-16,Angola,37,3,1852,86,369,22,738,34
2020-08-17,Angola,27,0,1879,86,307,16,731,34
2020-08-18,Angola,27,2,1906,88,234,13,742,34
2020-08-19,Angola,60,2,1966,90,287,12,802,36
2020-08-20,Angola,0,0,1966,90,231,10,622,31
2020-08-21,Angola,49,2,2015,92,253,12,620,30
2020-08-22,Angola,29,1,2044,93,229,10,561,29
2020-08-23,Angola,24,1,2068,94,216,8,585,30
2020-08-24,Angola,103,2,2171,96,292,10,599,26
2020-08-25,Angola,51,4,2222,100,316,12,550,25
2020-08-26,Angola,61,2,2283,102,317,12,604,24
2020-08-27,Angola,49,1,2332,103,366,13,597,23
2020-08-28,Angola,83,2,2415,105,400,13,653,25
2020-08-29,Angola,56,1,2471,106,427,13,656,23
2020-08-30,Angola,80,1,2551,107,483,13,699,21
2020-08-31,Angola,73,0,2624,107,453,11,745,21
2020-04-01,Anguilla,0,0,2,0,0,0,0,0
2020-04-02,Anguilla,0,0,2,0,2,0,0,0
2020-04-03,Anguilla,1,0,3,0,1,0,0,0
2020-04-04,Anguilla,0,0,3,0,1,0,0,0
2020-04-05,Anguilla,0,0,3,0,1,0,0,0
2020-04-06,Anguilla,0,0,3,0,1,0,0,0
2020-04-07,Anguilla,0,0,3,0,1,0,0,0
2020-04-08,Anguilla,0,0,3,0,1,0,0,0
2020-04-09,Anguilla,0,0,3,0,1,0,3,0
2020-04-10,Anguilla,0,0,3,0,0,0,1,0
2020-04-11,Anguilla,0,0,3,0,0,0,1,0
2020-04-12,Anguilla,0,0,3,0,0,0,1,0
2020-04-13,Anguilla,0,0,3,0,0,0,1,0
2020-04-14,Anguilla,0,0,3,0,0,0,1,0
2020-04-15,Anguilla,0,0,3,0,0,0,1,0
2020-04-16,Anguilla,0,0,3,0,0,0,1,0
2020-04-17,Anguilla,0,0,3,0,0,0,0,0
2020-04-18,Anguilla,0,0,3,0,0,0,0,0
2020-04-19,Anguilla,0,0,3,0,0,0,0,0
2020-04-20,Anguilla,0,0,3,0,0,0,0,0
2020-04-21,Anguilla,0,0,3,0,0,0,0,0
2020-04-22,Anguilla,0,0,3,0,0,0,0,0
2020-04-23,Anguilla,0,0,3,0,0,0,0,0
2020-04-24,Anguilla,0,0,3,0,0,0,0,0
2020-04-25,Anguilla,0,0,3,0,0,0,0,0
2020-04-26,Anguilla,0,0,3,0,0,0,0,0
2020-04-27,Anguilla,0,0,3,0,0,0,0,0
2020-04-28,Anguilla,0,0,3,0,0,0,0,0
2020-04-29,Anguilla,0,0,3,0,0,0,0,0
2020-04-30,Anguilla,0,0,3,0,0,0,0,0
2020-05-01,Anguilla,0,0,3,0,0,0,0,0
2020-05-02,Anguilla,0,0,3,0,0,0,0,0
2020-05-03,Anguilla,0,0,3,0,0,0,0,0
2020-05-04,Anguilla,0,0,3,0,0,0,0,0
2020-05-05,Anguilla,0,0,3,0,0,0,0,0
2020-05-06,Anguilla,0,0,3,0,0,0,0,0
2020-05-07,Anguilla,0,0,3,0,0,0,0,0
2020-05-08,Anguilla,0,0,3,0,0,0,0,0
2020-05-09,Anguilla,0,0,3,0,0,0,0,0
2020-05-10,Anguilla,0,0,3,0,0,0,0,0
2020-05-11,Anguilla,0,0,3,0,0,0,0,0
2020-05-12,Anguilla,0,0,3,0,0,0,0,0
2020-05-13,Anguilla,0,0,3,0,0,0,0,0
2020-05-14,Anguilla,0,0,3,0,0,0,0,0
2020-05-15,Anguilla,0,0,3,0,0,0,0,0
2020-05-16,Anguilla,0,0,3,0,0,0,0,0
2020-05-17,Anguilla,0,0,3,0,0,0,0,0
2020-05-18,Anguilla,0,0,3,0,0,0,0,0
2020-05-19,Anguilla,0,0,3,0,0,0,0,0
2020-05-20,Anguilla,0,0,3,0,0,0,0,0
2020-05-21,Anguilla,0,0,3,0,0,0,0,0
2020-05-22,Anguilla,0,0,3,0,0,0,0,0
2020-05-23,Anguilla,0,0,3,0,0,0,0,0
2020-05-24,Anguilla,0,0,3,0,0,0,0,0
2020-05-25,Anguilla,0,0,3,0,0,0,0,0
2020-05-26,Anguilla,0,0,3,0,0,0,0,0
2020-05-27,Anguilla,0,0,3,0,0,0,0,0
2020-05-28,Anguilla,0,0,3,0,0,0,0,0
2020-05-29,Anguilla,0,0,3,0,0,0,0,0
2020-05-30,Anguilla,0,0,3,0,0,0,0,0
2020-05-31,Anguilla,0,0,3,0,0,0,0,0
2020-06-01,Anguilla,0,0,3,0,0,0,0,0
2020-06-02,Anguilla,0,0,3,0,0,0,0,0
2020-06-03,Anguilla,0,0,3,0,0,0,0,0
2020-06-04,Anguilla,0,0,3,0,0,0,0,0
2020-06-05,Anguilla,0,0,3,0,0,0,0,0
2020-06-06,Anguilla,0,0,3,0,0,0,0,0
2020-06-07,Anguilla,0,0,3,0,0,0,0,0
2020-06-08,Anguilla,0,0,3,0,0,0,0,0
2020-06-09,Anguilla,0,0,3,0,0,0,0,0
2020-06-10,Anguilla,0,0,3,0,0,0,0,0
2020-06-11,Anguilla,0,0,3,0,0,0,0,0
2020-06-12,Anguilla,0,0,3,0,0,0,0,0
2020-06-13,Anguilla,0,0,3,0,0,0,0,0
2020-06-14,Anguilla,0,0,3,0,0,0,0,0
2020-06-15,Anguilla,0,0,3,0,0,0,0,0
2020-06-16,Anguilla,0,0,3,0,0,0,0,0
2020-06-17,Anguilla,0,0,3,0,0,0,0,0
2020-06-18,Anguilla,0,0,3,0,0,0,0,0
2020-06-19,Anguilla,0,0,3,0,0,0,0,0
2020-06-20,Anguilla,0,0,3,0,0,0,0,0
2020-06-21,Anguilla,0,0,3,0,0,0,0,0
2020-06-22,Anguilla,0,0,3,0,0,0,0,0
2020-06-23,Anguilla,0,0,3,0,0,0,0,0
2020-06-24,Anguilla,0,0,3,0,0,0,0,0
2020-06-25,Anguilla,0,0,3,0,0,0,0,0
2020-06-26,Anguilla,0,0,3,0,0,0,0,0
2020-06-27,Anguilla,0,0,3,0,0,0,0,0
2020-06-28,Anguilla,0,0,3,0,0,0,0,0
2020-06-29,Anguilla,0,0,3,0,0,0,0,0
2020-06-30,Anguilla,0,0,3,0,0,0,0,0
2020-07-01,Anguilla,0,0,3,0,0,0,0,0
2020-07-02,Anguilla,0,0,3,0,0,0,0,0
2020-07-03,Anguilla,0,0,3,0,0,0,0,0
2020-07-04,Anguilla,0,0,3,0,0,0,0,0
2020-07-05,Anguilla,0,0,3,0,0,0,0,0
2020-07-06,Anguilla,0,0,3,0,0,0,0,0
2020-07-07,Anguilla,0,0,3,0,0,0,0,0
2020-07-08,Anguilla,0,0,3,0,0,0,0,0
2020-07-09,Anguilla,0,0,3,0,0,0,0,0
2020-07-10,Anguilla,0,0,3,0,0,0,0,0
2020-07-11,Anguilla,0,0,3,0,0,0,0,0
2020-07-12,Anguilla,0,0,3,0,0,0,0,0
2020-07-13,Anguilla,0,0,3,0,0,0,0,0
2020-07-14,Anguilla,0,0,3,0,0,0,0,0
2020-07-15,Anguilla,0,0,3,0,0,0,0,0
2020-07-16,Anguilla,0,0,3,0,0,0,0,0
2020-07-17,Anguilla,0,0,3,0,0,0,0,0
2020-07-18,Anguilla,0,0,3,0,0,0,0,0
2020-07-19,Anguilla,0,0,3,0,0,0,0,0
2020-07-20,Anguilla,0,0,3,0,0,0,0,0
2020-07-21,Anguilla,0,0,3,0,0,0,0,0
2020-07-22,Anguilla,0,0,3,0,0,0,0,0
2020-07-23,Anguilla,0,0,3,0,0,0,0,0
2020-07-24,Anguilla,0,0,3,0,0,0,0,0
2020-07-25,Anguilla,0,0,3,0,0,0,0,0
2020-07-26,Anguilla,0,0,3,0,0,0,0,0
2020-07-27,Anguilla,0,0,3,0,0,0,0,0
2020-07-28,Anguilla,0,0,3,0,0,0,0,0
2020-07-29,Anguilla,0,0,3,0,0,0,0,0
2020-07-30,Anguilla,0,0,3,0,0,0,0,0
2020-07-31,Anguilla,0,0,3,0,0,0,0,0
2020-08-01,Anguilla,0,0,3,0,0,0,0,0
2020-08-02,Anguilla,0,0,3,0,0,0,0,0
2020-08-03,Anguilla,0,0,3,0,0,0,0,0
2020-08-04,Anguilla,0,0,3,0,0,0,0,0
2020-08-05,Anguilla,0,0,3,0,0,0,0,0
2020-08-06,Anguilla,0,0,3,0,0,0,0,0
2020-08-07,Anguilla,0,0,3,0,0,0,0,0
2020-08-08,Anguilla,0,0,3,0,0,0,0,0
2020-08-09,Anguilla,0,0,3,0,0,0,0,0
2020-08-10,Anguilla,0,0,3,0,0,0,0,0
2020-08-11,Anguilla,0,0,3,0,0,0,0,0
2020-08-12,Anguilla,0,0,3,0,0,0,0,0
2020-08-13,Anguilla,0,0,3,0,0,0,0,0
2020-08-14,Anguilla,0,0,3,0,0,0,0,0
2020-08-15,Anguilla,0,0,3,0,0,0,0,0
2020-08-16,Anguilla,0,0,3,0,0,0,0,0
2020-08-17,Anguilla,0,0,3,0,0,0,0,0
2020-08-18,Anguilla,0,0,3,0,0,0,0,0
2020-08-19,Anguilla,0,0,3,0,0,0,0,0
2020-08-20,Anguilla,0,0,3,0,0,0,0,0
2020-08-21,Anguilla,0,0,3,0,0,0,0,0
2020-08-22,Anguilla,0,0,3,0,0,0,0,0
2020-08-23,Anguilla,0,0,3,0,0,0,0,0
2020-08-24,Anguilla,0,0,3,0,0,0,0,0
2020-08-25,Anguilla,0,0,3,0,0,0,0,0
2020-08-26,Anguilla,0,0,3,0,0,0,0,0
2020-08-27,Anguilla,0,0,3,0,0,0,0,0
2020-08-28,Anguilla,0,0,3,0,0,0,0,0
2020-08-29,Anguilla,0,0,3,0,0,0,0,0
2020-08-30,Anguilla,0,0,3,0,0,0,0,0
2020-08-31,Anguilla,0,0,3,0,0,0,0,0
2020-04-01,Antigua and Barbuda,0,0,7,0,4,0,6,0
2020-04-02,Antigua and Barbuda,0,0,7,0,4,0,6,0
2020-04-03,Antigua and Barbuda,2,0,9,0,2,0,8,0
2020-04-04,Antigua and Barbuda,6,0,15,0,8,0,14,0
2020-04-05,Antigua and Barbuda,0,0,15,0,8,0,14,0
2020-04-06,Antigua and Barbuda,0,0,15,0,8,0,14,0
2020-04-07,Antigua and Barbuda,0,0,15,0,8,0,14,0
2020-04-08,Antigua and Barbuda,0,0,15,0,8,0,12,0
2020-04-09,Antigua and Barbuda,0,0,15,0,8,0,12,0
2020-04-10,Antigua and Barbuda,4,2,19,2,10,2,12,2
2020-04-11,Antigua and Barbuda,2,0,21,2,6,2,14,2
2020-04-12,Antigua and Barbuda,0,0,21,2,6,2,14,2
2020-04-13,Antigua and Barbuda,0,0,21,2,6,2,14,2
2020-04-14,Antigua and Barbuda,2,0,23,2,8,2,16,2
2020-04-15,Antigua and Barbuda,0,0,23,2,8,2,16,2
2020-04-16,Antigua and Barbuda,0,0,23,2,8,2,16,2
2020-04-17,Antigua and Barbuda,0,0,23,2,4,0,14,2
2020-04-18,Antigua and Barbuda,0,0,23,2,2,0,8,2
2020-04-19,Antigua and Barbuda,0,0,23,2,2,0,8,2
2020-04-20,Antigua and Barbuda,0,0,23,2,2,0,8,2
2020-04-21,Antigua and Barbuda,0,1,23,3,0,1,8,3
2020-04-22,Antigua and Barbuda,1,0,24,3,1,1,9,3
2020-04-23,Antigua and Barbuda,0,0,24,3,1,1,9,3
2020-04-24,Antigua and Barbuda,0,0,24,3,1,1,5,1
2020-04-25,Antigua and Barbuda,0,0,24,3,1,1,3,1
2020-04-26,Antigua and Barbuda,0,0,24,3,1,1,3,1
2020-04-27,Antigua and Barbuda,0,0,24,3,1,1,3,1
2020-04-28,Antigua and Barbuda,0,0,24,3,1,0,1,1
2020-04-29,Antigua and Barbuda,0,0,24,3,0,0,1,1
2020-04-30,Antigua and Barbuda,0,0,24,3,0,0,1,1
2020-05-01,Antigua and Barbuda,0,0,24,3,0,0,1,1
2020-05-02,Antigua and Barbuda,1,0,25,3,1,0,2,1
2020-05-03,Antigua and Barbuda,0,0,25,3,1,0,2,1
2020-05-04,Antigua and Barbuda,0,0,25,3,1,0,2,1
2020-05-05,Antigua and Barbuda,0,0,25,3,1,0,2,0
2020-05-06,Antigua and Barbuda,0,0,25,3,1,0,1,0
2020-05-07,Antigua and Barbuda,0,0,25,3,1,0,1,0
2020-05-08,Antigua and Barbuda,0,0,25,3,1,0,1,0
2020-05-09,Antigua and Barbuda,0,0,25,3,0,0,1,0
2020-05-10,Antigua and Barbuda,0,0,25,3,0,0,1,0
2020-05-11,Antigua and Barbuda,0,0,25,3,0,0,1,0
2020-05-12,Antigua and Barbuda,0,0,25,3,0,0,1,0
2020-05-13,Antigua and Barbuda,0,0,25,3,0,0,1,0
2020-05-14,Antigua and Barbuda,0,0,25,3,0,0,1,0
2020-05-15,Antigua and Barbuda,0,0,25,3,0,0,1,0
2020-05-16,Antigua and Barbuda,0,0,25,3,0,0,0,0
2020-05-17,Antigua and Barbuda,0,0,25,3,0,0,0,0
2020-05-18,Antigua and Barbuda,0,0,25,3,0,0,0,0
2020-05-19,Antigua and Barbuda,0,0,25,3,0,0,0,0
2020-05-20,Antigua and Barbuda,0,0,25,3,0,0,0,0
2020-05-21,Antigua and Barbuda,0,0,25,3,0,0,0,0
2020-05-22,Antigua and Barbuda,0,0,25,3,0,0,0,0
2020-05-23,Antigua and Barbuda,0,0,25,3,0,0,0,0
2020-05-24,Antigua and Barbuda,0,0,25,3,0,0,0,0
2020-05-25,Antigua and Barbuda,0,0,25,3,0,0,0,0
2020-05-26,Antigua and Barbuda,0,0,25,3,0,0,0,0
2020-05-27,Antigua and Barbuda,0,0,25,3,0,0,0,0
2020-05-28,Antigua and Barbuda,0,0,25,3,0,0,0,0
2020-05-29,Antigua and Barbuda,0,0,25,3,0,0,0,0
2020-05-30,Antigua and Barbuda,0,0,25,3,0,0,0,0
2020-05-31,Antigua and Barbuda,0,0,25,3,0,0,0,0
2020-06-01,Antigua and Barbuda,0,0,25,3,0,0,0,0
2020-06-02,Antigua and Barbuda,0,0,25,3,0,0,0,0
2020-06-03,Antigua and Barbuda,0,0,25,3,0,0,0,0
2020-06-04,Antigua and Barbuda,1,0,26,3,1,0,1,0
2020-06-05,Antigua and Barbuda,0,0,26,3,1,0,1,0
2020-06-06,Antigua and Barbuda,0,0,26,3,1,0,1,0
2020-06-07,Antigua and Barbuda,0,0,26,3,1,0,1,0
2020-06-08,Antigua and Barbuda,0,0,26,3,1,0,1,0
2020-06-09,Antigua and Barbuda,0,0,26,3,1,0,1,0
2020-06-10,Antigua and Barbuda,0,0,26,3,1,0,1,0
2020-06-11,Antigua and Barbuda,0,0,26,3,0,0,1,0
2020-06-12,Antigua and Barbuda,0,0,26,3,0,0,1,0
2020-06-13,Antigua and Barbuda,0,0,26,3,0,0,1,0
2020-06-14,Antigua and Barbuda,0,0,26,3,0,0,1,0
2020-06-15,Antigua and Barbuda,0,0,26,3,0,0,1,0
2020-06-16,Antigua and Barbuda,0,0,26,3,0,0,1,0
2020-06-17,Antigua and Barbuda,0,0,26,3,0,0,1,0
2020-06-18,Antigua and Barbuda,0,0,26,3,0,0,0,0
2020-06-19,Antigua and Barbuda,0,0,26,3,0,0,0,0
2020-06-20,Antigua and Barbuda,0,0,26,3,0,0,0,0
2020-06-21,Antigua and Barbuda,0,0,26,3,0,0,0,0
2020-06-22,Antigua and Barbuda,0,0,26,3,0,0,0,0
2020-06-23,Antigua and Barbuda,0,0,26,3,0,0,0,0
2020-06-24,Antigua and Barbuda,0,0,26,3,0,0,0,0
2020-06-25,Antigua and Barbuda,39,0,65,3,39,0,39,0
2020-06-26,Antigua and Barbuda,0,0,65,3,39,0,39,0
2020-06-27,Antigua and Barbuda,0,0,65,3,39,0,39,0
2020-06-28,Antigua and Barbuda,0,0,65,3,39,0,39,0
2020-06-29,Antigua and Barbuda,0,0,65,3,39,0,39,0
2020-06-30,Antigua and Barbuda,1,0,66,3,40,0,40,0
2020-07-01,Antigua and Barbuda,0,0,66,3,40,0,40,0
2020-07-02,Antigua and Barbuda,0,0,66,3,1,0,40,0
2020-07-03,Antigua and Barbuda,2,0,68,3,3,0,42,0
2020-07-04,Antigua and Barbuda,0,0,68,3,3,0,42,0
2020-07-05,Antigua and Barbuda,0,0,68,3,3,0,42,0
2020-07-06,Antigua and Barbuda,0,0,68,3,3,0,42,0
2020-07-07,Antigua and Barbuda,2,0,70,3,4,0,44,0
2020-07-08,Antigua and Barbuda,0,0,70,3,4,0,44,0
2020-07-09,Antigua and Barbuda,3,0,73,3,7,0,8,0
2020-07-10,Antigua and Barbuda,0,0,73,3,5,0,8,0
2020-07-11,Antigua and Barbuda,1,0,74,3,6,0,9,0
2020-07-12,Antigua and Barbuda,0,0,74,3,6,0,9,0
2020-07-13,Antigua and Barbuda,0,0,74,3,6,0,9,0
2020-07-14,Antigua and Barbuda,0,0,74,3,4,0,8,0
2020-07-15,Antigua and Barbuda,0,0,74,3,4,0,8,0
2020-07-16,Antigua and Barbuda,0,0,74,3,1,0,8,0
2020-07-17,Antigua and Barbuda,0,0,74,3,1,0,6,0
2020-07-18,Antigua and Barbuda,2,0,76,3,2,0,8,0
2020-07-19,Antigua and Barbuda,0,0,76,3,2,0,8,0
2020-07-20,Antigua and Barbuda,0,0,76,3,2,0,8,0
2020-07-21,Antigua and Barbuda,0,0,76,3,2,0,6,0
2020-07-22,Antigua and Barbuda,0,0,76,3,2,0,6,0
2020-07-23,Antigua and Barbuda,0,0,76,3,2,0,3,0
2020-07-24,Antigua and Barbuda,0,0,76,3,2,0,3,0
2020-07-25,Antigua and Barbuda,6,0,82,3,6,0,8,0
2020-07-26,Antigua and Barbuda,0,0,82,3,6,0,8,0
2020-07-27,Antigua and Barbuda,0,0,82,3,6,0,8,0
2020-07-28,Antigua and Barbuda,4,0,86,3,10,0,12,0
2020-07-29,Antigua and Barbuda,0,0,86,3,10,0,12,0
2020-07-30,Antigua and Barbuda,5,0,91,3,15,0,17,0
2020-07-31,Antigua and Barbuda,0,0,91,3,15,0,17,0
2020-08-01,Antigua and Barbuda,0,0,91,3,9,0,15,0
2020-08-02,Antigua and Barbuda,0,0,91,3,9,0,15,0
2020-08-03,Antigua and Barbuda,0,0,91,3,9,0,15,0
2020-08-04,Antigua and Barbuda,1,0,92,3,6,0,16,0
2020-08-05,Antigua and Barbuda,0,0,92,3,6,0,16,0
2020-08-06,Antigua and Barbuda,0,0,92,3,1,0,16,0
2020-08-07,Antigua and Barbuda,0,0,92,3,1,0,16,0
2020-08-08,Antigua and Barbuda,0,0,92,3,1,0,10,0
2020-08-09,Antigua and Barbuda,0,0,92,3,1,0,10,0
2020-08-10,Antigua and Barbuda,0,0,92,3,1,0,10,0
2020-08-11,Antigua and Barbuda,0,0,92,3,0,0,6,0
2020-08-12,Antigua and Barbuda,0,0,92,3,0,0,6,0
2020-08-13,Antigua and Barbuda,0,0,92,3,0,0,1,0
2020-08-14,Antigua and Barbuda,1,0,93,3,1,0,2,0
2020-08-15,Antigua and Barbuda,0,0,93,3,1,0,2,0
2020-08-16,Antigua and Barbuda,0,0,93,3,1,0,2,0
2020-08-17,Antigua and Barbuda,0,0,93,3,1,0,2,0
2020-08-18,Antigua and Barbuda,0,0,93,3,1,0,1,0
2020-08-19,Antigua and Barbuda,0,0,93,3,1,0,1,0
2020-08-20,Antigua and Barbuda,1,0,94,3,2,0,2,0
2020-08-21,Antigua and Barbuda,0,0,94,3,1,0,2,0
2020-08-22,Antigua and Barbuda,0,0,94,3,1,0,2,0
2020-08-23,Antigua and Barbuda,0,0,94,3,1,0,2,0
2020-08-24,Antigua and Barbuda,0,0,94,3,1,0,2,0
2020-08-25,Antigua and Barbuda,0,0,94,3,1,0,2,0
2020-08-26,Antigua and Barbuda,0,0,94,3,1,0,2,0
2020-08-27,Antigua and Barbuda,0,0,94,3,0,0,2,0
2020-08-28,Antigua and Barbuda,0,0,94,3,0,0,1,0
2020-08-29,Antigua and Barbuda,0,0,94,3,0,0,1,0
2020-08-30,Antigua and Barbuda,0,0,94,3,0,0,1,0
2020-08-31,Antigua and Barbuda,0,0,94,3,0,0,1,0
2020-04-01,Argentina,0,0,966,24,579,18,887,22
2020-04-02,Argentina,167,7,1133,31,631,23,1036,29
2020-04-03,Argentina,0,3,1133,34,544,22,1005,31
2020-04-04,Argentina,132,3,1265,37,575,20,1107,34
2020-04-05,Argentina,186,6,1451,43,706,24,1226,39
2020-04-06,Argentina,103,3,1554,46,734,26,1288,42
2020-04-07,Argentina,74,7,1628,53,662,29,1327,49
2020-04-08,Argentina,87,7,1715,60,749,36,1328,54
2020-04-09,Argentina,80,5,1795,65,662,34,1293,57
2020-04-10,Argentina,99,14,1894,79,761,45,1305,67
2020-04-11,Argentina,81,3,1975,82,710,45,1285,65
2020-04-12,Argentina,162,7,2137,89,686,46,1392,70
2020-04-13,Argentina,66,6,2203,95,649,49,1383,75
2020-04-14,Argentina,69,3,2272,98,644,45,1306,74
2020-04-15,Argentina,160,7,2432,105,717,45,1466,81
2020-04-16,Argentina,0,4,2432,109,637,44,1299,78
2020-04-17,Argentina,128,6,2560,115,666,36,1427,81
2020-04-18,Argentina,98,7,2658,122,683,40,1393,85
2020-04-19,Argentina,170,10,2828,132,691,43,1377,89
2020-04-20,Argentina,102,2,2930,134,727,39,1376,88
2020-04-21,Argentina,90,8,3020,142,748,44,1392,89
2020-04-22,Argentina,112,9,3132,151,700,46,1417,91
2020-04-23,Argentina,144,8,3276,159,844,50,1481,94
2020-04-24,Argentina,147,6,3423,165,863,50,1529,86
2020-04-25,Argentina,0,2,3423,167,765,45,1448,85
2020-04-26,Argentina,344,18,3767,185,939,53,1630,96
2020-04-27,Argentina,0,1,3767,186,837,52,1564,91
2020-04-28,Argentina,223,11,3990,197,970,55,1718,99
2020-04-29,Argentina,124,10,4114,207,982,56,1682,102
2020-04-30,Argentina,158,7,4272,214,996,55,1840,105
2020-05-01,Argentina,143,4,4415,218,992,53,1855,103
2020-05-02,Argentina,104,7,4519,225,1096,58,1861,103
2020-05-03,Argentina,149,12,4668,237,901,52,1840,105
2020-05-04,Argentina,102,9,4770,246,1003,60,1840,112
2020-05-05,Argentina,104,14,4874,260,884,63,1854,118
2020-05-06,Argentina,133,4,5007,264,893,57,1875,113
2020-05-07,Argentina,188,9,5195,273,923,59,1919,114
2020-05-08,Argentina,163,9,5358,282,943,64,1935,117
2020-05-09,Argentina,240,11,5598,293,1079,68,2175,126
2020-05-10,Argentina,165,7,5763,300,1095,63,1996,115
2020-05-11,Argentina,13,0,5776,300,1006,54,2009,114
2020-05-12,Argentina,245,5,6021,305,1147,45,2031,108
2020-05-13,Argentina,529,14,6550,319,1543,55,2436,112
2020-05-14,Argentina,316,10,6866,329,1671,56,2594,115
2020-05-15,Argentina,255,24,7121,353,1763,71,2706,135
2020-05-16,Argentina,345,3,7466,356,1868,63,2947,131
2020-05-17,Argentina,326,7,7792,363,2029,63,3124,126
2020-05-18,Argentina,0,3,7792,366,2016,66,3022,120
2020-05-19,Argentina,566,16,8358,382,2337,77,3484,122
2020-05-20,Argentina,438,11,8796,393,2246,74,3789,129
2020-05-21,Argentina,474,10,9270,403,2404,74,4075,130
2020-05-22,Argentina,648,13,9918,416,2797,63,4560,134
2020-05-23,Argentina,718,17,10636,433,3170,77,5038,140
2020-05-24,Argentina,704,12,11340,445,3548,82,5577,145
2020-05-25,Argentina,723,7,12063,452,4271,86,6287,152
2020-05-26,Argentina,552,15,12615,467,4257,85,6594,162
2020-05-27,Argentina,600,17,13215,484,4419,91,6665,165
2020-05-28,Argentina,705,16,13920,500,4650,97,7054,171
2020-05-29,Argentina,769,8,14689,508,4771,92,7568,155
2020-05-30,Argentina,717,12,15406,520,4770,87,7940,164
2020-05-31,Argentina,795,8,16201,528,4861,83,8409,165
2020-06-01,Argentina,637,11,16838,539,4775,87,9046,173
2020-06-02,Argentina,564,17,17402,556,4787,89,9044,174
2020-06-03,Argentina,904,13,18306,569,5091,85,9510,176
2020-06-04,Argentina,949,14,19255,583,5335,83,9985,180
2020-06-05,Argentina,0,5,19255,588,4566,80,9337,172
2020-06-06,Argentina,1769,44,21024,632,5618,112,10388,199
2020-06-07,Argentina,983,16,22007,648,5806,120,10667,203
2020-06-08,Argentina,774,16,22781,664,5943,125,10718,212
2020-06-09,Argentina,826,29,23607,693,6205,137,10992,226
2020-06-10,Argentina,1141,24,24748,717,6442,148,11533,233
2020-06-11,Argentina,1239,18,25987,735,6732,152,12067,235
2020-06-12,Argentina,1373,30,27360,765,8105,177,12671,257
2020-06-13,Argentina,1391,20,28751,785,7727,153,13345,265
2020-06-14,Argentina,1531,30,30282,815,8275,167,14081,287
2020-06-15,Argentina,1282,18,31564,833,8783,169,14726,294
2020-06-16,Argentina,1208,21,32772,854,9165,161,15370,298
2020-06-17,Argentina,1374,24,34146,878,9398,161,15840,309
2020-06-18,Argentina,1393,35,35539,913,9552,178,16284,330
2020-06-19,Argentina,0,16,35539,929,8179,164,16284,341
2020-06-20,Argentina,4018,50,39557,979,10806,194,18533,347
2020-06-21,Argentina,1634,13,41191,992,10909,177,19184,344
2020-06-22,Argentina,1581,19,42772,1011,11208,178,19991,347
2020-06-23,Argentina,2146,32,44918,1043,12146,189,21311,350
2020-06-24,Argentina,0,6,44918,1049,10772,171,20170,332
2020-06-25,Argentina,4920,36,49838,1085,14299,172,23851,350
2020-06-26,Argentina,2606,39,52444,1124,16905,195,25084,359
2020-06-27,Argentina,0,43,52444,1167,12887,188,23693,382
2020-06-28,Argentina,5287,40,57731,1207,16540,215,27449,392
2020-06-29,Argentina,0,10,57731,1217,14959,206,26167,384
2020-06-30,Argentina,4524,63,62255,1280,17337,237,29483,426
2020-07-01,Argentina,2262,27,64517,1307,19599,258,30371,429
2020-07-02,Argentina,2667,44,67184,1351,17346,266,31645,438
2020-07-03,Argentina,2744,34,69928,1385,17484,261,34389,456
2020-07-04,Argentina,2845,52,72773,1437,20329,270,33216,458
2020-07-05,Argentina,0,16,72773,1453,15042,246,31582,461
2020-07-06,Argentina,2590,37,75363,1490,17632,273,32591,479
2020-07-07,Argentina,2439,33,77802,1523,15547,243,32884,480
2020-07-08,Argentina,2632,79,80434,1602,15917,295,35516,553
2020-07-09,Argentina,2979,52,83413,1654,16229,303,33575,569
2020-07-10,Argentina,3604,53,87017,1707,17089,322,34573,583
2020-07-11,Argentina,3663,42,90680,1749,17907,312,38236,582
2020-07-12,Argentina,3367,61,94047,1810,21274,357,36316,603
2020-07-13,Argentina,3449,8,97496,1818,22133,328,39765,601
2020-07-14,Argentina,2657,85,100153,1903,22351,380,37898,623
2020-07-15,Argentina,3099,23,103252,1926,22818,324,38735,619
2020-07-16,Argentina,3645,124,106897,2050,23484,396,39713,699
2020-07-17,Argentina,4250,62,111147,2112,24130,405,41219,727
2020-07-18,Argentina,3623,21,114770,2133,24090,384,41997,696
2020-07-19,Argentina,4518,71,119288,2204,25241,394,46515,751
2020-07-20,Argentina,3223,42,122511,2246,25015,428,47148,756
2020-07-21,Argentina,4231,127,126742,2373,26589,470,48940,850
2020-07-22,Argentina,4019,0,130761,2373,27509,447,50327,771
2020-07-23,Argentina,5344,133,136105,2506,29208,456,52692,852
2020-07-24,Argentina,5782,111,141887,2617,30740,505,54870,910
2020-07-25,Argentina,6127,105,148014,2722,33244,589,57334,973
2020-07-26,Argentina,5493,125,153507,2847,34219,643,59460,1037
2020-07-27,Argentina,9006,92,162513,2939,40002,693,65017,1121
2020-07-28,Argentina,0,17,162513,2956,35771,583,62360,1053
2020-07-29,Argentina,4890,126,167403,3082,36642,709,64151,1156
2020-07-30,Argentina,5939,118,173342,3200,37237,694,66445,1150
2020-07-31,Argentina,5641,111,178983,3311,37096,694,67836,1199
2020-08-01,Argentina,6377,155,185360,3466,37346,744,70590,1333
2020-08-02,Argentina,5929,92,191289,3558,37782,711,72001,1354
2020-08-03,Argentina,5241,54,196530,3612,34017,673,74019,1366
2020-08-04,Argentina,5376,55,201906,3667,39393,711,75164,1294
2020-08-05,Argentina,4824,196,206730,3863,39327,781,75969,1490
2020-08-06,Argentina,6792,146,213522,4009,40180,809,77417,1503
2020-08-07,Argentina,7147,126,220669,4135,41686,824,78782,1518
2020-08-08,Argentina,7513,156,228182,4291,42822,825,80168,1569
2020-08-09,Argentina,7482,159,235664,4450,44375,892,82157,1603
2020-08-10,Argentina,6134,106,241798,4556,45268,944,79285,1617
2020-08-11,Argentina,4688,78,246486,4634,44580,967,83973,1678
2020-08-12,Argentina,7369,151,253855,4785,47125,922,86452,1703
2020-08-13,Argentina,7043,303,260898,5088,47376,1079,87556,1888
2020-08-14,Argentina,7663,158,268561,5246,47892,1111,89578,1935
2020-08-15,Argentina,7498,182,276059,5428,47877,1137,90699,1962
2020-08-16,Argentina,6365,137,282424,5565,46760,1115,91135,2007
2020-08-17,Argentina,6663,92,289087,5657,47289,1101,92557,2045
2020-08-18,Argentina,5469,93,294556,5750,48070,1116,92650,2083
2020-08-19,Argentina,4557,127,299113,5877,45258,1092,92383,2014
2020-08-20,Argentina,6840,237,305953,6114,45055,1026,92431,2105
2020-08-21,Argentina,6693,292,312646,6406,44085,1160,91977,2271
2020-08-22,Argentina,8225,161,320871,6567,44812,1139,92689,2276
2020-08-23,Argentina,8159,228,329030,6795,46606,1230,93366,2345
2020-08-24,Argentina,7759,53,336789,6848,47702,1191,94991,2292
2020-08-25,Argentina,5352,231,342141,7079,47585,1329,95655,2445
2020-08-26,Argentina,8713,323,350854,7402,51741,1525,96999,2617
2020-08-27,Argentina,8771,259,359625,7661,53672,1547,98727,2573
2020-08-28,Argentina,10550,283,370175,7944,57529,1538,101614,2698
2020-08-29,Argentina,10104,185,380279,8129,59408,1562,104220,2701
2020-08-30,Argentina,11730,176,392009,8305,62979,1510,109585,2740
2020-08-31,Argentina,9217,96,401226,8401,64437,1553,112139,2744
2020-04-01,Armenia,39,0,571,3,306,3,493,3
2020-04-02,Armenia,92,1,663,4,373,4,553,4
2020-04-03,Armenia,73,3,736,7,407,6,600,7
2020-04-04,Armenia,34,0,770,7,398,6,610,7
2020-04-05,Armenia,52,0,822,7,398,6,632,7
2020-04-06,Armenia,11,1,833,8,351,5,639,8
2020-04-07,Armenia,20,0,853,8,321,5,618,8
2020-04-08,Armenia,28,1,881,9,310,6,616,9
2020-04-09,Armenia,40,1,921,10,258,6,631,10
2020-04-10,Armenia,16,1,937,11,201,4,608,10
2020-04-11,Armenia,30,2,967,13,197,6,595,12
2020-04-12,Armenia,46,0,1013,13,191,6,589,12
2020-04-13,Armenia,26,1,1039,14,206,6,557,11
2020-04-14,Armenia,28,2,1067,16,214,8,535,13
2020-04-15,Armenia,44,1,1111,17,230,8,540,14
2020-04-16,Armenia,48,1,1159,18,238,8,496,14
2020-04-17,Armenia,42,1,1201,19,264,8,465,12
2020-04-18,Armenia,47,1,1248,20,281,7,478,13
2020-04-19,Armenia,43,0,1291,20,278,7,469,13
2020-04-20,Armenia,48,2,1339,22,300,8,506,14
2020-04-21,Armenia,62,2,1401,24,334,8,548,16
2020-04-22,Armenia,72,0,1473,24,362,7,592,15
2020-04-23,Armenia,50,0,1523,24,364,6,602,14
2020-04-24,Armenia,73,3,1596,27,395,8,659,16
2020-04-25,Armenia,81,1,1677,28,429,8,710,15
2020-04-26,Armenia,69,0,1746,28,455,8,733,15
2020-04-27,Armenia,62,1,1808,29,469,7,769,15
2020-04-28,Armenia,59,1,1867,30,466,6,800,14
2020-04-29,Armenia,65,0,1932,30,459,6,821,13
2020-04-30,Armenia,134,2,2066,32,543,8,907,14
2020-05-01,Armenia,82,1,2148,33,552,6,947,14
2020-05-02,Armenia,125,0,2273,33,596,5,1025,13
2020-05-03,Armenia,113,2,2386,35,640,7,1095,15
2020-05-04,Armenia,121,4,2507,39,699,10,1168,17
2020-05-05,Armenia,112,1,2619,40,752,10,1218,16
2020-05-06,Armenia,163,0,2782,40,850,10,1309,16
2020-05-07,Armenia,102,2,2884,42,818,10,1361,18
2020-05-08,Armenia,145,1,3029,43,881,10,1433,16
2020-05-09,Armenia,146,1,3175,44,902,11,1498,16
2020-05-10,Armenia,138,1,3313,45,927,10,1567,17
2020-05-11,Armenia,79,1,3392,46,885,7,1584,17
2020-05-12,Armenia,146,1,3538,47,919,7,1671,17
2020-05-13,Armenia,180,1,3718,48,936,8,1786,18
2020-05-14,Armenia,142,1,3860,49,976,7,1794,17
2020-05-15,Armenia,184,3,4044,52,1015,9,1896,19
2020-05-16,Armenia,239,3,4283,55,1108,11,2010,22
2020-05-17,Armenia,189,5,4472,60,1159,15,2086,25
2020-05-18,Armenia,351,1,4823,61,1431,15,2316,22
2020-05-19,Armenia,218,3,5041,64,1503,17,2422,24
2020-05-20,Armenia,230,3,5271,67,1553,19,2489,27
2020-05-21,Armenia,335,3,5606,70,1746,21,2722,28
2020-05-22,Armenia,322,4,5928,74,1884,22,2899,31
2020-05-23,Armenia,374,3,6302,77,2019,22,3127,33
2020-05-24,Armenia,359,4,6661,81,2189,21,3348,36
2020-05-25,Armenia,452,6,7113,87,2290,26,3721,41
2020-05-26,Armenia,289,4,7402,91,2361,27,3864,44
2020-05-27,Armenia,372,7,7774,98,2503,31,4056,50
2020-05-28,Armenia,442,15,8216,113,2610,43,4356,64
2020-05-29,Armenia,460,7,8676,120,2748,46,4632,68
2020-05-30,Armenia,251,7,8927,127,2625,50,4644,72
2020-05-31,Armenia,355,4,9282,131,2621,50,4810,71
2020-06-01,Armenia,210,8,9492,139,2379,52,4669,78
2020-06-02,Armenia,517,19,10009,158,2607,67,4968,94
2020-06-03,Armenia,515,12,10524,170,2750,72,5253,103
2020-06-04,Armenia,697,6,11221,176,3005,63,5615,106
2020-06-05,Armenia,596,7,11817,183,3141,63,5889,109
2020-06-06,Armenia,547,7,12364,190,3437,63,6062,113
2020-06-07,Armenia,766,10,13130,200,3848,69,6469,119
2020-06-08,Armenia,195,11,13325,211,3833,72,6212,124
2020-06-09,Armenia,350,6,13675,217,3666,59,6273,126
2020-06-10,Armenia,428,10,14103,227,3579,57,6329,129
2020-06-11,Armenia,566,18,14669,245,3448,69,6453,132
2020-06-12,Armenia,612,13,15281,258,3464,75,6605,138
2020-06-13,Armenia,723,6,16004,264,3640,74,7077,137
2020-06-14,Armenia,663,5,16667,269,3537,69,7385,138
2020-06-15,Armenia,397,16,17064,285,3739,74,7572,146
2020-06-16,Armenia,425,8,17489,293,3814,76,7480,135
2020-06-17,Armenia,544,9,18033,302,3930,75,7509,132
2020-06-18,Armenia,665,7,18698,309,4029,64,7477,133
2020-06-19,Armenia,459,10,19157,319,3876,61,7340,136
2020-06-20,Armenia,551,13,19708,332,3704,68,7344,142
2020-06-21,Armenia,560,18,20268,350,3601,81,7138,150
2020-06-22,Armenia,320,10,20588,360,3524,75,7263,149
2020-06-23,Armenia,418,12,21006,372,3517,79,7331,155
2020-06-24,Armenia,711,14,21717,386,3684,84,7614,159
2020-06-25,Armenia,771,11,22488,397,3790,88,7819,152
2020-06-26,Armenia,759,13,23247,410,4090,91,7966,152
2020-06-27,Armenia,662,10,23909,420,4201,88,7905,156
2020-06-28,Armenia,736,6,24645,426,4377,76,7978,157
2020-06-29,Armenia,482,7,25127,433,4539,73,8063,148
2020-06-30,Armenia,415,10,25542,443,4536,71,8053,150
2020-07-01,Armenia,523,10,26065,453,4348,67,8032,151
2020-07-02,Armenia,593,6,26658,459,4170,62,7960,150
2020-07-03,Armenia,662,10,27320,469,4073,59,8163,150
2020-07-04,Armenia,580,8,27900,477,3991,57,8192,145
2020-07-05,Armenia,706,7,28606,484,3961,58,8338,134
2020-07-06,Armenia,330,7,28936,491,3809,58,8348,131
2020-07-07,Armenia,349,12,29285,503,3743,60,8279,131
2020-07-08,Armenia,535,18,29820,521,3755,68,8103,135
2020-07-09,Armenia,526,14,30346,535,3688,76,7858,138
2020-07-10,Armenia,557,11,30903,546,3583,77,7656,136
2020-07-11,Armenia,489,13,31392,559,3492,82,7483,139
2020-07-12,Armenia,577,6,31969,565,3363,81,7324,139
2020-07-13,Armenia,182,8,32151,573,3215,82,7024,140
2020-07-14,Armenia,339,8,32490,581,3205,78,6948,138
2020-07-15,Armenia,515,11,33005,592,3185,71,6940,139
2020-07-16,Armenia,554,15,33559,607,3213,72,6901,148
2020-07-17,Armenia,442,13,34001,620,3098,74,6681,151
2020-07-18,Armenia,461,11,34462,631,3070,72,6562,154
2020-07-19,Armenia,415,10,34877,641,2908,76,6271,157
2020-07-20,Armenia,104,9,34981,650,2830,77,6045,159
2020-07-21,Armenia,273,12,35254,662,2764,81,5969,159
2020-07-22,Armenia,439,16,35693,678,2688,86,5873,157
2020-07-23,Armenia,469,10,36162,688,2603,81,5816,153
2020-07-24,Armenia,451,4,36613,692,2612,72,5710,146
2020-07-25,Armenia,383,8,36996,700,2534,69,5604,141
2020-07-26,Armenia,321,5,37317,705,2440,64,5348,140
2020-07-27,Armenia,73,6,37390,711,2409,61,5239,138
2020-07-28,Armenia,239,8,37629,719,2375,57,5139,138
2020-07-29,Armenia,308,4,37937,723,2244,45,4932,131
2020-07-30,Armenia,259,5,38196,728,2034,40,4637,121
2020-07-31,Armenia,354,10,38550,738,1937,46,4549,118
2020-08-01,Armenia,291,11,38841,749,1845,49,4379,118
2020-08-02,Armenia,209,5,39050,754,1733,49,4173,113
2020-08-03,Armenia,52,8,39102,762,1712,51,4121,112
2020-08-04,Armenia,0,0,39102,762,1473,43,3848,100
2020-08-05,Armenia,196,6,39298,768,1361,45,3605,90
2020-08-06,Armenia,288,2,39586,770,1390,42,3424,82
2020-08-07,Armenia,233,2,39819,772,1269,34,3206,80
2020-08-08,Armenia,66,5,39885,777,1044,28,2889,77
2020-08-09,Armenia,300,8,40185,785,1135,31,2868,80
2020-08-10,Armenia,225,6,40410,791,1308,29,3020,80
2020-08-11,Armenia,23,5,40433,796,1331,34,2804,77
2020-08-12,Armenia,160,7,40593,803,1295,35,2656,80
2020-08-13,Armenia,201,3,40794,806,1208,36,2598,78
2020-08-14,Armenia,229,3,41023,809,1204,37,2473,71
2020-08-15,Armenia,276,5,41299,814,1414,37,2458,65
2020-08-16,Armenia,196,3,41495,817,1310,32,2445,63
2020-08-17,Armenia,168,1,41663,818,1253,27,2561,56
2020-08-18,Armenia,38,6,41701,824,1268,28,2599,62
2020-08-19,Armenia,145,8,41846,832,1253,29,2548,64
2020-08-20,Armenia,210,1,42056,833,1262,27,2470,63
2020-08-21,Armenia,263,3,42319,836,1296,27,2500,64
2020-08-22,Armenia,158,6,42477,842,1178,28,2592,65
2020-08-23,Armenia,139,8,42616,850,1121,33,2431,65
2020-08-24,Armenia,176,2,42792,852,1129,34,2382,61
2020-08-25,Armenia,33,2,42825,854,1124,30,2392,58
2020-08-26,Armenia,111,4,42936,858,1090,26,2343,55
2020-08-27,Armenia,131,3,43067,861,1011,28,2273,55
2020-08-28,Armenia,203,3,43270,864,951,28,2247,55
2020-08-29,Armenia,181,5,43451,869,974,27,2152,55
2020-08-30,Armenia,175,3,43626,872,1010,22,2131,55
2020-08-31,Armenia,124,5,43750,877,958,25,2087,59
2020-04-01,Aruba,5,0,55,0,38,0,53,0
2020-04-02,Aruba,0,0,55,0,36,0,53,0
2020-04-03,Aruba,5,0,60,0,32,0,56,0
2020-04-04,Aruba,2,0,62,0,34,0,58,0
2020-04-05,Aruba,2,0,64,0,36,0,60,0
2020-04-06,Aruba,0,0,64,0,14,0,60,0
2020-04-07,Aruba,7,0,71,0,21,0,59,0
2020-04-08,Aruba,3,0,74,0,19,0,57,0
2020-04-09,Aruba,3,0,77,0,22,0,58,0
2020-04-10,Aruba,5,0,82,0,22,0,54,0
2020-04-11,Aruba,4,0,86,0,24,0,58,0
2020-04-12,Aruba,6,0,92,0,28,0,64,0
2020-04-13,Aruba,0,0,92,0,28,0,42,0
2020-04-14,Aruba,0,0,92,0,21,0,42,0
2020-04-15,Aruba,0,0,92,0,18,0,37,0
2020-04-16,Aruba,1,1,93,1,16,1,38,1
2020-04-17,Aruba,2,0,95,1,13,1,35,1
2020-04-18,Aruba,1,1,96,2,10,2,34,2
2020-04-19,Aruba,0,0,96,2,4,2,32,2
2020-04-20,Aruba,1,0,97,2,5,2,33,2
2020-04-21,Aruba,0,0,97,2,5,2,26,2
2020-04-22,Aruba,0,0,97,2,5,2,23,2
2020-04-23,Aruba,3,0,100,2,7,1,23,2
2020-04-24,Aruba,0,0,100,2,5,1,18,2
2020-04-25,Aruba,0,0,100,2,4,0,14,2
2020-04-26,Aruba,0,0,100,2,4,0,8,2
2020-04-27,Aruba,0,0,100,2,3,0,8,2
2020-04-28,Aruba,0,0,100,2,3,0,8,2
2020-04-29,Aruba,0,0,100,2,3,0,8,2
2020-04-30,Aruba,0,0,100,2,0,0,7,1
2020-05-01,Aruba,0,0,100,2,0,0,5,1
2020-05-02,Aruba,0,0,100,2,0,0,4,0
2020-05-03,Aruba,0,0,100,2,0,0,4,0
2020-05-04,Aruba,0,0,100,2,0,0,3,0
2020-05-05,Aruba,0,0,100,2,0,0,3,0
2020-05-06,Aruba,0,0,100,2,0,0,3,0
2020-05-07,Aruba,1,0,101,2,1,0,1,0
2020-05-08,Aruba,0,1,101,3,1,1,1,1
2020-05-09,Aruba,0,0,101,3,1,1,1,1
2020-05-10,Aruba,0,0,101,3,1,1,1,1
2020-05-11,Aruba,0,0,101,3,1,1,1,1
2020-05-12,Aruba,0,0,101,3,1,1,1,1
2020-05-13,Aruba,0,0,101,3,1,1,1,1
2020-05-14,Aruba,0,0,101,3,0,1,1,1
2020-05-15,Aruba,0,0,101,3,0,0,1,1
2020-05-16,Aruba,0,0,101,3,0,0,1,1
2020-05-17,Aruba,0,0,101,3,0,0,1,1
2020-05-18,Aruba,0,0,101,3,0,0,1,1
2020-05-19,Aruba,0,0,101,3,0,0,1,1
2020-05-20,Aruba,0,0,101,3,0,0,1,1
2020-05-21,Aruba,0,0,101,3,0,0,0,1
2020-05-22,Aruba,0,0,101,3,0,0,0,0
2020-05-23,Aruba,0,0,101,3,0,0,0,0
2020-05-24,Aruba,0,0,101,3,0,0,0,0
2020-05-25,Aruba,0,0,101,3,0,0,0,0
2020-05-26,Aruba,0,0,101,3,0,0,0,0
2020-05-27,Aruba,0,0,101,3,0,0,0,0
2020-05-28,Aruba,0,0,101,3,0,0,0,0
2020-05-29,Aruba,0,0,101,3,0,0,0,0
2020-05-30,Aruba,0,0,101,3,0,0,0,0
2020-05-31,Aruba,0,0,101,3,0,0,0,0
2020-06-01,Aruba,0,0,101,3,0,0,0,0
2020-06-02,Aruba,0,0,101,3,0,0,0,0
2020-06-03,Aruba,0,0,101,3,0,0,0,0
2020-06-04,Aruba,0,0,101,3,0,0,0,0
2020-06-05,Aruba,0,0,101,3,0,0,0,0
2020-06-06,Aruba,0,0,101,3,0,0,0,0
2020-06-07,Aruba,0,0,101,3,0,0,0,0
2020-06-08,Aruba,0,0,101,3,0,0,0,0
2020-06-09,Aruba,0,0,101,3,0,0,0,0
2020-06-10,Aruba,0,0,101,3,0,0,0,0
2020-06-11,Aruba,0,0,101,3,0,0,0,0
2020-06-12,Aruba,0,0,101,3,0,0,0,0
2020-06-13,Aruba,0,0,101,3,0,0,0,0
2020-06-14,Aruba,0,0,101,3,0,0,0,0
2020-06-15,Aruba,0,0,101,3,0,0,0,0
2020-06-16,Aruba,0,0,101,3,0,0,0,0
2020-06-17,Aruba,0,0,101,3,0,0,0,0
2020-06-18,Aruba,0,0,101,3,0,0,0,0
2020-06-19,Aruba,0,0,101,3,0,0,0,0
2020-06-20,Aruba,0,0,101,3,0,0,0,0
2020-06-21,Aruba,0,0,101,3,0,0,0,0
2020-06-22,Aruba,0,0,101,3,0,0,0,0
2020-06-23,Aruba,0,0,101,3,0,0,0,0
2020-06-24,Aruba,0,0,101,3,0,0,0,0
2020-06-25,Aruba,0,0,101,3,0,0,0,0
2020-06-26,Aruba,0,0,101,3,0,0,0,0
2020-06-27,Aruba,0,0,101,3,0,0,0,0
2020-06-28,Aruba,0,0,101,3,0,0,0,0
2020-06-29,Aruba,0,0,101,3,0,0,0,0
2020-06-30,Aruba,2,0,103,3,2,0,2,0
2020-07-01,Aruba,0,0,103,3,2,0,2,0
2020-07-02,Aruba,0,0,103,3,2,0,2,0
2020-07-03,Aruba,1,0,104,3,3,0,3,0
2020-07-04,Aruba,0,0,104,3,3,0,3,0
2020-07-05,Aruba,1,0,105,3,4,0,4,0
2020-07-06,Aruba,0,0,105,3,4,0,4,0
2020-07-07,Aruba,0,0,105,3,2,0,4,0
2020-07-08,Aruba,0,0,105,3,2,0,4,0
2020-07-09,Aruba,0,0,105,3,2,0,4,0
2020-07-10,Aruba,0,0,105,3,1,0,4,0
2020-07-11,Aruba,0,0,105,3,1,0,4,0
2020-07-12,Aruba,0,0,105,3,0,0,4,0
2020-07-13,Aruba,0,0,105,3,0,0,4,0
2020-07-14,Aruba,0,0,105,3,0,0,2,0
2020-07-15,Aruba,1,0,106,3,1,0,3,0
2020-07-16,Aruba,0,0,106,3,1,0,3,0
2020-07-17,Aruba,2,0,108,3,3,0,4,0
2020-07-18,Aruba,0,0,108,3,3,0,4,0
2020-07-19,Aruba,0,0,108,3,3,0,3,0
2020-07-20,Aruba,5,0,113,3,8,0,8,0
2020-07-21,Aruba,2,0,115,3,10,0,10,0
2020-07-22,Aruba,2,0,117,3,11,0,12,0
2020-07-23,Aruba,0,0,117,3,11,0,12,0
2020-07-24,Aruba,0,0,117,3,9,0,12,0
2020-07-25,Aruba,1,0,118,3,10,0,13,0
2020-07-26,Aruba,1,0,119,3,11,0,14,0
2020-07-27,Aruba,0,0,119,3,6,0,14,0
2020-07-28,Aruba,0,0,119,3,4,0,14,0
2020-07-29,Aruba,0,0,119,3,2,0,13,0
2020-07-30,Aruba,0,0,119,3,2,0,13,0
2020-07-31,Aruba,1,0,120,3,3,0,12,0
2020-08-01,Aruba,1,0,121,3,3,0,13,0
2020-08-02,Aruba,0,0,121,3,2,0,13,0
2020-08-03,Aruba,1,0,122,3,3,0,9,0
2020-08-04,Aruba,2,0,124,3,5,0,9,0
2020-08-05,Aruba,8,0,132,3,13,0,15,0
2020-08-06,Aruba,39,0,171,3,52,0,54,0
2020-08-07,Aruba,92,0,263,3,143,0,146,0
2020-08-08,Aruba,133,0,396,3,275,0,278,0
2020-08-09,Aruba,113,0,509,3,388,0,390,0
2020-08-10,Aruba,54,0,563,3,441,0,444,0
2020-08-11,Aruba,67,0,630,3,506,0,511,0
2020-08-12,Aruba,87,0,717,3,585,0,598,0
2020-08-13,Aruba,81,0,798,3,627,0,679,0
2020-08-14,Aruba,96,1,894,4,631,1,774,1
2020-08-15,Aruba,79,0,973,4,577,1,852,1
2020-08-16,Aruba,75,0,1048,4,539,1,927,1
2020-08-17,Aruba,54,0,1102,4,539,1,980,1
2020-08-18,Aruba,19,0,1121,4,491,1,997,1
2020-08-19,Aruba,0,0,1121,4,404,1,989,1
2020-08-20,Aruba,175,1,1296,5,498,2,1125,2
2020-08-21,Aruba,91,1,1387,6,493,2,1124,3
2020-08-22,Aruba,77,0,1464,6,491,2,1068,3
2020-08-23,Aruba,70,1,1534,7,486,3,1025,4
2020-08-24,Aruba,34,0,1568,7,466,3,1005,4
2020-08-25,Aruba,60,0,1628,7,507,3,998,4
2020-08-26,Aruba,42,1,1670,8,549,4,953,5
2020-08-27,Aruba,90,0,1760,8,464,3,962,5
2020-08-28,Aruba,88,0,1848,8,461,2,954,4
2020-08-29,Aruba,58,1,1906,9,442,3,933,5
2020-08-30,Aruba,69,1,1975,10,441,3,927,6
2020-08-31,Aruba,22,0,1997,10,429,3,895,6
2020-04-01,Australia,150,1,4707,20,2284,12,4253,15
2020-04-02,Australia,269,1,4976,21,2177,10,4411,15
2020-04-03,Australia,248,2,5224,23,2058,10,4515,17
2020-04-04,Australia,324,7,5548,30,2170,17,4674,23
2020-04-05,Australia,139,4,5687,34,1878,20,4589,27
2020-04-06,Australia,57,2,5744,36,1651,20,4035,29
2020-04-07,Australia,100,6,5844,42,1287,23,4021,35
2020-04-08,Australia,112,3,5956,45,1249,25,3533,37
2020-04-09,Australia,96,5,6052,50,1076,29,3253,39
2020-04-10,Australia,100,2,6152,52,928,29,2986,39
2020-04-11,Australia,86,2,6238,54,690,24,2860,41
2020-04-12,Australia,51,3,6289,57,602,23,2480,43
2020-04-13,Australia,33,4,6322,61,578,25,2229,45
2020-04-14,Australia,44,0,6366,61,522,19,1809,42
2020-04-15,Australia,50,0,6416,61,460,16,1709,41
2020-04-16,Australia,42,2,6458,63,406,13,1482,42
2020-04-17,Australia,39,0,6497,63,345,11,1273,40
2020-04-18,Australia,36,4,6533,67,295,13,985,37
2020-04-19,Australia,53,2,6586,69,297,12,899,35
2020-04-20,Australia,26,1,6612,70,290,9,868,34
2020-04-21,Australia,13,1,6625,71,259,10,781,29
2020-04-22,Australia,22,3,6647,74,231,13,691,29
2020-04-23,Australia,7,0,6654,74,196,11,602,24
2020-04-24,Australia,13,1,6667,75,170,12,515,23
2020-04-25,Australia,20,4,6687,79,154,12,449,25
2020-04-26,Australia,16,2,6703,81,117,12,414,24
2020-04-27,Australia,10,2,6713,83,101,13,391,22
2020-04-28,Australia,12,1,6725,84,100,13,359,23
2020-04-29,Australia,13,4,6738,88,91,14,322,27
2020-04-30,Australia,8,2,6746,90,92,16,288,27
2020-05-01,Australia,16,2,6762,92,95,17,265,29
2020-05-02,Australia,5,1,6767,93,80,14,234,26
2020-05-03,Australia,16,0,6783,93,80,12,197,24
2020-05-04,Australia,18,2,6801,95,88,12,189,25
2020-05-05,Australia,24,0,6825,95,100,11,200,24
2020-05-06,Australia,24,1,6849,96,111,8,202,22
2020-05-07,Australia,26,1,6875,97,129,7,221,23
2020-05-08,Australia,21,0,6896,97,134,5,229,22
2020-05-09,Australia,18,0,6914,97,147,4,227,18
2020-05-10,Australia,15,0,6929,97,146,4,226,16
2020-05-11,Australia,12,0,6941,97,140,2,228,14
2020-05-12,Australia,7,0,6948,97,123,2,223,13
2020-05-13,Australia,16,0,6964,97,115,1,226,9
2020-05-14,Australia,11,1,6975,98,100,1,229,8
2020-05-15,Australia,14,0,6989,98,93,1,227,6
2020-05-16,Australia,30,0,7019,98,105,1,252,5
2020-05-17,Australia,17,0,7036,98,107,1,253,5
2020-05-18,Australia,9,0,7045,98,104,1,244,3
2020-05-19,Australia,15,1,7060,99,112,2,235,4
2020-05-20,Australia,8,0,7068,99,104,2,219,3
2020-05-21,Australia,11,1,7079,100,104,2,204,3
2020-05-22,Australia,2,0,7081,100,92,2,185,3
2020-05-23,Australia,14,1,7095,101,76,3,181,4
2020-05-24,Australia,11,1,7106,102,70,4,177,5
2020-05-25,Australia,3,0,7109,102,64,4,168,5
2020-05-26,Australia,9,0,7118,102,58,3,170,5
2020-05-27,Australia,15,0,7133,102,65,3,169,5
2020-05-28,Australia,6,0,7139,102,60,2,164,4
2020-05-29,Australia,11,0,7150,102,69,2,161,4
2020-05-30,Australia,23,0,7173,102,78,1,154,4
2020-05-31,Australia,12,0,7185,102,79,0,149,4
2020-06-01,Australia,10,0,7195,102,86,0,150,4
2020-06-02,Australia,9,0,7204,102,86,0,144,3
2020-06-03,Australia,17,0,7221,102,88,0,153,3
2020-06-04,Australia,8,0,7229,102,90,0,150,2
2020-06-05,Australia,11,0,7240,102,90,0,159,2
2020-06-06,Australia,11,0,7251,102,78,0,156,1
2020-06-07,Australia,4,0,7255,102,70,0,149,0
2020-06-08,Australia,5,0,7260,102,65,0,151,0
2020-06-09,Australia,5,0,7265,102,61,0,147,0
2020-06-10,Australia,2,0,7267,102,46,0,134,0
2020-06-11,Australia,9,0,7276,102,47,0,137,0
2020-06-12,Australia,9,0,7285,102,45,0,135,0
2020-06-13,Australia,5,0,7290,102,39,0,117,0
2020-06-14,Australia,12,0,7302,102,47,0,117,0
2020-06-15,Australia,18,0,7320,102,60,0,125,0
2020-06-16,Australia,15,0,7335,102,70,0,131,0
2020-06-17,Australia,12,0,7347,102,80,0,126,0
2020-06-18,Australia,23,0,7370,102,94,0,141,0
2020-06-19,Australia,21,0,7391,102,106,0,151,0
2020-06-20,Australia,18,0,7409,102,119,0,158,0
2020-06-21,Australia,27,0,7436,102,134,0,181,0
2020-06-22,Australia,25,0,7461,102,141,0,201,0
2020-06-23,Australia,13,0,7474,102,139,0,209,0
2020-06-24,Australia,18,0,7492,102,145,0,225,0
2020-06-25,Australia,29,1,7521,103,151,1,245,1
2020-06-26,Australia,37,1,7558,104,167,2,273,2
2020-06-27,Australia,37,0,7595,104,186,2,305,2
2020-06-28,Australia,46,0,7641,104,205,2,339,2
2020-06-29,Australia,45,0,7686,104,225,2,366,2
2020-06-30,Australia,81,0,7767,104,293,2,432,2
2020-07-01,Australia,67,0,7834,104,342,2,487,2
2020-07-02,Australia,86,0,7920,104,399,1,550,2
2020-07-03,Australia,81,0,8001,104,443,0,610,2
2020-07-04,Australia,254,0,8255,104,660,0,846,2
2020-07-05,Australia,107,0,8362,104,721,0,926,2
2020-07-06,Australia,87,0,8449,104,763,0,988,2
2020-07-07,Australia,137,2,8586,106,819,2,1112,4
2020-07-08,Australia,169,0,8755,106,921,2,1263,4
2020-07-09,Australia,131,0,8886,106,966,2,1365,3
2020-07-10,Australia,173,0,9059,106,1058,2,1501,2
2020-07-11,Australia,300,0,9359,106,1104,2,1764,2
2020-07-12,Australia,194,1,9553,107,1191,3,1912,3
2020-07-13,Australia,244,1,9797,108,1348,4,2111,4
2020-07-14,Australia,183,0,9980,108,1394,2,2213,4
2020-07-15,Australia,271,0,10251,108,1496,2,2417,4
2020-07-16,Australia,244,3,10495,111,1609,5,2575,7
2020-07-17,Australia,315,2,10810,113,1751,7,2809,9
2020-07-18,Australia,425,3,11235,116,1876,10,2980,12
2020-07-19,Australia,206,2,11441,118,1888,11,3079,14
2020-07-20,Australia,361,4,11802,122,2005,14,3353,18
2020-07-21,Australia,267,1,12069,123,2089,15,3483,17
2020-07-22,Australia,359,3,12428,126,2177,18,3673,20
2020-07-23,Australia,468,2,12896,128,2401,17,4010,22
2020-07-24,Australia,410,5,13306,133,2496,20,4247,27
2020-07-25,Australia,289,6,13595,139,2360,23,4236,33
2020-07-26,Australia,355,6,13950,145,2509,27,4397,38
2020-07-27,Australia,453,10,14403,155,2601,33,4606,47
2020-07-28,Australia,532,6,14935,161,2866,38,4955,53
2020-07-29,Australia,369,6,15304,167,2876,41,5053,59
2020-07-30,Australia,278,9,15582,176,2686,48,5087,65
2020-07-31,Australia,721,13,16303,189,2997,56,5493,76
2020-08-01,Australia,602,7,16905,196,3310,57,5670,80
2020-08-02,Australia,377,4,17282,200,3332,55,5841,82
2020-08-03,Australia,641,8,17923,208,3520,53,6121,86
2020-08-04,Australia,395,13,18318,221,3383,60,6249,98
2020-08-05,Australia,411,11,18729,232,3425,65,6301,106
2020-08-06,Australia,715,15,19444,247,3862,71,6548,119
2020-08-07,Australia,418,8,19862,255,3559,66,6556,122
2020-08-08,Australia,410,11,20272,266,3367,70,6677,127
2020-08-09,Australia,426,12,20698,278,3416,78,6748,133
2020-08-10,Australia,386,17,21084,295,3161,87,6681,140
2020-08-11,Australia,313,18,21397,313,3079,92,6462,152
2020-08-12,Australia,316,18,21713,331,2984,99,6409,164
2020-08-13,Australia,414,21,22127,352,2683,105,6545,176
2020-08-14,Australia,231,9,22358,361,2496,106,6055,172
2020-08-15,Australia,385,14,22743,375,2471,109,5838,179
2020-08-16,Australia,292,4,23035,379,2337,101,5753,179
2020-08-17,Australia,253,17,23288,396,2204,101,5365,188
2020-08-18,Australia,311,25,23599,421,2202,108,5281,200
2020-08-19,Australia,174,17,23773,438,2060,107,5044,206
2020-08-20,Australia,220,12,23993,450,1866,98,4549,203
2020-08-21,Australia,243,13,24236,463,1878,102,4374,208
2020-08-22,Australia,171,9,24407,472,1664,97,4135,206
2020-08-23,Australia,195,13,24602,485,1567,106,3904,207
2020-08-24,Australia,210,17,24812,502,1524,106,3728,207
2020-08-25,Australia,104,15,24916,517,1317,96,3519,204
2020-08-26,Australia,137,8,25053,525,1280,87,3340,194
2020-08-27,Australia,152,24,25205,549,1212,99,3078,197
2020-08-28,Australia,117,23,25322,572,1086,109,2964,211
2020-08-29,Australia,126,11,25448,583,1041,111,2705,208
2020-08-30,Australia,99,17,25547,600,945,115,2512,221
2020-08-31,Australia,123,11,25670,611,858,109,2382,215
2020-04-01,Austria,564,20,10182,128,4900,98,8850,125
2020-04-02,Austria,529,18,10711,146,4823,112,9065,142
2020-04-03,Austria,418,12,11129,158,4100,106,8933,152
2020-04-04,Austria,396,10,11525,168,3828,100,8876,162
2020-04-05,Austria,241,18,11766,186,3475,118,8742,178
2020-04-06,Austria,217,18,11983,204,3170,118,8352,188
2020-04-07,Austria,314,16,12297,220,2679,112,7811,195
2020-04-08,Austria,343,23,12640,243,2458,115,7358,213
2020-04-09,Austria,329,30,12969,273,2258,127,7081,239
2020-04-10,Austria,279,22,13248,295,2119,137,6219,243
2020-04-11,Austria,312,24,13560,319,2035,151,5863,251
2020-04-12,Austria,247,18,13807,337,2041,151,5516,269
2020-04-13,Austria,130,13,13937,350,1954,146,5124,264
2020-04-14,Austria,106,18,14043,368,1746,148,4425,260
2020-04-15,Austria,191,16,14234,384,1594,141,4052,256
2020-04-16,Austria,136,9,14370,393,1401,120,3659,247
2020-04-17,Austria,78,17,14448,410,1200,115,3319,252
2020-04-18,Austria,155,21,14603,431,1043,112,3078,263
2020-04-19,Austria,59,12,14662,443,855,106,2896,257
2020-04-20,Austria,48,9,14710,452,773,102,2727,248
2020-04-21,Austria,73,10,14783,462,740,94,2486,242
2020-04-22,Austria,50,1,14833,463,599,79,2193,220
2020-04-23,Austria,91,31,14924,494,554,101,1955,221
2020-04-24,Austria,61,14,14985,508,537,98,1737,213
2020-04-25,Austria,83,5,15068,513,465,82,1508,194
2020-04-26,Austria,66,23,15134,536,472,93,1327,199
2020-04-27,Austria,55,6,15189,542,479,90,1252,192
2020-04-28,Austria,67,7,15256,549,473,87,1213,181
2020-04-29,Austria,58,20,15314,569,481,106,1080,185
2020-04-30,Austria,50,11,15364,580,440,86,994,187
2020-05-01,Austria,60,4,15424,584,439,76,976,174
2020-05-02,Austria,34,5,15458,589,390,76,855,158
2020-05-03,Austria,12,7,15470,596,336,60,808,153
2020-05-04,Austria,68,2,15538,598,349,56,828,146
2020-05-05,Austria,31,2,15569,600,313,51,786,138
2020-05-06,Austria,17,6,15586,606,272,37,753,143
2020-05-07,Austria,65,2,15651,608,287,28,727,114
2020-05-08,Austria,22,1,15673,609,249,25,688,101
2020-05-09,Austria,62,5,15735,614,277,25,667,101
2020-05-10,Austria,42,1,15777,615,307,19,643,79
2020-05-11,Austria,10,3,15787,618,249,20,598,76
2020-05-12,Austria,87,2,15874,620,305,20,618,71
2020-05-13,Austria,36,3,15910,623,324,17,596,54
2020-05-14,Austria,54,1,15964,624,313,16,600,44
2020-05-15,Austria,41,2,16005,626,332,17,581,42
2020-05-16,Austria,63,2,16068,628,333,14,610,39
2020-05-17,Austria,72,0,16140,628,363,13,670,32
2020-05-18,Austria,14,1,16154,629,367,11,616,31
2020-05-19,Austria,25,0,16179,629,305,9,610,29
2020-05-20,Austria,78,3,16257,632,347,9,671,26
2020-05-21,Austria,18,1,16275,633,311,9,624,25
2020-05-22,Austria,57,0,16332,633,327,7,659,24
2020-05-23,Austria,29,2,16361,635,293,7,626,21
2020-05-24,Austria,46,4,16407,639,267,11,630,24
2020-05-25,Austria,32,1,16439,640,285,11,652,22
2020-05-26,Austria,20,1,16459,641,280,12,585,21
2020-05-27,Austria,38,2,16497,643,240,11,587,20
2020-05-28,Austria,18,2,16515,645,240,12,551,21
2020-05-29,Austria,28,23,16543,668,211,35,538,42
2020-05-30,Austria,51,0,16594,668,233,33,526,40
2020-05-31,Austria,44,0,16638,668,231,29,498,40
2020-06-01,Austria,4,0,16642,668,203,28,488,39
2020-06-02,Austria,21,0,16663,668,204,27,484,39
2020-06-03,Austria,11,1,16674,669,177,26,417,37
2020-06-04,Austria,31,1,16705,670,190,25,430,37
2020-06-05,Austria,36,0,16741,670,198,2,409,37
2020-06-06,Austria,62,2,16803,672,209,4,442,37
2020-06-07,Austria,19,0,16822,672,184,4,415,33
2020-06-08,Austria,46,0,16868,672,226,4,429,32
2020-06-09,Austria,21,0,16889,672,226,4,430,31
2020-06-10,Austria,13,0,16902,672,228,3,405,29
2020-06-11,Austria,34,1,16936,673,231,3,421,28
2020-06-12,Austria,28,1,16964,674,223,4,421,6
2020-06-13,Austria,30,1,16994,675,191,3,400,7
2020-06-14,Austria,20,2,17014,677,192,5,376,9
2020-06-15,Austria,24,0,17038,677,170,5,396,9
2020-06-16,Austria,27,1,17065,678,176,6,402,10
2020-06-17,Austria,33,3,17098,681,196,9,424,12
2020-06-18,Austria,17,6,17115,687,179,14,410,17
2020-06-19,Austria,40,1,17155,688,191,14,414,18
2020-06-20,Austria,30,0,17185,688,191,13,382,16
2020-06-21,Austria,62,0,17247,688,233,11,425,16
2020-06-22,Austria,38,2,17285,690,247,13,417,18
2020-06-23,Austria,35,0,17320,690,255,12,431,18
2020-06-24,Austria,31,3,17351,693,253,12,449,21
2020-06-25,Austria,33,0,17384,693,269,6,448,20
2020-06-26,Austria,47,5,17431,698,276,10,467,24
2020-06-27,Austria,67,0,17498,698,313,10,504,23
2020-06-28,Austria,64,2,17562,700,315,12,548,23
2020-06-29,Austria,63,2,17625,702,340,12,587,25
2020-06-30,Austria,41,1,17666,703,346,13,601,25
2020-07-01,Austria,111,2,17777,705,426,12,679,24
2020-07-02,Austria,37,0,17814,705,430,12,699,18
2020-07-03,Austria,138,0,17952,705,521,7,797,17
2020-07-04,Austria,121,0,18073,705,575,7,888,17
2020-07-05,Austria,123,0,18196,705,634,5,949,17
2020-07-06,Austria,73,1,18269,706,644,4,984,16
2020-07-07,Austria,57,0,18326,706,660,3,1006,16
2020-07-08,Austria,89,0,18415,706,638,1,1064,13
2020-07-09,Austria,101,0,18516,706,702,1,1132,13
2020-07-10,Austria,97,0,18613,706,661,1,1182,8
2020-07-11,Austria,74,0,18687,706,614,1,1189,8
2020-07-12,Austria,108,0,18795,706,599,1,1233,6
2020-07-13,Austria,52,2,18847,708,578,2,1222,6
2020-07-14,Austria,12,0,18859,708,533,2,1193,5
2020-07-15,Austria,201,1,19060,709,645,3,1283,4
2020-07-16,Austria,55,1,19115,710,599,4,1301,5
2020-07-17,Austria,153,0,19268,710,655,4,1316,5
2020-07-18,Austria,138,0,19406,710,719,4,1333,5
2020-07-19,Austria,102,0,19508,710,713,4,1312,5
2020-07-20,Austria,63,0,19571,710,724,2,1302,4
2020-07-21,Austria,108,0,19679,710,820,2,1353,4
2020-07-22,Austria,139,0,19818,710,758,1,1403,4
2020-07-23,Austria,140,1,19958,711,843,1,1442,5
2020-07-24,Austria,164,0,20122,711,854,1,1509,5
2020-07-25,Austria,107,0,20229,711,823,1,1542,5
2020-07-26,Austria,120,1,20349,712,841,2,1554,6
2020-07-27,Austria,137,0,20486,712,915,2,1639,4
2020-07-28,Austria,64,1,20550,713,871,3,1691,5
2020-07-29,Austria,132,0,20682,713,864,3,1622,4
2020-07-30,Austria,164,3,20846,716,888,5,1731,6
2020-07-31,Austria,163,2,21009,718,887,7,1741,8
2020-08-01,Austria,89,0,21098,718,869,7,1692,8
2020-08-02,Austria,126,0,21224,718,875,6,1716,8
2020-08-03,Austria,85,0,21309,718,823,6,1738,8
2020-08-04,Austria,32,0,21341,718,791,5,1662,8
2020-08-05,Austria,131,1,21472,719,790,6,1654,9
2020-08-06,Austria,103,0,21575,719,729,3,1617,8
2020-08-07,Austria,114,0,21689,719,680,1,1567,8
2020-08-08,Austria,130,1,21819,720,721,2,1590,9
2020-08-09,Austria,116,1,21935,721,711,3,1586,9
2020-08-10,Austria,76,0,22011,721,702,3,1525,9
2020-08-11,Austria,111,2,22122,723,781,5,1572,10
2020-08-12,Austria,138,0,22260,723,788,4,1578,10
2020-08-13,Austria,241,1,22501,724,926,5,1655,8
2020-08-14,Austria,229,1,22730,725,1041,6,1721,7
2020-08-15,Austria,221,0,22951,725,1132,5,1853,7
2020-08-16,Austria,260,3,23211,728,1276,7,1987,10
2020-08-17,Austria,162,0,23373,728,1362,7,2064,10
2020-08-18,Austria,344,1,23717,729,1595,6,2376,11
2020-08-19,Austria,158,0,23875,729,1615,6,2403,10
2020-08-20,Austria,425,0,24300,729,1799,5,2725,10
2020-08-21,Austria,308,0,24608,729,1878,4,2919,10
2020-08-22,Austria,275,1,24883,730,1932,5,3064,10
2020-08-23,Austria,216,2,25099,732,1888,4,3164,11
2020-08-24,Austria,140,0,25239,732,1866,4,3228,11
2020-08-25,Austria,308,1,25547,733,1830,4,3425,10
2020-08-26,Austria,291,0,25838,733,1963,4,3578,10
2020-08-27,Austria,316,0,26154,733,1854,4,3653,9
2020-08-28,Austria,227,0,26381,733,1773,4,3651,8
2020-08-29,Austria,382,0,26763,733,1880,3,3812,8
2020-08-30,Austria,174,0,26937,733,1838,1,3726,5
2020-08-31,Austria,281,0,27218,733,1979,1,3845,5
2020-04-01,Azerbaijan,25,1,298,5,211,4,270,5
2020-04-02,Azerbaijan,61,0,359,5,266,3,325,5
2020-04-03,Azerbaijan,41,0,400,5,278,2,356,5
2020-04-04,Azerbaijan,43,0,443,5,278,2,399,4
2020-04-05,Azerbaijan,78,0,521,5,339,1,468,4
2020-04-06,Azerbaijan,63,2,584,7,375,3,519,6
2020-04-07,Azerbaijan,57,0,641,7,368,3,569,6
2020-04-08,Azerbaijan,76,1,717,8,419,3,630,7
2020-04-09,Azerbaijan,105,0,822,8,463,3,729,6
2020-04-10,Azerbaijan,104,1,926,9,526,4,804,6
2020-04-11,Azerbaijan,65,1,991,10,548,5,826,7
2020-04-12,Azerbaijan,67,1,1058,11,537,6,876,7
2020-04-13,Azerbaijan,40,0,1098,11,514,4,889,7
2020-04-14,Azerbaijan,50,1,1148,12,507,5,875,8
2020-04-15,Azerbaijan,49,1,1197,13,480,5,899,8
2020-04-16,Azerbaijan,56,0,1253,13,431,5,894,8
2020-04-17,Azerbaijan,30,2,1283,15,357,6,883,10
2020-04-18,Azerbaijan,57,0,1340,15,349,5,897,10
2020-04-19,Azerbaijan,33,3,1373,18,315,7,852,13
2020-04-20,Azerbaijan,25,1,1398,19,300,8,814,12
2020-04-21,Azerbaijan,38,0,1436,19,288,7,795,12
2020-04-22,Azerbaijan,44,1,1480,20,283,7,763,12
2020-04-23,Azerbaijan,38,0,1518,20,265,7,696,12
2020-04-24,Azerbaijan,30,0,1548,20,265,5,622,11
2020-04-25,Azerbaijan,44,1,1592,21,252,6,601,11
2020-04-26,Azerbaijan,25,0,1617,21,244,3,559,10
2020-04-27,Azerbaijan,28,0,1645,21,247,2,547,10
2020-04-28,Azerbaijan,33,1,1678,22,242,3,530,10
2020-04-29,Azerbaijan,39,0,1717,22,237,2,520,9
2020-04-30,Azerbaijan,49,1,1766,23,248,3,513,10
2020-05-01,Azerbaijan,38,1,1804,24,256,4,521,9
2020-05-02,Azerbaijan,50,1,1854,25,262,4,514,10
2020-05-03,Azerbaijan,40,0,1894,25,277,4,521,7
2020-05-04,Azerbaijan,38,0,1932,25,287,4,534,6
2020-05-05,Azerbaijan,52,1,1984,26,306,4,548,7
2020-05-06,Azerbaijan,76,0,2060,26,343,4,580,6
2020-05-07,Azerbaijan,67,2,2127,28,361,5,609,8
2020-05-08,Azerbaijan,77,0,2204,28,400,4,656,8
2020-05-09,Azerbaijan,75,0,2279,28,425,3,687,7
2020-05-10,Azerbaijan,143,3,2422,31,528,6,805,10
2020-05-11,Azerbaijan,97,1,2519,32,587,7,874,11
2020-05-12,Azerbaijan,70,0,2589,32,605,6,911,10
2020-05-13,Azerbaijan,104,1,2693,33,633,7,976,11
2020-05-14,Azerbaijan,65,2,2758,35,631,7,992,12
2020-05-15,Azerbaijan,121,0,2879,35,675,7,1075,11
2020-05-16,Azerbaijan,101,1,2980,36,701,8,1126,11
2020-05-17,Azerbaijan,158,0,3138,36,716,5,1244,11
2020-05-18,Azerbaijan,136,3,3274,39,755,7,1342,14
2020-05-19,Azerbaijan,13,1,3287,40,698,8,1303,14
2020-05-20,Azerbaijan,231,1,3518,41,825,8,1458,15
2020-05-21,Azerbaijan,113,2,3631,43,873,8,1504,15
2020-05-22,Azerbaijan,118,1,3749,44,870,9,1545,16
2020-05-23,Azerbaijan,106,2,3855,46,875,10,1576,18
2020-05-24,Azerbaijan,127,3,3982,49,844,13,1560,18
2020-05-25,Azerbaijan,140,0,4122,49,848,10,1603,17
2020-05-26,Azerbaijan,149,2,4271,51,984,11,1682,19
2020-05-27,Azerbaijan,132,1,4403,52,885,11,1710,19
2020-05-28,Azerbaijan,165,2,4568,54,937,11,1810,19
2020-05-29,Azerbaijan,191,2,4759,56,1010,12,1880,21
2020-05-30,Azerbaijan,230,2,4989,58,1134,12,2009,22
2020-05-31,Azerbaijan,257,3,5246,61,1264,12,2108,25
2020-06-01,Azerbaijan,248,2,5494,63,1372,14,2220,24
2020-06-02,Azerbaijan,168,5,5662,68,1391,17,2375,28
2020-06-03,Azerbaijan,273,3,5935,71,1532,19,2417,30
2020-06-04,Azerbaijan,325,5,6260,76,1692,22,2629,33
2020-06-05,Azerbaijan,262,2,6522,78,1763,22,2773,34
2020-06-06,Azerbaijan,338,4,6860,82,1871,24,3005,36
2020-06-07,Azerbaijan,379,2,7239,84,1993,23,3257,35
2020-06-08,Azerbaijan,314,4,7553,88,2059,25,3431,39
2020-06-09,Azerbaijan,323,5,7876,93,2214,25,3605,42
2020-06-10,Azerbaijan,315,5,8191,98,2256,27,3788,46
2020-06-11,Azerbaijan,339,4,8530,102,2270,26,3962,48
2020-06-12,Azerbaijan,352,6,8882,108,2360,30,4123,52
2020-06-13,Azerbaijan,336,5,9218,113,2358,31,4229,55
2020-06-14,Azerbaijan,352,2,9570,115,2331,31,4324,54
2020-06-15,Azerbaijan,387,4,9957,119,2404,31,4463,56
2020-06-16,Azerbaijan,367,3,10324,122,2448,29,4662,54
2020-06-17,Azerbaijan,338,4,10662,126,2471,28,4727,55
2020-06-18,Azerbaijan,329,7,10991,133,2461,31,4731,57
2020-06-19,Azerbaijan,338,6,11329,139,2447,31,4807,61
2020-06-20,Azerbaijan,438,4,11767,143,2549,30,4907,61
2020-06-21,Azerbaijan,471,5,12238,148,2668,33,4999,64
2020-06-22,Azerbaijan,491,6,12729,154,2772,35,5176,66
2020-06-23,Azerbaijan,478,7,13207,161,2883,39,5331,68
2020-06-24,Azerbaijan,508,6,13715,167,3053,41,5524,69
2020-06-25,Azerbaijan,590,7,14305,174,3314,41,5775,72
2020-06-26,Azerbaijan,547,6,14852,180,3523,41,5970,72
2020-06-27,Azerbaijan,517,7,15369,187,3602,44,6151,74
2020-06-28,Azerbaijan,521,6,15890,193,3652,45,6320,78
2020-06-29,Azerbaijan,534,5,16424,198,3695,44,6467,79
2020-06-30,Azerbaijan,544,8,16968,206,3761,45,6644,84
2020-07-01,Azerbaijan,556,7,17524,213,3809,46,6862,87
2020-07-02,Azerbaijan,588,7,18112,220,3807,46,7121,87
2020-07-03,Azerbaijan,572,8,18684,228,3832,48,7355,89
2020-07-04,Azerbaijan,583,7,19267,235,3898,48,7500,92
2020-07-05,Azerbaijan,534,6,19801,241,3911,48,7563,93
2020-07-06,Azerbaijan,523,9,20324,250,3900,52,7595,96
2020-07-07,Azerbaijan,513,8,20837,258,3869,52,7630,97
2020-07-08,Azerbaijan,537,7,21374,265,3850,52,7659,98
2020-07-09,Azerbaijan,542,9,21916,274,3804,54,7611,100
2020-07-10,Azerbaijan,548,10,22464,284,3780,56,7612,104
2020-07-11,Azerbaijan,526,8,22990,292,3723,57,7621,105
2020-07-12,Azerbaijan,531,6,23521,298,3720,57,7631,105
2020-07-13,Azerbaijan,520,8,24041,306,3717,56,7617,108
2020-07-14,Azerbaijan,529,7,24570,313,3733,55,7602,107
2020-07-15,Azerbaijan,543,6,25113,319,3739,54,7589,106
2020-07-16,Azerbaijan,559,7,25672,326,3756,52,7560,106
2020-07-17,Azerbaijan,493,8,26165,334,3701,50,7481,106
2020-07-18,Azerbaijan,471,7,26636,341,3646,49,7369,106
2020-07-19,Azerbaijan,497,8,27133,349,3612,51,7332,108
2020-07-20,Azerbaijan,388,5,27521,354,3480,48,7197,104
2020-07-21,Azerbaijan,369,9,27890,363,3320,50,7053,105
2020-07-22,Azerbaijan,352,13,28242,376,3129,57,6868,111
2020-07-23,Azerbaijan,391,9,28633,385,2961,59,6717,111
2020-07-24,Azerbaijan,347,6,28980,391,2815,57,6516,107
2020-07-25,Azerbaijan,332,9,29312,400,2676,59,6322,108
2020-07-26,Azerbaijan,321,8,29633,408,2500,59,6112,110
2020-07-27,Azerbaijan,417,9,30050,417,2529,63,6009,111
2020-07-28,Azerbaijan,396,6,30446,423,2556,60,5876,110
2020-07-29,Azerbaijan,412,7,30858,430,2616,54,5745,111
2020-07-30,Azerbaijan,363,8,31221,438,2588,53,5549,112
2020-07-31,Azerbaijan,339,3,31560,441,2580,50,5395,107
2020-08-01,Azerbaijan,318,7,31878,448,2566,48,5242,107
2020-08-02,Azerbaijan,279,6,32157,454,2524,46,5024,105
2020-08-03,Azerbaijan,286,8,32443,462,2393,45,4922,108
2020-08-04,Azerbaijan,241,6,32684,468,2238,45,4794,105
2020-08-05,Azerbaijan,226,5,32910,473,2052,43,4668,97
2020-08-06,Azerbaijan,193,3,33103,476,1882,38,4470,91
2020-08-07,Azerbaijan,144,3,33247,479,1687,38,4267,88
2020-08-08,Azerbaijan,129,4,33376,483,1498,35,4064,83
2020-08-09,Azerbaijan,105,5,33481,488,1324,34,3848,80
2020-08-10,Azerbaijan,87,2,33568,490,1125,28,3518,73
2020-08-11,Azerbaijan,79,2,33647,492,963,24,3201,69
2020-08-12,Azerbaijan,84,3,33731,495,821,22,2873,65
2020-08-13,Azerbaijan,93,2,33824,497,721,21,2603,59
2020-08-14,Azerbaijan,91,3,33915,500,668,21,2355,59
2020-08-15,Azerbaijan,103,4,34018,504,642,21,2140,56
2020-08-16,Azerbaijan,89,2,34107,506,626,18,1950,52
2020-08-17,Azerbaijan,112,0,34219,506,651,16,1776,44
2020-08-18,Azerbaijan,124,2,34343,508,696,16,1659,40
2020-08-19,Azerbaijan,131,1,34474,509,743,14,1564,36
2020-08-20,Azerbaijan,146,1,34620,510,796,13,1517,34
2020-08-21,Azerbaijan,139,0,34759,510,844,10,1512,31
2020-08-22,Azerbaijan,162,2,34921,512,903,8,1545,29
2020-08-23,Azerbaijan,184,3,35105,515,998,9,1624,27
2020-08-24,Azerbaijan,169,3,35274,518,1055,12,1706,28
2020-08-25,Azerbaijan,152,1,35426,519,1083,11,1779,27
2020-08-26,Azerbaijan,133,2,35559,521,1085,12,1828,26
2020-08-27,Azerbaijan,148,1,35707,522,1087,12,1883,25
2020-08-28,Azerbaijan,137,2,35844,524,1085,14,1929,24
2020-08-29,Azerbaijan,142,3,35986,527,1065,15,1968,23
2020-08-30,Azerbaijan,188,2,36174,529,1069,14,2067,23
2020-08-31,Azerbaijan,135,2,36309,531,1035,13,2090,25
2020-04-01,Bahamas,1,0,15,0,11,0,14,0
2020-04-02,Bahamas,6,1,21,1,16,1,20,1
2020-04-03,Bahamas,3,0,24,1,15,1,21,1
2020-04-04,Bahamas,0,2,24,3,15,3,20,3
2020-04-05,Bahamas,4,1,28,4,17,4,24,4
2020-04-06,Bahamas,1,1,29,5,15,5,25,5
2020-04-07,Bahamas,4,0,33,5,19,5,29,5
2020-04-08,Bahamas,3,1,36,6,21,6,32,6
2020-04-09,Bahamas,4,1,40,7,19,6,35,7
2020-04-10,Bahamas,1,1,41,8,17,7,32,8
2020-04-11,Bahamas,1,0,42,8,18,5,33,8
2020-04-12,Bahamas,4,0,46,8,18,4,35,8
2020-04-13,Bahamas,1,0,47,8,18,3,33,8
2020-04-14,Bahamas,2,0,49,8,16,3,35,8
2020-04-15,Bahamas,0,0,49,8,13,2,34,8
2020-04-16,Bahamas,4,0,53,8,13,1,32,7
2020-04-17,Bahamas,1,1,54,9,13,1,30,8
2020-04-18,Bahamas,1,0,55,9,13,1,31,6
2020-04-19,Bahamas,3,0,58,9,12,1,30,5
2020-04-20,Bahamas,2,0,60,9,13,1,31,4
2020-04-21,Bahamas,4,0,64,9,15,1,31,4
2020-04-22,Bahamas,1,0,65,9,16,1,29,3
2020-04-23,Bahamas,5,0,70,9,17,1,30,2
2020-04-24,Bahamas,2,2,72,11,18,2,31,3
2020-04-25,Bahamas,1,0,73,11,18,2,31,3
2020-04-26,Bahamas,5,0,78,11,20,2,32,3
2020-04-27,Bahamas,2,0,80,11,20,2,33,3
2020-04-28,Bahamas,0,0,80,11,16,2,31,3
2020-04-29,Bahamas,0,0,80,11,15,2,31,3
2020-04-30,Bahamas,0,0,80,11,10,2,27,3
2020-05-01,Bahamas,1,0,81,11,9,0,27,2
2020-05-02,Bahamas,1,0,82,11,9,0,27,2
2020-05-03,Bahamas,1,0,83,11,5,0,25,2
2020-05-04,Bahamas,0,0,83,11,3,0,23,2
2020-05-05,Bahamas,0,0,83,11,3,0,19,2
2020-05-06,Bahamas,6,0,89,11,9,0,24,2
2020-05-07,Bahamas,3,0,92,11,12,0,22,2
2020-05-08,Bahamas,0,0,92,11,11,0,20,0
2020-05-09,Bahamas,0,0,92,11,10,0,19,0
2020-05-10,Bahamas,0,0,92,11,9,0,14,0
2020-05-11,Bahamas,0,0,92,11,9,0,12,0
2020-05-12,Bahamas,1,0,93,11,10,0,13,0
2020-05-13,Bahamas,0,0,93,11,4,0,13,0
2020-05-14,Bahamas,1,0,94,11,2,0,14,0
2020-05-15,Bahamas,2,0,96,11,4,0,15,0
2020-05-16,Bahamas,0,0,96,11,4,0,14,0
2020-05-17,Bahamas,0,0,96,11,4,0,13,0
2020-05-18,Bahamas,0,0,96,11,4,0,13,0
2020-05-19,Bahamas,0,0,96,11,3,0,13,0
2020-05-20,Bahamas,0,0,96,11,3,0,7,0
2020-05-21,Bahamas,1,0,97,11,3,0,5,0
2020-05-22,Bahamas,0,0,97,11,1,0,5,0
2020-05-23,Bahamas,0,0,97,11,1,0,5,0
2020-05-24,Bahamas,3,0,100,11,4,0,8,0
2020-05-25,Bahamas,0,0,100,11,4,0,8,0
2020-05-26,Bahamas,0,0,100,11,4,0,7,0
2020-05-27,Bahamas,0,0,100,11,4,0,7,0
2020-05-28,Bahamas,0,0,100,11,3,0,6,0
2020-05-29,Bahamas,1,0,101,11,4,0,5,0
2020-05-30,Bahamas,1,0,102,11,5,0,6,0
2020-05-31,Bahamas,0,0,102,11,2,0,6,0
2020-06-01,Bahamas,0,0,102,11,2,0,6,0
2020-06-02,Bahamas,0,0,102,11,2,0,6,0
2020-06-03,Bahamas,0,0,102,11,2,0,6,0
2020-06-04,Bahamas,0,0,102,11,2,0,5,0
2020-06-05,Bahamas,0,0,102,11,1,0,5,0
2020-06-06,Bahamas,0,0,102,11,0,0,5,0
2020-06-07,Bahamas,1,0,103,11,1,0,3,0
2020-06-08,Bahamas,0,0,103,11,1,0,3,0
2020-06-09,Bahamas,0,0,103,11,1,0,3,0
2020-06-10,Bahamas,0,0,103,11,1,0,3,0
2020-06-11,Bahamas,0,0,103,11,1,0,3,0
2020-06-12,Bahamas,0,0,103,11,1,0,2,0
2020-06-13,Bahamas,0,0,103,11,1,0,1,0
2020-06-14,Bahamas,0,0,103,11,0,0,1,0
2020-06-15,Bahamas,0,0,103,11,0,0,1,0
2020-06-16,Bahamas,1,0,104,11,1,0,2,0
2020-06-17,Bahamas,0,0,104,11,1,0,2,0
2020-06-18,Bahamas,0,0,104,11,1,0,2,0
2020-06-19,Bahamas,0,0,104,11,1,0,2,0
2020-06-20,Bahamas,0,0,104,11,1,0,2,0
2020-06-21,Bahamas,0,0,104,11,1,0,1,0
2020-06-22,Bahamas,0,0,104,11,1,0,1,0
2020-06-23,Bahamas,0,0,104,11,0,0,1,0
2020-06-24,Bahamas,0,0,104,11,0,0,1,0
2020-06-25,Bahamas,0,0,104,11,0,0,1,0
2020-06-26,Bahamas,0,0,104,11,0,0,1,0
2020-06-27,Bahamas,0,0,104,11,0,0,1,0
2020-06-28,Bahamas,0,0,104,11,0,0,1,0
2020-06-29,Bahamas,0,0,104,11,0,0,1,0
2020-06-30,Bahamas,0,0,104,11,0,0,0,0
2020-07-01,Bahamas,0,0,104,11,0,0,0,0
2020-07-02,Bahamas,0,0,104,11,0,0,0,0
2020-07-03,Bahamas,0,0,104,11,0,0,0,0
2020-07-04,Bahamas,0,0,104,11,0,0,0,0
2020-07-05,Bahamas,0,0,104,11,0,0,0,0
2020-07-06,Bahamas,0,0,104,11,0,0,0,0
2020-07-07,Bahamas,0,0,104,11,0,0,0,0
2020-07-08,Bahamas,0,0,104,11,0,0,0,0
2020-07-09,Bahamas,2,0,106,11,2,0,2,0
2020-07-10,Bahamas,1,0,107,11,3,0,3,0
2020-07-11,Bahamas,1,0,108,11,4,0,4,0
2020-07-12,Bahamas,3,0,111,11,7,0,7,0
2020-07-13,Bahamas,0,0,111,11,7,0,7,0
2020-07-14,Bahamas,2,0,113,11,9,0,9,0
2020-07-15,Bahamas,3,0,116,11,12,0,12,0
2020-07-16,Bahamas,3,0,119,11,13,0,15,0
2020-07-17,Bahamas,5,0,124,11,17,0,20,0
2020-07-18,Bahamas,5,0,129,11,21,0,25,0
2020-07-19,Bahamas,9,0,138,11,27,0,34,0
2020-07-20,Bahamas,15,0,153,11,42,0,49,0
2020-07-21,Bahamas,21,0,174,11,61,0,70,0
2020-07-22,Bahamas,20,0,194,11,78,0,90,0
2020-07-23,Bahamas,25,0,219,11,100,0,113,0
2020-07-24,Bahamas,55,0,274,11,150,0,167,0
2020-07-25,Bahamas,42,0,316,11,187,0,208,0
2020-07-26,Bahamas,10,0,326,11,188,0,215,0
2020-07-27,Bahamas,16,0,342,11,189,0,231,0
2020-07-28,Bahamas,40,0,382,11,208,0,269,0
2020-07-29,Bahamas,65,0,447,11,253,0,331,0
2020-07-30,Bahamas,37,0,484,11,265,0,365,0
2020-07-31,Bahamas,24,3,508,14,234,3,384,3
2020-08-01,Bahamas,66,0,574,14,258,3,445,3
2020-08-02,Bahamas,25,0,599,14,273,3,461,3
2020-08-03,Bahamas,49,0,648,14,306,3,495,3
2020-08-04,Bahamas,31,0,679,14,297,3,505,3
2020-08-05,Bahamas,36,0,715,14,268,3,521,3
2020-08-06,Bahamas,36,0,751,14,267,3,532,3
2020-08-07,Bahamas,10,0,761,14,253,0,487,3
2020-08-08,Bahamas,69,0,830,14,256,0,514,3
2020-08-09,Bahamas,48,0,878,14,279,0,552,3
2020-08-10,Bahamas,20,1,898,15,250,1,556,4
2020-08-11,Bahamas,47,0,945,15,266,1,563,4
2020-08-12,Bahamas,44,0,989,15,274,1,542,4
2020-08-13,Bahamas,47,0,1036,15,285,1,552,4
2020-08-14,Bahamas,53,0,1089,15,328,1,581,1
2020-08-15,Bahamas,30,2,1119,17,289,3,545,3
2020-08-16,Bahamas,133,0,1252,17,374,3,653,3
2020-08-17,Bahamas,63,1,1315,18,417,3,667,4
2020-08-18,Bahamas,14,1,1329,19,384,4,650,5
2020-08-19,Bahamas,95,1,1424,20,435,5,709,6
2020-08-20,Bahamas,107,2,1531,22,495,7,780,8
2020-08-21,Bahamas,79,1,1610,23,521,8,849,9
2020-08-22,Bahamas,93,4,1703,27,584,10,873,13
2020-08-23,Bahamas,62,2,1765,29,513,12,887,15
2020-08-24,Bahamas,0,0,1765,29,450,11,867,14
2020-08-25,Bahamas,33,11,1798,40,469,21,853,25
2020-08-26,Bahamas,15,0,1813,40,389,20,824,25
2020-08-27,Bahamas,0,0,1813,40,282,18,777,25
2020-08-28,Bahamas,110,0,1923,40,313,17,834,25
2020-08-29,Bahamas,134,0,2057,40,354,13,938,23
2020-08-30,Bahamas,78,3,2135,43,370,14,883,26
2020-08-31,Bahamas,32,0,2167,43,402,14,852,25
2020-04-01,Bahrain,52,0,567,4,177,1,330,3
2020-04-02,Bahrain,2,0,569,4,150,1,313,3
2020-04-03,Bahrain,74,0,643,4,185,0,374,3
2020-04-04,Bahrain,0,0,643,4,177,0,358,3
2020-04-05,Bahrain,45,0,688,4,215,0,382,3
2020-04-06,Bahrain,12,0,700,4,200,0,366,2
2020-04-07,Bahrain,56,0,756,4,241,0,417,2
2020-04-08,Bahrain,55,1,811,5,244,1,421,2
2020-04-09,Bahrain,12,0,823,5,254,1,404,2
2020-04-10,Bahrain,64,0,887,5,244,1,429,1
2020-04-11,Bahrain,111,1,998,6,355,2,532,2
2020-04-12,Bahrain,42,0,1040,6,352,2,567,2
2020-04-13,Bahrain,96,0,1136,6,436,2,636,2
2020-04-14,Bahrain,225,1,1361,7,605,3,846,3
2020-04-15,Bahrain,167,0,1528,7,717,2,961,3
2020-04-16,Bahrain,145,0,1673,7,850,2,1104,3
2020-04-17,Bahrain,27,0,1700,7,813,2,1057,3
2020-04-18,Bahrain,44,0,1744,7,746,1,1101,3
2020-04-19,Bahrain,29,0,1773,7,733,1,1085,3
2020-04-20,Bahrain,100,0,1873,7,737,1,1173,3
2020-04-21,Bahrain,34,0,1907,7,546,0,1151,3
2020-04-22,Bahrain,66,0,1973,7,445,0,1162,2
2020-04-23,Bahrain,34,0,2007,7,334,0,1184,2
2020-04-24,Bahrain,210,1,2217,8,517,1,1330,3
2020-04-25,Bahrain,301,0,2518,8,774,1,1520,2
2020-04-26,Bahrain,71,0,2589,8,816,1,1549,2
2020-04-27,Bahrain,58,0,2647,8,774,1,1511,2
2020-04-28,Bahrain,76,0,2723,8,816,1,1362,1
2020-04-29,Bahrain,88,0,2811,8,838,1,1283,1
2020-04-30,Bahrain,110,0,2921,8,914,1,1248,1
2020-05-01,Bahrain,119,0,3040,8,823,0,1340,1
2020-05-02,Bahrain,130,0,3170,8,652,0,1426,1
2020-05-03,Bahrain,114,0,3284,8,695,0,1511,1
2020-05-04,Bahrain,99,0,3383,8,736,0,1510,1
2020-05-05,Bahrain,150,0,3533,8,810,0,1626,1
2020-05-06,Bahrain,187,0,3720,8,909,0,1747,1
2020-05-07,Bahrain,214,0,3934,8,1013,0,1927,1
2020-05-08,Bahrain,265,0,4199,8,1159,0,1982,0
2020-05-09,Bahrain,245,0,4444,8,1274,0,1926,0
2020-05-10,Bahrain,330,0,4774,8,1490,0,2185,0
2020-05-11,Bahrain,167,0,4941,8,1558,0,2294,0
2020-05-12,Bahrain,295,0,5236,8,1703,0,2513,0
2020-05-13,Bahrain,295,1,5531,9,1811,1,2720,1
2020-05-14,Bahrain,285,1,5816,10,1882,2,2895,2
2020-05-15,Bahrain,382,0,6198,10,1999,2,3158,2
2020-05-16,Bahrain,385,2,6583,12,2139,4,3413,4
2020-05-17,Bahrain,164,0,6747,12,1973,4,3463,4
2020-05-18,Bahrain,209,0,6956,12,2015,4,3573,4
2020-05-19,Bahrain,228,0,7184,12,1948,4,3651,4
2020-05-20,Bahrain,348,0,7532,12,2001,3,3812,4
2020-05-21,Bahrain,356,0,7888,12,2072,2,3954,4
2020-05-22,Bahrain,286,0,8174,12,1976,2,3975,4
2020-05-23,Bahrain,240,0,8414,12,1831,0,3970,4
2020-05-24,Bahrain,388,1,8802,13,2055,1,4028,5
2020-05-25,Bahrain,336,1,9138,14,2182,2,4197,6
2020-05-26,Bahrain,33,0,9171,14,1987,2,3935,6
2020-05-27,Bahrain,195,0,9366,14,1834,2,3835,5
2020-05-28,Bahrain,267,1,9633,15,1745,3,3817,5
2020-05-29,Bahrain,419,0,10052,15,1878,3,3854,5
2020-05-30,Bahrain,397,0,10449,15,2035,3,3866,3
2020-05-31,Bahrain,344,2,10793,17,1991,4,4046,5
2020-06-01,Bahrain,605,2,11398,19,2260,5,4442,7
2020-06-02,Bahrain,406,0,11804,19,2633,5,4620,7
2020-06-03,Bahrain,507,0,12311,19,2945,5,4779,7
2020-06-04,Bahrain,504,1,12815,20,3182,5,4927,8
2020-06-05,Bahrain,481,1,13296,21,3244,6,5122,9
2020-06-06,Bahrain,539,2,13835,23,3386,8,5421,11
2020-06-07,Bahrain,548,1,14383,24,3590,7,5581,11
2020-06-08,Bahrain,380,2,14763,26,3365,7,5625,12
2020-06-09,Bahrain,654,1,15417,27,3613,8,6246,13
2020-06-10,Bahrain,783,2,16200,29,3889,10,6834,15
2020-06-11,Bahrain,467,3,16667,32,3852,12,7034,17
2020-06-12,Bahrain,0,2,16667,34,3371,13,6615,19
2020-06-13,Bahrain,1046,2,17713,36,3878,13,7264,21
2020-06-14,Bahrain,514,3,18227,39,3844,15,7434,22
2020-06-15,Bahrain,317,4,18544,43,3781,17,7146,24
2020-06-16,Bahrain,469,3,19013,46,3596,19,7209,27
2020-06-17,Bahrain,540,1,19553,47,3353,18,7242,28
2020-06-18,Bahrain,408,2,19961,49,3294,17,7146,29
2020-06-19,Bahrain,469,6,20430,55,3763,21,7134,34
2020-06-20,Bahrain,486,2,20916,57,3203,21,7081,34
2020-06-21,Bahrain,415,3,21331,60,3104,21,6948,36
2020-06-22,Bahrain,433,3,21764,63,3220,20,7001,37
2020-06-23,Bahrain,643,2,22407,65,3394,19,6990,38
2020-06-24,Bahrain,655,2,23062,67,3509,20,6862,38
2020-06-25,Bahrain,508,2,23570,69,3609,20,6903,37
2020-06-26,Bahrain,511,2,24081,71,3651,16,7414,37
2020-06-27,Bahrain,724,7,24805,78,3889,21,7092,42
2020-06-28,Bahrain,462,0,25267,78,3936,18,7040,39
2020-06-29,Bahrain,438,5,25705,83,3941,20,7161,40
2020-06-30,Bahrain,534,1,26239,84,3832,19,7226,38
2020-07-01,Bahrain,519,3,26758,87,3696,20,7205,40
2020-07-02,Bahrain,656,5,27414,92,3844,23,7453,43
2020-07-03,Bahrain,423,2,27837,94,3756,23,7407,39
2020-07-04,Bahrain,573,1,28410,95,3605,17,7494,38
2020-07-05,Bahrain,447,2,28857,97,3590,19,7526,37
2020-07-06,Bahrain,510,0,29367,97,3662,14,7603,34
2020-07-07,Bahrain,454,1,29821,98,3582,14,7414,33
2020-07-08,Bahrain,500,0,30321,98,3563,11,7259,31
2020-07-09,Bahrain,610,2,30931,100,3517,8,7361,31
2020-07-10,Bahrain,597,3,31528,103,3691,9,7447,32
2020-07-11,Bahrain,511,1,32039,104,3629,9,7234,26
2020-07-12,Bahrain,431,0,32470,104,3613,7,7203,26
2020-07-13,Bahrain,471,5,32941,109,3574,12,7236,26
2020-07-14,Bahrain,535,0,33476,109,3655,11,7237,25
2020-07-15,Bahrain,602,2,34078,111,3757,13,7320,24
2020-07-16,Bahrain,482,6,34560,117,3629,17,7146,25
2020-07-17,Bahrain,524,4,35084,121,3556,18,7247,27
2020-07-18,Bahrain,389,3,35473,124,3434,20,7063,29
2020-07-19,Bahrain,531,0,36004,124,3534,20,7147,27
2020-07-20,Bahrain,418,2,36422,126,3481,17,7055,29
2020-07-21,Bahrain,514,2,36936,128,3460,19,7115,30
2020-07-22,Bahrain,380,1,37316,129,3238,18,6995,31
2020-07-23,Bahrain,321,1,37637,130,3077,13,6706,30
2020-07-24,Bahrain,359,4,37996,134,2912,13,6468,31
2020-07-25,Bahrain,462,2,38458,136,2985,12,6419,32
2020-07-26,Bahrain,289,1,38747,137,2743,13,6277,33
2020-07-27,Bahrain,384,3,39131,140,2709,14,6190,31
2020-07-28,Bahrain,351,1,39482,141,2546,13,6006,32
2020-07-29,Bahrain,439,0,39921,141,2605,12,5843,30
2020-07-30,Bahrain,390,3,40311,144,2674,14,5751,27
2020-07-31,Bahrain,444,2,40755,146,2759,12,5671,25
2020-08-01,Bahrain,227,1,40982,147,2524,11,5509,23
2020-08-02,Bahrain,208,0,41190,147,2443,10,5186,23
2020-08-03,Bahrain,346,0,41536,147,2405,7,5114,21
2020-08-04,Bahrain,299,3,41835,150,2353,9,4899,22
2020-08-05,Bahrain,297,1,42132,151,2211,10,4816,22
2020-08-06,Bahrain,382,3,42514,154,2203,10,4877,24
2020-08-07,Bahrain,375,2,42889,156,2134,10,4893,22
2020-08-08,Bahrain,418,3,43307,159,2325,12,4849,23
2020-08-09,Bahrain,322,2,43629,161,2439,14,4882,24
2020-08-10,Bahrain,382,1,44011,162,2475,15,4880,22
2020-08-11,Bahrain,386,1,44397,163,2562,13,4915,22
2020-08-12,Bahrain,407,2,44804,165,2672,14,4883,24
2020-08-13,Bahrain,460,1,45264,166,2750,12,4953,22
2020-08-14,Bahrain,462,1,45726,167,2837,11,4971,21
2020-08-15,Bahrain,326,1,46052,168,2745,9,5070,21
2020-08-16,Bahrain,378,2,46430,170,2801,9,5240,23
2020-08-17,Bahrain,0,0,46430,170,2419,8,4894,23
2020-08-18,Bahrain,755,3,47185,173,2788,10,5350,23
2020-08-19,Bahrain,0,2,47185,175,2381,10,5053,24
2020-08-20,Bahrain,0,0,47185,175,1921,9,4671,21
2020-08-21,Bahrain,765,4,47950,179,2224,12,5061,23
2020-08-22,Bahrain,353,0,48303,179,2251,11,4996,20
2020-08-23,Bahrain,735,4,49038,183,2608,13,5409,22
2020-08-24,Bahrain,0,1,49038,184,2608,14,5027,22
2020-08-25,Bahrain,292,0,49330,184,2145,11,4933,21
2020-08-26,Bahrain,746,2,50076,186,2891,11,5272,21
2020-08-27,Bahrain,317,0,50393,186,3208,11,5129,20
2020-08-28,Bahrain,363,2,50756,188,2806,9,5030,21
2020-08-29,Bahrain,357,1,51113,189,2810,10,5061,21
2020-08-30,Bahrain,278,0,51391,189,2353,6,4961,19
2020-08-31,Bahrain,183,0,51574,189,2536,5,5144,19
2020-04-01,Bangladesh,2,0,51,5,12,1,43,5
2020-04-02,Bangladesh,3,1,54,6,15,1,44,6
2020-04-03,Bangladesh,2,0,56,6,8,1,46,6
2020-04-04,Bangladesh,5,0,61,6,13,1,44,6
2020-04-05,Bangladesh,9,2,70,8,22,3,46,6
2020-04-06,Bangladesh,18,1,88,9,39,4,61,6
2020-04-07,Bangladesh,35,3,123,12,74,7,90,9
2020-04-08,Bangladesh,41,5,164,17,113,12,125,13
2020-04-09,Bangladesh,54,3,218,20,164,14,179,15
2020-04-10,Bangladesh,112,1,330,21,274,15,282,16
2020-04-11,Bangladesh,94,6,424,27,363,21,376,22
2020-04-12,Bangladesh,58,3,482,30,412,22,434,25
2020-04-13,Bangladesh,139,4,621,34,533,25,572,29
2020-04-14,Bangladesh,182,5,803,39,680,27,754,34
2020-04-15,Bangladesh,209,7,1012,46,848,29,961,41
2020-04-16,Bangladesh,219,4,1231,50,1013,30,1177,44
2020-04-17,Bangladesh,341,10,1572,60,1242,39,1516,54
2020-04-18,Bangladesh,266,15,1838,75,1414,48,1777,69
2020-04-19,Bangladesh,306,9,2144,84,1662,54,2074,76
2020-04-20,Bangladesh,312,7,2456,91,1835,57,2368,82
2020-04-21,Bangladesh,492,10,2948,101,2145,62,2825,89
2020-04-22,Bangladesh,434,9,3382,110,2370,64,3218,93
2020-04-23,Bangladesh,390,10,3772,120,2541,70,3554,100
2020-04-24,Bangladesh,414,7,4186,127,2614,67,3856,106
2020-04-25,Bangladesh,503,4,4689,131,2851,56,4265,104
2020-04-26,Bangladesh,309,9,4998,140,2854,56,4516,110
2020-04-27,Bangladesh,418,5,5416,145,2960,54,4795,111
2020-04-28,Bangladesh,497,7,5913,152,2965,51,5110,113
2020-04-29,Bangladesh,549,3,6462,155,3080,45,5450,109
2020-04-30,Bangladesh,641,8,7103,163,3331,43,5872,113
2020-05-01,Bangladesh,564,5,7667,168,3481,41,6095,108
2020-05-02,Bangladesh,571,2,8238,170,3549,39,6400,95
2020-05-03,Bangladesh,552,5,8790,175,3792,35,6646,91
2020-05-04,Bangladesh,665,2,9455,177,4039,32,6999,86
2020-05-05,Bangladesh,688,5,10143,182,4230,30,7195,81
2020-05-06,Bangladesh,786,1,10929,183,4467,28,7547,73
2020-05-07,Bangladesh,790,3,11719,186,4616,23,7947,66
2020-05-08,Bangladesh,706,13,12425,199,4758,31,8239,72
2020-05-09,Bangladesh,709,7,13134,206,4896,36,8445,75
2020-05-10,Bangladesh,636,8,13770,214,4980,39,8772,74
2020-05-11,Bangladesh,887,14,14657,228,5202,51,9241,83
2020-05-12,Bangladesh,1034,11,15691,239,5548,57,9778,87
2020-05-13,Bangladesh,969,11,16660,250,5731,67,10198,95
2020-05-14,Bangladesh,1162,19,17822,269,6103,83,10719,106
2020-05-15,Bangladesh,1041,14,18863,283,6438,84,11196,115
2020-05-16,Bangladesh,1202,15,20065,298,6931,92,11827,128
2020-05-17,Bangladesh,930,16,20995,314,7225,100,12205,139
2020-05-18,Bangladesh,1273,14,22268,328,7611,100,12813,151
2020-05-19,Bangladesh,1602,21,23870,349,8179,110,13727,167
2020-05-20,Bangladesh,1251,21,25121,370,8461,120,14192,187
2020-05-21,Bangladesh,1617,16,26738,386,8916,117,15019,200
2020-05-22,Bangladesh,1773,22,28511,408,9648,125,16086,209
2020-05-23,Bangladesh,1694,24,30205,432,10140,134,17071,226
2020-05-24,Bangladesh,1873,20,32078,452,11083,138,18308,238
2020-05-25,Bangladesh,1532,28,33610,480,11342,152,18953,252
2020-05-26,Bangladesh,1975,21,35585,501,11715,152,19894,262
2020-05-27,Bangladesh,1166,21,36751,522,11630,152,20091,272
2020-05-28,Bangladesh,1541,22,38292,544,11554,158,20470,275
2020-05-29,Bangladesh,2029,15,40321,559,11810,151,21458,276
2020-05-30,Bangladesh,2523,23,42844,582,12639,150,22779,284
2020-05-31,Bangladesh,1764,28,44608,610,12530,158,23613,296
2020-06-01,Bangladesh,2545,40,47153,650,13543,170,24885,322
2020-06-02,Bangladesh,2381,22,49534,672,13949,171,25664,323
2020-06-03,Bangladesh,2911,37,52445,709,15694,187,27324,339
2020-06-04,Bangladesh,2695,37,55140,746,16848,202,28402,360
2020-06-05,Bangladesh,2423,35,57563,781,17242,222,29052,373
2020-06-06,Bangladesh,2828,30,60391,811,17547,229,30186,379
2020-06-07,Bangladesh,2635,35,63026,846,18418,236,30948,394
2020-06-08,Bangladesh,2743,42,65769,888,18616,238,32159,408
2020-06-09,Bangladesh,2735,42,68504,930,18970,258,32919,429
2020-06-10,Bangladesh,3171,45,71675,975,19230,266,34924,453
2020-06-11,Bangladesh,3190,37,74865,1012,19725,266,36573,468
2020-06-12,Bangladesh,3187,37,78052,1049,20489,268,37731,490
2020-06-13,Bangladesh,3471,46,81523,1095,21132,284,38679,513
2020-06-14,Bangladesh,2856,44,84379,1139,21353,293,39771,529
2020-06-15,Bangladesh,3141,32,87520,1171,21751,283,40367,521
2020-06-16,Bangladesh,3099,38,90619,1209,22115,279,41085,537
2020-06-17,Bangladesh,3862,53,94481,1262,22806,287,42036,553
2020-06-18,Bangladesh,4008,43,98489,1305,23624,293,43349,559
2020-06-19,Bangladesh,3803,38,102292,1343,24240,294,44729,562
2020-06-20,Bangladesh,3243,45,105535,1388,24012,293,45144,577
2020-06-21,Bangladesh,3240,37,108775,1425,24396,286,45749,579
2020-06-22,Bangladesh,3531,39,112306,1464,24786,293,46537,576
2020-06-23,Bangladesh,3480,38,115786,1502,25167,293,47282,572
2020-06-24,Bangladesh,3412,43,119198,1545,24717,283,47523,570
2020-06-25,Bangladesh,3462,37,122660,1582,24171,277,47795,570
2020-06-26,Bangladesh,3946,39,126606,1621,24314,278,48554,572
2020-06-27,Bangladesh,3868,40,130474,1661,24939,273,48951,566
2020-06-28,Bangladesh,3504,34,133978,1695,25203,270,49599,556
2020-06-29,Bangladesh,3809,43,137787,1738,25481,274,50267,567
2020-06-30,Bangladesh,4014,45,141801,1783,26015,281,51182,574
2020-07-01,Bangladesh,3682,64,145483,1847,26285,302,51002,585
2020-07-02,Bangladesh,3775,41,149258,1888,26598,306,50769,583
2020-07-03,Bangladesh,4019,38,153277,1926,26671,305,50985,583
2020-07-04,Bangladesh,3114,42,156391,1968,25917,307,50856,580
2020-07-05,Bangladesh,3288,29,159679,1997,25701,302,50904,572
2020-07-06,Bangladesh,2738,55,162417,2052,24630,314,50111,588
2020-07-07,Bangladesh,3201,44,165618,2096,23817,313,49832,594
2020-07-08,Bangladesh,3027,55,168645,2151,23162,304,49447,606
2020-07-09,Bangladesh,3489,46,172134,2197,22876,309,49474,615
2020-07-10,Bangladesh,3360,41,175494,2238,22217,312,48888,617
2020-07-11,Bangladesh,2949,37,178443,2275,22052,307,47969,614
2020-07-12,Bangladesh,2686,30,181129,2305,21450,308,47151,610
2020-07-13,Bangladesh,2666,47,183795,2352,21378,300,46008,614
2020-07-14,Bangladesh,3099,39,186894,2391,21276,295,45093,608
2020-07-15,Bangladesh,3163,33,190057,2424,21412,273,44574,577
2020-07-16,Bangladesh,3533,33,193590,2457,21456,260,44332,569
2020-07-17,Bangladesh,2733,39,196323,2496,20829,258,43046,570
2020-07-18,Bangladesh,3034,51,199357,2547,20914,272,42966,579
2020-07-19,Bangladesh,2709,34,202066,2581,20937,276,42387,584
2020-07-20,Bangladesh,2459,37,204525,2618,20730,266,42108,566
2020-07-21,Bangladesh,2928,50,207453,2668,20559,277,41835,572
2020-07-22,Bangladesh,3057,41,210510,2709,20453,285,41865,558
2020-07-23,Bangladesh,2744,42,213254,2751,19664,294,41120,554
2020-07-24,Bangladesh,2856,50,216110,2801,19787,305,40616,563
2020-07-25,Bangladesh,2548,35,218658,2836,19301,289,40215,561
2020-07-26,Bangladesh,2520,38,221178,2874,19112,293,40049,569
2020-07-27,Bangladesh,2275,54,223453,2928,18928,310,39658,576
2020-07-28,Bangladesh,2772,37,226225,2965,18772,297,39331,574
2020-07-29,Bangladesh,2960,35,229185,3000,18675,291,39128,576
2020-07-30,Bangladesh,3009,35,232194,3035,18940,284,38604,578
2020-07-31,Bangladesh,2695,48,234889,3083,18779,282,38566,587
2020-08-01,Bangladesh,2772,28,237661,3111,19003,275,38304,564
2020-08-02,Bangladesh,2199,21,239860,3132,18682,258,37794,551
2020-08-03,Bangladesh,886,22,240746,3154,17293,226,36221,536
2020-08-04,Bangladesh,1356,30,242102,3184,15877,219,34649,516
2020-08-05,Bangladesh,1918,50,244020,3234,14835,234,33510,525
2020-08-06,Bangladesh,2654,33,246674,3267,14480,232,33420,516
2020-08-07,Bangladesh,2977,39,249651,3306,14762,223,33541,505
2020-08-08,Bangladesh,2851,27,252502,3333,14841,222,33844,497
2020-08-09,Bangladesh,2611,32,255113,3365,15253,233,33935,491
2020-08-10,Bangladesh,2487,34,257600,3399,16854,245,34147,471
2020-08-11,Bangladesh,2907,39,260507,3438,18405,254,34282,473
2020-08-12,Bangladesh,2996,33,263503,3471,19483,237,34318,471
2020-08-13,Bangladesh,2995,42,266498,3513,19824,246,34304,478
2020-08-14,Bangladesh,2617,44,269115,3557,19464,251,34226,474
2020-08-15,Bangladesh,2766,34,271881,3591,19379,258,34220,480
2020-08-16,Bangladesh,2644,34,274525,3625,19412,260,34665,493
2020-08-17,Bangladesh,2024,32,276549,3657,18949,258,35803,503
2020-08-18,Bangladesh,2595,37,279144,3694,18637,256,37042,510
2020-08-19,Bangladesh,3200,46,282344,3740,18841,269,38324,506
2020-08-20,Bangladesh,2747,41,285091,3781,18593,268,38417,514
2020-08-21,Bangladesh,2868,41,287959,3822,18844,265,38308,516
2020-08-22,Bangladesh,2401,39,290360,3861,18479,270,37858,528
2020-08-23,Bangladesh,2265,46,292625,3907,18100,282,37512,542
2020-08-24,Bangladesh,1973,34,294598,3941,18049,284,36998,542
2020-08-25,Bangladesh,2485,42,297083,3983,17939,289,36576,545
2020-08-26,Bangladesh,2545,45,299628,4028,17284,288,36125,557
2020-08-27,Bangladesh,2519,54,302147,4082,17056,301,35649,569
2020-08-28,Bangladesh,2436,45,304583,4127,16624,305,35468,570
2020-08-29,Bangladesh,2211,47,306794,4174,16434,313,34913,583
2020-08-30,Bangladesh,2131,32,308925,4206,16300,299,34400,581
2020-08-31,Bangladesh,1897,42,310822,4248,16224,307,34273,591
2020-04-01,Barbados,0,0,34,0,16,0,33,0
2020-04-02,Barbados,11,0,45,0,27,0,44,0
2020-04-03,Barbados,0,0,45,0,21,0,43,0
2020-04-04,Barbados,0,0,45,0,21,0,39,0
2020-04-05,Barbados,6,0,51,0,25,0,37,0
2020-04-06,Barbados,5,1,56,1,23,1,39,1
2020-04-07,Barbados,4,1,60,2,26,2,43,2
2020-04-08,Barbados,3,1,63,3,29,3,45,3
2020-04-09,Barbados,0,0,63,3,18,3,45,3
2020-04-10,Barbados,3,0,66,3,21,3,42,3
2020-04-11,Barbados,1,1,67,4,22,4,43,4
2020-04-12,Barbados,1,0,68,4,17,4,42,4
2020-04-13,Barbados,3,0,71,4,15,3,38,4
2020-04-14,Barbados,1,0,72,4,12,2,38,4
2020-04-15,Barbados,1,1,73,5,10,2,39,5
2020-04-16,Barbados,2,0,75,5,12,2,30,5
2020-04-17,Barbados,0,0,75,5,9,2,30,5
2020-04-18,Barbados,0,0,75,5,8,1,30,5
2020-04-19,Barbados,0,0,75,5,7,1,24,5
2020-04-20,Barbados,0,0,75,5,4,1,19,4
2020-04-21,Barbados,0,0,75,5,3,1,15,3
2020-04-22,Barbados,0,0,75,5,2,0,12,2
2020-04-23,Barbados,1,1,76,6,1,1,13,3
2020-04-24,Barbados,0,0,76,6,1,1,10,3
2020-04-25,Barbados,0,0,76,6,1,1,9,2
2020-04-26,Barbados,3,0,79,6,4,1,11,2
2020-04-27,Barbados,0,0,79,6,4,1,8,2
2020-04-28,Barbados,1,0,80,6,5,1,8,2
2020-04-29,Barbados,0,0,80,6,5,1,7,1
2020-04-30,Barbados,0,1,80,7,4,1,5,2
2020-05-01,Barbados,1,0,81,7,5,1,6,2
2020-05-02,Barbados,0,0,81,7,5,1,6,2
2020-05-03,Barbados,0,0,81,7,2,1,6,2
2020-05-04,Barbados,1,0,82,7,3,1,7,2
2020-05-05,Barbados,0,0,82,7,2,1,7,2
2020-05-06,Barbados,0,0,82,7,2,1,7,2
2020-05-07,Barbados,0,0,82,7,2,0,6,1
2020-05-08,Barbados,0,0,82,7,1,0,6,1
2020-05-09,Barbados,1,0,83,7,2,0,7,1
2020-05-10,Barbados,1,0,84,7,3,0,5,1
2020-05-11,Barbados,0,0,84,7,2,0,5,1
2020-05-12,Barbados,0,0,84,7,2,0,4,1
2020-05-13,Barbados,1,0,85,7,3,0,5,1
2020-05-14,Barbados,0,0,85,7,3,0,5,0
2020-05-15,Barbados,0,0,85,7,3,0,4,0
2020-05-16,Barbados,0,0,85,7,2,0,4,0
2020-05-17,Barbados,1,0,86,7,2,0,5,0
2020-05-18,Barbados,2,0,88,7,4,0,6,0
2020-05-19,Barbados,0,0,88,7,4,0,6,0
2020-05-20,Barbados,2,0,90,7,5,0,8,0
2020-05-21,Barbados,0,0,90,7,5,0,8,0
2020-05-22,Barbados,0,0,90,7,5,0,8,0
2020-05-23,Barbados,0,0,90,7,5,0,7,0
2020-05-24,Barbados,2,0,92,7,6,0,8,0
2020-05-25,Barbados,0,0,92,7,4,0,8,0
2020-05-26,Barbados,0,0,92,7,4,0,8,0
2020-05-27,Barbados,0,0,92,7,2,0,7,0
2020-05-28,Barbados,0,0,92,7,2,0,7,0
2020-05-29,Barbados,0,0,92,7,2,0,7,0
2020-05-30,Barbados,0,0,92,7,2,0,7,0
2020-05-31,Barbados,0,0,92,7,0,0,6,0
2020-06-01,Barbados,0,0,92,7,0,0,4,0
2020-06-02,Barbados,0,0,92,7,0,0,4,0
2020-06-03,Barbados,0,0,92,7,0,0,2,0
2020-06-04,Barbados,0,0,92,7,0,0,2,0
2020-06-05,Barbados,0,0,92,7,0,0,2,0
2020-06-06,Barbados,0,0,92,7,0,0,2,0
2020-06-07,Barbados,0,0,92,7,0,0,0,0
2020-06-08,Barbados,0,0,92,7,0,0,0,0
2020-06-09,Barbados,0,0,92,7,0,0,0,0
2020-06-10,Barbados,0,0,92,7,0,0,0,0
2020-06-11,Barbados,4,0,96,7,4,0,4,0
2020-06-12,Barbados,0,0,96,7,4,0,4,0
2020-06-13,Barbados,0,0,96,7,4,0,4,0
2020-06-14,Barbados,0,0,96,7,4,0,4,0
2020-06-15,Barbados,0,0,96,7,4,0,4,0
2020-06-16,Barbados,1,0,97,7,5,0,5,0
2020-06-17,Barbados,0,0,97,7,5,0,5,0
2020-06-18,Barbados,0,0,97,7,1,0,5,0
2020-06-19,Barbados,0,0,97,7,1,0,5,0
2020-06-20,Barbados,0,0,97,7,1,0,5,0
2020-06-21,Barbados,0,0,97,7,1,0,5,0
2020-06-22,Barbados,0,0,97,7,1,0,5,0
2020-06-23,Barbados,0,0,97,7,0,0,5,0
2020-06-24,Barbados,0,0,97,7,0,0,5,0
2020-06-25,Barbados,0,0,97,7,0,0,1,0
2020-06-26,Barbados,0,0,97,7,0,0,1,0
2020-06-27,Barbados,0,0,97,7,0,0,1,0
2020-06-28,Barbados,0,0,97,7,0,0,1,0
2020-06-29,Barbados,0,0,97,7,0,0,1,0
2020-06-30,Barbados,0,0,97,7,0,0,0,0
2020-07-01,Barbados,0,0,97,7,0,0,0,0
2020-07-02,Barbados,0,0,97,7,0,0,0,0
2020-07-03,Barbados,0,0,97,7,0,0,0,0
2020-07-04,Barbados,0,0,97,7,0,0,0,0
2020-07-05,Barbados,0,0,97,7,0,0,0,0
2020-07-06,Barbados,1,0,98,7,1,0,1,0
2020-07-07,Barbados,0,0,98,7,1,0,1,0
2020-07-08,Barbados,0,0,98,7,1,0,1,0
2020-07-09,Barbados,0,0,98,7,1,0,1,0
2020-07-10,Barbados,0,0,98,7,1,0,1,0
2020-07-11,Barbados,0,0,98,7,1,0,1,0
2020-07-12,Barbados,5,0,103,7,6,0,6,0
2020-07-13,Barbados,0,0,103,7,5,0,6,0
2020-07-14,Barbados,0,0,103,7,5,0,6,0
2020-07-15,Barbados,0,0,103,7,5,0,6,0
2020-07-16,Barbados,1,0,104,7,6,0,7,0
2020-07-17,Barbados,0,0,104,7,6,0,7,0
2020-07-18,Barbados,0,0,104,7,6,0,7,0
2020-07-19,Barbados,0,0,104,7,1,0,7,0
2020-07-20,Barbados,1,0,105,7,2,0,7,0
2020-07-21,Barbados,1,0,106,7,3,0,8,0
2020-07-22,Barbados,0,0,106,7,3,0,8,0
2020-07-23,Barbados,0,0,106,7,2,0,8,0
2020-07-24,Barbados,0,0,106,7,2,0,8,0
2020-07-25,Barbados,2,0,108,7,4,0,10,0
2020-07-26,Barbados,0,0,108,7,4,0,5,0
2020-07-27,Barbados,2,0,110,7,5,0,7,0
2020-07-28,Barbados,0,0,110,7,4,0,7,0
2020-07-29,Barbados,0,0,110,7,4,0,7,0
2020-07-30,Barbados,0,0,110,7,4,0,6,0
2020-07-31,Barbados,0,0,110,7,4,0,6,0
2020-08-01,Barbados,0,0,110,7,2,0,6,0
2020-08-02,Barbados,12,0,122,7,14,0,18,0
2020-08-03,Barbados,10,0,132,7,22,0,27,0
2020-08-04,Barbados,0,0,132,7,22,0,26,0
2020-08-05,Barbados,0,0,132,7,22,0,26,0
2020-08-06,Barbados,1,0,133,7,23,0,27,0
2020-08-07,Barbados,0,0,133,7,23,0,27,0
2020-08-08,Barbados,5,0,138,7,28,0,30,0
2020-08-09,Barbados,0,0,138,7,16,0,30,0
2020-08-10,Barbados,4,0,142,7,10,0,32,0
2020-08-11,Barbados,1,0,143,7,11,0,33,0
2020-08-12,Barbados,0,0,143,7,11,0,33,0
2020-08-13,Barbados,0,0,143,7,10,0,33,0
2020-08-14,Barbados,1,0,144,7,11,0,34,0
2020-08-15,Barbados,4,0,148,7,10,0,38,0
2020-08-16,Barbados,2,0,150,7,12,0,28,0
2020-08-17,Barbados,1,0,151,7,9,0,19,0
2020-08-18,Barbados,1,0,152,7,9,0,20,0
2020-08-19,Barbados,1,0,153,7,10,0,21,0
2020-08-20,Barbados,2,0,155,7,12,0,22,0
2020-08-21,Barbados,1,0,156,7,12,0,23,0
2020-08-22,Barbados,1,0,157,7,9,0,19,0
2020-08-23,Barbados,1,0,158,7,8,0,20,0
2020-08-24,Barbados,3,0,161,7,10,0,19,0
2020-08-25,Barbados,0,0,161,7,9,0,18,0
2020-08-26,Barbados,3,0,164,7,11,0,21,0
2020-08-27,Barbados,1,0,165,7,10,0,22,0
2020-08-28,Barbados,0,0,165,7,9,0,21,0
2020-08-29,Barbados,1,0,166,7,9,0,18,0
2020-08-30,Barbados,4,0,170,7,12,0,20,0
2020-08-31,Barbados,3,0,173,7,12,0,22,0
2020-04-01,Belarus,47,0,152,0,71,0,116,0
2020-04-02,Belarus,0,0,152,0,66,0,106,0
2020-04-03,Belarus,102,4,254,4,168,4,197,4
2020-04-04,Belarus,97,0,351,4,257,4,294,4
2020-04-05,Belarus,43,1,394,5,300,5,318,5
2020-04-06,Belarus,170,3,564,8,470,8,488,8
2020-04-07,Belarus,136,5,700,13,595,13,619,13
2020-04-08,Belarus,161,0,861,13,709,13,780,13
2020-04-09,Belarus,205,0,1066,13,914,13,980,13
2020-04-10,Belarus,420,3,1486,16,1232,12,1400,16
2020-04-11,Belarus,495,3,1981,19,1630,15,1887,19
2020-04-12,Belarus,245,4,2226,23,1832,18,2132,23
2020-04-13,Belarus,352,3,2578,26,2014,18,2484,26
2020-04-14,Belarus,341,3,2919,29,2219,16,2814,29
2020-04-15,Belarus,362,4,3281,33,2420,20,3129,33
2020-04-16,Belarus,447,3,3728,36,2662,23,3576,36
2020-04-17,Belarus,476,4,4204,40,2718,24,3950,36
2020-04-18,Belarus,575,3,4779,43,2798,24,4428,39
2020-04-19,Belarus,518,2,5297,45,3071,22,4903,40
2020-04-20,Belarus,510,2,5807,47,3229,21,5243,39
2020-04-21,Belarus,457,4,6264,51,3345,22,5564,38
2020-04-22,Belarus,459,4,6723,55,3442,22,5862,42
2020-04-23,Belarus,558,3,7281,58,3553,22,6215,45
2020-04-24,Belarus,741,2,8022,60,3818,20,6536,44
2020-04-25,Belarus,751,3,8773,63,3994,20,6792,44
2020-04-26,Belarus,817,4,9590,67,4293,22,7364,44
2020-04-27,Belarus,873,5,10463,72,4656,25,7885,46
2020-04-28,Belarus,826,3,11289,75,5025,24,8370,46
2020-04-29,Belarus,919,4,12208,79,5485,24,8927,46
2020-04-30,Belarus,973,5,13181,84,5900,26,9453,48
2020-05-01,Belarus,846,5,14027,89,6005,29,9823,49
2020-05-02,Belarus,890,4,14917,93,6144,30,10138,50
2020-05-03,Belarus,911,4,15828,97,6238,30,10531,52
2020-05-04,Belarus,877,2,16705,99,6242,27,10898,52
2020-05-05,Belarus,784,4,17489,103,6200,28,11225,52
2020-05-06,Belarus,861,4,18350,107,6142,28,11627,52
2020-05-07,Belarus,905,5,19255,112,6074,28,11974,54
2020-05-08,Belarus,913,4,20168,116,6141,27,12146,56
2020-05-09,Belarus,933,5,21101,121,6184,28,12328,58
2020-05-10,Belarus,951,5,22052,126,6224,29,12462,59
2020-05-11,Belarus,921,5,22973,131,6268,32,12510,59
2020-05-12,Belarus,933,4,23906,135,6417,32,12617,60
2020-05-13,Belarus,967,7,24873,142,6523,35,12665,63
2020-05-14,Belarus,952,4,25825,146,6570,34,12644,62
2020-05-15,Belarus,947,5,26772,151,6604,35,12745,62
2020-05-16,Belarus,958,5,27730,156,6629,35,12813,63
2020-05-17,Belarus,951,4,28681,160,6629,34,12853,63
2020-05-18,Belarus,969,5,29650,165,6677,34,12945,66
2020-05-19,Belarus,922,6,30572,171,6666,36,13083,68
2020-05-20,Belarus,936,4,31508,175,6635,33,13158,68
2020-05-21,Belarus,918,4,32426,179,6601,33,13171,67
2020-05-22,Belarus,945,6,33371,185,6599,34,13203,69
2020-05-23,Belarus,932,5,34303,190,6573,34,13202,69
2020-05-24,Belarus,941,4,35244,194,6563,34,13192,68
2020-05-25,Belarus,954,5,36198,199,6548,34,13225,68
2020-05-26,Belarus,946,5,37144,204,6572,33,13238,69
2020-05-27,Belarus,915,4,38059,208,6551,33,13186,66
2020-05-28,Belarus,897,6,38956,214,6530,35,13131,68
2020-05-29,Belarus,902,5,39858,219,6487,34,13086,68
2020-05-30,Belarus,906,5,40764,224,6461,34,13034,68
2020-05-31,Belarus,894,5,41658,229,6414,35,12977,69
2020-06-01,Belarus,898,6,42556,235,6358,36,12906,70
2020-06-02,Belarus,847,5,43403,240,6259,36,12831,69
2020-06-03,Belarus,852,3,44255,243,6196,35,12747,68
2020-06-04,Belarus,861,5,45116,248,6160,34,12690,69
2020-06-05,Belarus,865,5,45981,253,6123,34,12610,68
2020-06-06,Belarus,887,6,46868,259,6104,35,12565,69
2020-06-07,Belarus,883,4,47751,263,6093,34,12507,69
2020-06-08,Belarus,879,6,48630,269,6074,34,12432,70
2020-06-09,Belarus,823,7,49453,276,6050,36,12309,72
2020-06-10,Belarus,812,6,50265,282,6010,39,12206,74
2020-06-11,Belarus,801,6,51066,288,5950,40,12110,74
2020-06-12,Belarus,750,5,51816,293,5835,40,11958,74
2020-06-13,Belarus,704,5,52520,298,5652,39,11756,74
2020-06-14,Belarus,721,5,53241,303,5490,40,11583,74
2020-06-15,Belarus,732,5,53973,308,5343,39,11417,73
2020-06-16,Belarus,707,4,54680,312,5227,36,11277,72
2020-06-17,Belarus,689,6,55369,318,5104,36,11114,75
2020-06-18,Belarus,663,6,56032,324,4966,36,10916,76
2020-06-19,Belarus,625,7,56657,331,4841,38,10676,78
2020-06-20,Belarus,676,2,57333,333,4813,35,10465,74
2020-06-21,Belarus,603,10,57936,343,4695,40,10185,80
2020-06-22,Belarus,569,3,58505,346,4532,38,9875,77
2020-06-23,Belarus,518,5,59023,351,4343,39,9570,75
2020-06-24,Belarus,464,6,59487,357,4118,39,9222,75
2020-06-25,Belarus,458,5,59945,362,3913,38,8879,74
2020-06-26,Belarus,437,5,60382,367,3725,36,8566,74
2020-06-27,Belarus,331,6,60713,373,3380,40,8193,75
2020-06-28,Belarus,382,4,61095,377,3159,34,7854,74
2020-06-29,Belarus,380,6,61475,383,2970,37,7502,75
2020-06-30,Belarus,315,4,61790,387,2767,36,7110,75
2020-07-01,Belarus,328,5,62118,392,2631,35,6749,74
2020-07-02,Belarus,306,6,62424,398,2479,36,6392,74
2020-07-03,Belarus,274,7,62698,405,2316,38,6041,74
2020-07-04,Belarus,299,7,62997,412,2284,39,5664,79
2020-07-05,Belarus,273,6,63270,418,2175,41,5334,75
2020-07-06,Belarus,284,5,63554,423,2079,40,5049,77
2020-07-07,Belarus,250,6,63804,429,2014,42,4781,78
2020-07-08,Belarus,199,7,64003,436,1885,44,4516,79
2020-07-09,Belarus,221,7,64224,443,1800,45,4279,81
2020-07-10,Belarus,187,6,64411,449,1713,44,4029,82
2020-07-11,Belarus,193,5,64604,454,1607,42,3891,81
2020-07-12,Belarus,163,5,64767,459,1497,41,3672,82
2020-07-13,Belarus,165,5,64932,464,1378,41,3457,81
2020-07-14,Belarus,182,4,65114,468,1310,39,3324,81
2020-07-15,Belarus,155,6,65269,474,1266,38,3151,82
2020-07-16,Belarus,174,6,65443,480,1219,37,3019,82
2020-07-17,Belarus,180,5,65623,485,1212,36,2925,80
2020-07-18,Belarus,159,6,65782,491,1178,37,2785,79
2020-07-19,Belarus,171,4,65953,495,1186,36,2683,77
2020-07-20,Belarus,142,4,66095,499,1163,35,2541,76
2020-07-21,Belarus,118,4,66213,503,1099,35,2409,74
2020-07-22,Belarus,135,4,66348,507,1079,33,2345,71
2020-07-23,Belarus,173,6,66521,513,1078,33,2297,70
2020-07-24,Belarus,167,6,66688,519,1065,34,2277,70
2020-07-25,Belarus,158,0,66846,519,1064,28,2242,65
2020-07-26,Belarus,156,11,67002,530,1049,35,2235,71
2020-07-27,Belarus,130,4,67132,534,1037,35,2200,70
2020-07-28,Belarus,119,4,67251,538,1038,35,2137,70
2020-07-29,Belarus,115,5,67366,543,1018,36,2097,69
2020-07-30,Belarus,152,5,67518,548,997,35,2075,68
2020-07-31,Belarus,147,5,67665,553,977,34,2042,68
2020-08-01,Belarus,143,6,67808,559,962,40,2026,68
2020-08-02,Belarus,138,4,67946,563,944,33,1993,68
2020-08-03,Belarus,121,4,68067,567,935,33,1972,68
2020-08-04,Belarus,99,4,68166,571,915,33,1953,68
2020-08-05,Belarus,84,3,68250,574,884,31,1902,67
2020-08-06,Belarus,126,3,68376,577,858,29,1855,64
2020-08-07,Belarus,127,3,68503,580,838,27,1815,61
2020-08-08,Belarus,111,3,68614,583,806,24,1768,64
2020-08-09,Belarus,124,2,68738,585,792,22,1736,55
2020-08-10,Belarus,112,2,68850,587,783,20,1718,53
2020-08-11,Belarus,97,2,68947,589,781,18,1696,51
2020-08-12,Belarus,58,3,69005,592,755,18,1639,49
2020-08-13,Belarus,97,3,69102,595,726,18,1584,47
2020-08-14,Belarus,101,4,69203,599,700,19,1538,46
2020-08-15,Belarus,105,4,69308,603,694,20,1500,44
2020-08-16,Belarus,116,4,69424,607,686,22,1478,44
2020-08-17,Belarus,92,3,69516,610,666,23,1449,43
2020-08-18,Belarus,73,3,69589,613,642,24,1423,42
2020-08-19,Belarus,84,4,69673,617,668,25,1423,43
2020-08-20,Belarus,128,5,69801,622,699,27,1425,45
2020-08-21,Belarus,149,5,69950,627,747,28,1447,47
2020-08-22,Belarus,161,5,70111,632,803,29,1497,49
2020-08-23,Belarus,174,5,70285,637,861,30,1547,52
2020-08-24,Belarus,183,5,70468,642,952,32,1618,55
2020-08-25,Belarus,177,4,70645,646,1056,33,1698,57
2020-08-26,Belarus,82,6,70727,652,1054,35,1722,60
2020-08-27,Belarus,247,5,70974,657,1173,35,1872,62
2020-08-28,Belarus,191,5,71165,662,1215,35,1962,63
2020-08-29,Belarus,181,5,71346,667,1235,35,2038,64
2020-08-30,Belarus,177,4,71523,671,1238,34,2099,64
2020-08-31,Belarus,164,5,71687,676,1219,34,2171,66
2020-04-01,Belgium,1681,208,16981,1376,9027,1005,14416,1336
2020-04-02,Belgium,1516,232,18497,1608,9344,1130,15398,1546
2020-04-03,Belgium,1479,219,19976,1827,9460,1247,16164,1732
2020-04-04,Belgium,1694,236,21670,2063,9635,1355,17195,1933
2020-04-05,Belgium,922,270,22592,2333,9713,1484,17647,2163
2020-04-06,Belgium,665,246,23257,2579,9695,1581,17826,2362
2020-04-07,Belgium,1934,257,25191,2836,9891,1668,18432,2541
2020-04-08,Belgium,1515,277,26706,3113,9725,1737,18752,2742
2020-04-09,Belgium,1598,321,28304,3434,9807,1826,19151,2956
2020-04-10,Belgium,2239,271,30543,3705,10567,1878,20027,3125
2020-04-11,Belgium,2336,302,32879,4007,11209,1944,20844,3299
2020-04-12,Belgium,1029,285,33908,4292,11316,1959,21029,3443
2020-04-13,Belgium,524,265,34432,4557,11175,1978,20870,3559
2020-04-14,Belgium,537,277,34969,4834,9778,1998,19669,3666
2020-04-15,Belgium,1560,261,36529,5095,9823,1982,19548,3719
2020-04-16,Belgium,1633,280,38162,5375,9858,1941,19665,3767
2020-04-17,Belgium,1674,246,39836,5621,9293,1916,19860,3794
2020-04-18,Belgium,1394,205,41230,5826,8351,1819,19560,3763
2020-04-19,Belgium,722,208,41952,6034,8044,1742,19360,3701
2020-04-20,Belgium,443,190,42395,6224,7963,1667,19138,3645
2020-04-21,Belgium,1276,206,43671,6430,8702,1596,18480,3594
2020-04-22,Belgium,1271,203,44942,6633,8413,1538,18236,3520
2020-04-23,Belgium,777,181,45719,6814,7557,1439,17415,3380
2020-04-24,Belgium,976,156,46695,6970,6859,1349,16152,3265
2020-04-25,Belgium,811,155,47506,7125,6276,1299,14627,3118
2020-04-26,Belgium,388,142,47894,7267,5942,1233,13986,2975
2020-04-27,Belgium,205,154,48099,7421,5704,1197,13667,2864
2020-04-28,Belgium,755,135,48854,7556,5183,1126,13885,2722
2020-04-29,Belgium,569,110,49423,7666,4481,1033,12894,2571
2020-04-30,Belgium,522,107,49945,7773,4226,959,11783,2398
2020-05-01,Belgium,586,87,50531,7860,3836,890,10695,2239
2020-05-02,Belgium,237,93,50768,7953,3262,828,9538,2127
2020-05-03,Belgium,286,75,51054,8028,3160,761,9102,1994
2020-05-04,Belgium,140,94,51194,8122,3095,701,8799,1898
2020-05-05,Belgium,670,95,51864,8217,3010,661,8193,1787
2020-05-06,Belgium,546,81,52410,8298,2987,632,7468,1665
2020-05-07,Belgium,552,76,52962,8374,3017,601,7243,1560
2020-05-08,Belgium,442,71,53404,8445,2873,585,6709,1475
2020-05-09,Belgium,483,74,53887,8519,3119,566,6381,1394
2020-05-10,Belgium,240,71,54127,8590,3073,562,6233,1323
2020-05-11,Belgium,118,72,54245,8662,3051,540,6146,1241
2020-05-12,Belgium,476,65,54721,8727,2857,510,5867,1171
2020-05-13,Belgium,395,45,55116,8772,2706,474,5693,1106
2020-05-14,Belgium,321,56,55437,8828,2475,454,5492,1055
2020-05-15,Belgium,305,43,55742,8871,2338,426,5211,1011
2020-05-16,Belgium,346,45,56088,8916,2201,397,5320,963
2020-05-17,Belgium,147,30,56235,8946,2108,356,5181,918
2020-05-18,Belgium,81,31,56316,8977,2071,315,5122,855
2020-05-19,Belgium,317,37,56633,9014,1912,287,4769,797
2020-05-20,Belgium,292,33,56925,9047,1809,275,4515,749
2020-05-21,Belgium,385,30,57310,9077,1873,249,4348,703
2020-05-22,Belgium,70,34,57380,9111,1638,240,3976,666
2020-05-23,Belgium,248,41,57628,9152,1540,236,3741,633
2020-05-24,Belgium,123,25,57751,9177,1516,231,3624,587
2020-05-25,Belgium,75,33,57826,9210,1510,233,3581,548
2020-05-26,Belgium,314,26,58140,9236,1507,222,3419,509
2020-05-27,Belgium,202,24,58342,9260,1417,213,3226,488
2020-05-28,Belgium,182,24,58524,9284,1214,207,3087,456
2020-05-29,Belgium,171,26,58695,9310,1315,199,2953,439
2020-05-30,Belgium,165,16,58860,9326,1232,174,2772,410
2020-05-31,Belgium,61,23,58921,9349,1170,172,2686,403
2020-06-01,Belgium,49,22,58970,9371,1144,161,2654,394
2020-06-02,Belgium,59,21,59029,9392,889,156,2396,378
2020-06-03,Belgium,181,23,59210,9415,868,155,2285,368
2020-06-04,Belgium,159,20,59369,9435,845,151,2059,358
2020-06-05,Belgium,172,14,59541,9449,846,139,2161,338
2020-06-06,Belgium,154,12,59695,9461,835,135,2067,309
2020-06-07,Belgium,69,11,59764,9472,843,123,2013,295
2020-06-08,Belgium,53,12,59817,9484,847,113,1991,274
2020-06-09,Belgium,152,9,59969,9493,940,101,1829,257
2020-06-10,Belgium,145,12,60114,9505,904,90,1772,245
2020-06-11,Belgium,119,12,60233,9517,864,82,1709,233
2020-06-12,Belgium,95,7,60328,9524,787,75,1633,214
2020-06-13,Belgium,89,10,60417,9534,722,73,1557,208
2020-06-14,Belgium,49,5,60466,9539,702,67,1545,190
2020-06-15,Belgium,22,3,60488,9542,671,58,1518,171
2020-06-16,Belgium,147,8,60635,9550,666,57,1606,158
2020-06-17,Belgium,99,7,60734,9557,620,52,1524,142
2020-06-18,Belgium,123,7,60857,9564,624,47,1488,129
2020-06-19,Belgium,108,5,60965,9569,637,45,1424,120
2020-06-20,Belgium,121,4,61086,9573,669,39,1391,112
2020-06-21,Belgium,50,3,61136,9576,670,37,1372,104
2020-06-22,Belgium,20,9,61156,9585,668,43,1339,101
2020-06-23,Belgium,143,12,61299,9597,664,47,1330,104
2020-06-24,Belgium,110,4,61409,9601,675,44,1295,96
2020-06-25,Belgium,100,3,61509,9604,652,40,1276,87
2020-06-26,Belgium,76,5,61585,9609,620,40,1257,85
2020-06-27,Belgium,113,2,61698,9611,612,38,1281,77
2020-06-28,Belgium,41,8,61739,9619,603,43,1273,80
2020-06-29,Belgium,24,5,61763,9624,607,39,1275,82
2020-06-30,Belgium,127,3,61890,9627,591,30,1255,77
2020-07-01,Belgium,100,8,61990,9635,581,34,1256,78
2020-07-02,Belgium,135,2,62125,9637,616,33,1268,73
2020-07-03,Belgium,93,5,62218,9642,633,33,1253,73
2020-07-04,Belgium,94,2,62312,9644,614,33,1226,71
2020-07-05,Belgium,64,3,62376,9647,637,28,1240,71
2020-07-06,Belgium,24,2,62400,9649,637,25,1244,64
2020-07-07,Belgium,113,1,62513,9650,623,23,1214,53
2020-07-08,Belgium,99,3,62612,9653,622,18,1203,52
2020-07-09,Belgium,137,1,62749,9654,624,17,1240,50
2020-07-10,Belgium,124,2,62873,9656,655,14,1288,47
2020-07-11,Belgium,127,0,63000,9656,688,12,1302,45
2020-07-12,Belgium,62,2,63062,9658,686,11,1323,39
2020-07-13,Belgium,43,4,63105,9662,705,13,1342,38
2020-07-14,Belgium,224,0,63329,9662,816,12,1439,35
2020-07-15,Belgium,207,3,63536,9665,924,12,1546,30
2020-07-16,Belgium,260,5,63796,9670,1047,16,1671,33
2020-07-17,Belgium,226,5,64022,9675,1149,19,1804,33
2020-07-18,Belgium,274,2,64296,9677,1296,21,1984,33
2020-07-19,Belgium,129,3,64425,9680,1363,22,2049,33
2020-07-20,Belgium,65,1,64490,9681,1385,19,2090,32
2020-07-21,Belgium,443,2,64933,9683,1604,21,2420,33
2020-07-22,Belgium,145,1,65078,9684,1542,19,2466,31
2020-07-23,Belgium,553,2,65631,9686,1835,16,2882,32
2020-07-24,Belgium,439,2,66070,9688,2048,13,3197,32
2020-07-25,Belgium,496,5,66566,9693,2270,16,3566,37
2020-07-26,Belgium,229,1,66795,9694,2370,14,3733,36
2020-07-27,Belgium,184,2,66979,9696,2489,15,3874,34
2020-07-28,Belgium,595,4,67574,9700,2641,17,4245,38
2020-07-29,Belgium,685,1,68259,9701,3181,17,4723,36
2020-07-30,Belgium,703,3,68962,9704,3331,18,5166,34
2020-07-31,Belgium,635,2,69597,9706,3527,18,5575,31
2020-08-01,Belgium,684,3,70281,9709,3715,16,5985,32
2020-08-02,Belgium,309,2,70590,9711,3795,17,6165,31
2020-08-03,Belgium,148,5,70738,9716,3759,20,6248,35
2020-08-04,Belgium,794,3,71532,9719,3958,19,6599,36
2020-08-05,Belgium,812,5,72344,9724,4085,23,7266,40
2020-08-06,Belgium,767,5,73111,9729,4149,25,7480,43
2020-08-07,Belgium,768,4,73879,9733,4282,27,7809,45
2020-08-08,Belgium,771,6,74650,9739,4369,30,8084,46
2020-08-09,Belgium,303,2,74953,9741,4363,30,8158,47
2020-08-10,Belgium,121,5,75074,9746,4336,30,8095,50
2020-08-11,Belgium,873,11,75947,9757,4415,38,8373,57
2020-08-12,Belgium,717,13,76664,9770,4320,46,8405,69
2020-08-13,Belgium,609,11,77273,9781,4162,52,8311,77
2020-08-14,Belgium,669,12,77942,9793,4063,60,8345,87
2020-08-15,Belgium,587,12,78529,9805,3879,66,8248,96
2020-08-16,Belgium,163,9,78692,9814,3739,73,8102,103
2020-08-17,Belgium,132,7,78824,9821,3750,75,8086,105
2020-08-18,Belgium,707,7,79531,9828,3584,71,7999,109
2020-08-19,Belgium,725,11,80256,9839,3592,69,7912,115
2020-08-20,Belgium,612,9,80868,9848,3595,67,7757,119
2020-08-21,Belgium,581,4,81449,9852,3507,59,7570,119
2020-08-22,Belgium,510,3,81959,9855,3430,50,7309,116
2020-08-23,Belgium,203,5,82162,9860,3470,46,7209,119
2020-08-24,Belgium,115,3,82277,9863,3453,42,7203,117
2020-08-25,Belgium,608,5,82885,9868,3354,40,6938,111
2020-08-26,Belgium,527,5,83412,9873,3156,34,6748,103
2020-08-27,Belgium,524,4,83936,9877,3068,29,6663,96
2020-08-28,Belgium,535,3,84471,9880,3022,28,6529,87
2020-08-29,Belgium,612,4,85083,9884,3124,29,6554,79
2020-08-30,Belgium,192,6,85275,9890,3113,30,6583,76
2020-08-31,Belgium,117,1,85392,9891,3115,28,6568,70
2020-04-01,Belize,0,0,3,0,2,0,0,0
2020-04-02,Belize,0,0,3,0,1,0,0,0
2020-04-03,Belize,0,0,3,0,1,0,0,0
2020-04-04,Belize,1,0,4,0,2,0,0,0
2020-04-05,Belize,0,0,4,0,2,0,0,0
2020-04-06,Belize,1,1,5,1,3,1,5,1
2020-04-07,Belize,2,0,7,1,4,1,6,1
2020-04-08,Belize,0,0,7,1,4,1,6,1
2020-04-09,Belize,1,0,8,1,5,1,6,1
2020-04-10,Belize,1,0,9,1,6,1,7,1
2020-04-11,Belize,1,1,10,2,6,2,8,2
2020-04-12,Belize,3,0,13,2,9,2,11,2
2020-04-13,Belize,1,0,14,2,9,1,12,2
2020-04-14,Belize,4,0,18,2,11,1,15,2
2020-04-15,Belize,0,0,18,2,11,1,15,2
2020-04-16,Belize,0,0,18,2,10,1,15,2
2020-04-17,Belize,0,0,18,2,9,1,15,2
2020-04-18,Belize,0,0,18,2,8,0,14,2
2020-04-19,Belize,0,0,18,2,5,0,14,2
2020-04-20,Belize,0,0,18,2,4,0,13,1
2020-04-21,Belize,0,0,18,2,0,0,11,1
2020-04-22,Belize,0,0,18,2,0,0,11,1
2020-04-23,Belize,0,0,18,2,0,0,10,1
2020-04-24,Belize,0,0,18,2,0,0,9,1
2020-04-25,Belize,0,0,18,2,0,0,8,0
2020-04-26,Belize,0,0,18,2,0,0,5,0
2020-04-27,Belize,0,0,18,2,0,0,4,0
2020-04-28,Belize,0,0,18,2,0,0,0,0
2020-04-29,Belize,0,0,18,2,0,0,0,0
2020-04-30,Belize,0,0,18,2,0,0,0,0
2020-05-01,Belize,0,0,18,2,0,0,0,0
2020-05-02,Belize,0,0,18,2,0,0,0,0
2020-05-03,Belize,0,0,18,2,0,0,0,0
2020-05-04,Belize,0,0,18,2,0,0,0,0
2020-05-05,Belize,0,0,18,2,0,0,0,0
2020-05-06,Belize,0,0,18,2,0,0,0,0
2020-05-07,Belize,0,0,18,2,0,0,0,0
2020-05-08,Belize,0,0,18,2,0,0,0,0
2020-05-09,Belize,0,0,18,2,0,0,0,0
2020-05-10,Belize,0,0,18,2,0,0,0,0
2020-05-11,Belize,0,0,18,2,0,0,0,0
2020-05-12,Belize,0,0,18,2,0,0,0,0
2020-05-13,Belize,0,0,18,2,0,0,0,0
2020-05-14,Belize,0,0,18,2,0,0,0,0
2020-05-15,Belize,0,0,18,2,0,0,0,0
2020-05-16,Belize,0,0,18,2,0,0,0,0
2020-05-17,Belize,0,0,18,2,0,0,0,0
2020-05-18,Belize,0,0,18,2,0,0,0,0
2020-05-19,Belize,0,0,18,2,0,0,0,0
2020-05-20,Belize,0,0,18,2,0,0,0,0
2020-05-21,Belize,0,0,18,2,0,0,0,0
2020-05-22,Belize,0,0,18,2,0,0,0,0
2020-05-23,Belize,0,0,18,2,0,0,0,0
2020-05-24,Belize,0,0,18,2,0,0,0,0
2020-05-25,Belize,0,0,18,2,0,0,0,0
2020-05-26,Belize,0,0,18,2,0,0,0,0
2020-05-27,Belize,0,0,18,2,0,0,0,0
2020-05-28,Belize,0,0,18,2,0,0,0,0
2020-05-29,Belize,0,0,18,2,0,0,0,0
2020-05-30,Belize,0,0,18,2,0,0,0,0
2020-05-31,Belize,0,0,18,2,0,0,0,0
2020-06-01,Belize,0,0,18,2,0,0,0,0
2020-06-02,Belize,0,0,18,2,0,0,0,0
2020-06-03,Belize,0,0,18,2,0,0,0,0
2020-06-04,Belize,0,0,18,2,0,0,0,0
2020-06-05,Belize,0,0,18,2,0,0,0,0
2020-06-06,Belize,0,0,18,2,0,0,0,0
2020-06-07,Belize,0,0,18,2,0,0,0,0
2020-06-08,Belize,0,0,18,2,0,0,0,0
2020-06-09,Belize,1,0,19,2,1,0,1,0
2020-06-10,Belize,1,0,20,2,2,0,2,0
2020-06-11,Belize,0,0,20,2,2,0,2,0
2020-06-12,Belize,0,0,20,2,2,0,2,0
2020-06-13,Belize,0,0,20,2,2,0,2,0
2020-06-14,Belize,0,0,20,2,2,0,2,0
2020-06-15,Belize,1,0,21,2,3,0,3,0
2020-06-16,Belize,0,0,21,2,2,0,3,0
2020-06-17,Belize,0,0,21,2,1,0,3,0
2020-06-18,Belize,1,0,22,2,2,0,4,0
2020-06-19,Belize,0,0,22,2,2,0,4,0
2020-06-20,Belize,0,0,22,2,2,0,4,0
2020-06-21,Belize,0,0,22,2,2,0,4,0
2020-06-22,Belize,0,0,22,2,1,0,4,0
2020-06-23,Belize,1,0,23,2,2,0,4,0
2020-06-24,Belize,0,0,23,2,2,0,3,0
2020-06-25,Belize,0,0,23,2,1,0,3,0
2020-06-26,Belize,0,0,23,2,1,0,3,0
2020-06-27,Belize,1,0,24,2,2,0,4,0
2020-06-28,Belize,0,0,24,2,2,0,4,0
2020-06-29,Belize,0,0,24,2,2,0,3,0
2020-06-30,Belize,0,0,24,2,1,0,3,0
2020-07-01,Belize,4,0,28,2,5,0,7,0
2020-07-02,Belize,0,0,28,2,5,0,6,0
2020-07-03,Belize,0,0,28,2,5,0,6,0
2020-07-04,Belize,2,0,30,2,6,0,8,0
2020-07-05,Belize,0,0,30,2,6,0,8,0
2020-07-06,Belize,0,0,30,2,6,0,8,0
2020-07-07,Belize,0,0,30,2,6,0,7,0
2020-07-08,Belize,0,0,30,2,2,0,7,0
2020-07-09,Belize,0,0,30,2,2,0,7,0
2020-07-10,Belize,3,0,33,2,5,0,10,0
2020-07-11,Belize,4,0,37,2,7,0,13,0
2020-07-12,Belize,0,0,37,2,7,0,13,0
2020-07-13,Belize,0,0,37,2,7,0,13,0
2020-07-14,Belize,0,0,37,2,7,0,13,0
2020-07-15,Belize,2,0,39,2,9,0,11,0
2020-07-16,Belize,0,0,39,2,9,0,11,0
2020-07-17,Belize,1,0,40,2,7,0,12,0
2020-07-18,Belize,0,0,40,2,3,0,10,0
2020-07-19,Belize,0,0,40,2,3,0,10,0
2020-07-20,Belize,0,0,40,2,3,0,10,0
2020-07-21,Belize,2,0,42,2,5,0,12,0
2020-07-22,Belize,1,0,43,2,4,0,13,0
2020-07-23,Belize,0,0,43,2,4,0,13,0
2020-07-24,Belize,4,0,47,2,7,0,14,0
2020-07-25,Belize,1,0,48,2,8,0,11,0
2020-07-26,Belize,0,0,48,2,8,0,11,0
2020-07-27,Belize,0,0,48,2,8,0,11,0
2020-07-28,Belize,0,0,48,2,6,0,11,0
2020-07-29,Belize,0,0,48,2,5,0,9,0
2020-07-30,Belize,0,0,48,2,5,0,9,0
2020-07-31,Belize,0,0,48,2,1,0,8,0
2020-08-01,Belize,0,0,48,2,0,0,8,0
2020-08-02,Belize,8,0,56,2,8,0,16,0
2020-08-03,Belize,1,0,57,2,9,0,17,0
2020-08-04,Belize,0,0,57,2,9,0,15,0
2020-08-05,Belize,15,0,72,2,24,0,29,0
2020-08-06,Belize,14,0,86,2,38,0,43,0
2020-08-07,Belize,28,0,114,2,66,0,67,0
2020-08-08,Belize,32,0,146,2,98,0,98,0
2020-08-09,Belize,7,0,153,2,97,0,105,0
2020-08-10,Belize,1,0,154,2,97,0,106,0
2020-08-11,Belize,23,0,177,2,120,0,129,0
2020-08-12,Belize,33,0,210,2,138,0,162,0
2020-08-13,Belize,86,0,296,2,210,0,248,0
2020-08-14,Belize,60,0,356,2,242,0,308,0
2020-08-15,Belize,32,1,388,3,242,1,340,1
2020-08-16,Belize,64,0,452,3,299,1,396,1
2020-08-17,Belize,0,0,452,3,298,1,395,1
2020-08-18,Belize,23,1,475,4,298,2,418,2
2020-08-19,Belize,78,0,553,4,343,2,481,2
2020-08-20,Belize,0,1,553,5,257,3,467,3
2020-08-21,Belize,52,0,605,5,249,3,491,3
2020-08-22,Belize,43,0,648,5,260,2,502,3
2020-08-23,Belize,20,1,668,6,216,3,515,4
2020-08-24,Belize,18,0,686,6,234,3,532,4
2020-08-25,Belize,27,4,713,10,238,6,536,8
2020-08-26,Belize,17,0,730,10,177,6,520,8
2020-08-27,Belize,30,1,760,11,207,6,464,9
2020-08-28,Belize,58,1,818,12,213,7,462,10
2020-08-29,Belize,52,0,870,12,222,7,482,9
2020-08-30,Belize,94,1,964,13,296,7,512,10
2020-08-31,Belize,30,0,994,13,308,7,542,10
2020-04-01,Benin,2,0,8,0,3,0,7,0
2020-04-02,Benin,5,0,13,0,8,0,12,0
2020-04-03,Benin,0,0,13,0,7,0,11,0
2020-04-04,Benin,3,0,16,0,10,0,14,0
2020-04-05,Benin,0,0,16,0,10,0,14,0
2020-04-06,Benin,6,0,22,0,16,0,20,0
2020-04-07,Benin,4,1,26,1,20,1,21,1
2020-04-08,Benin,0,0,26,1,18,1,21,1
2020-04-09,Benin,0,0,26,1,13,1,21,1
2020-04-10,Benin,4,0,30,1,17,1,24,1
2020-04-11,Benin,5,0,35,1,19,1,29,1
2020-04-12,Benin,0,0,35,1,19,1,29,1
2020-04-13,Benin,0,0,35,1,13,1,29,1
2020-04-14,Benin,0,0,35,1,9,0,29,1
2020-04-15,Benin,0,0,35,1,9,0,27,1
2020-04-16,Benin,0,0,35,1,9,0,22,1
2020-04-17,Benin,2,0,37,1,7,0,24,1
2020-04-18,Benin,0,0,37,1,2,0,21,1
2020-04-19,Benin,0,0,37,1,2,0,21,1
2020-04-20,Benin,0,0,37,1,2,0,15,1
2020-04-21,Benin,17,0,54,1,19,0,28,0
2020-04-22,Benin,0,0,54,1,19,0,28,0
2020-04-23,Benin,0,0,54,1,19,0,28,0
2020-04-24,Benin,4,0,58,1,21,0,28,0
2020-04-25,Benin,0,0,58,1,21,0,23,0
2020-04-26,Benin,0,0,58,1,21,0,23,0
2020-04-27,Benin,6,0,64,1,27,0,29,0
2020-04-28,Benin,0,0,64,1,10,0,29,0
2020-04-29,Benin,0,0,64,1,10,0,29,0
2020-04-30,Benin,5,1,69,2,15,1,34,1
2020-05-01,Benin,15,0,84,2,26,1,47,1
2020-05-02,Benin,6,0,90,2,32,1,53,1
2020-05-03,Benin,0,0,90,2,32,1,53,1
2020-05-04,Benin,0,0,90,2,26,1,53,1
2020-05-05,Benin,6,0,96,2,32,1,42,1
2020-05-06,Benin,0,0,96,2,32,1,42,1
2020-05-07,Benin,6,0,102,2,33,0,48,1
2020-05-08,Benin,38,0,140,2,56,0,82,1
2020-05-09,Benin,102,0,242,2,152,0,184,1
2020-05-10,Benin,42,0,284,2,194,0,226,1
2020-05-11,Benin,35,0,319,2,229,0,255,1
2020-05-12,Benin,0,0,319,2,223,0,255,1
2020-05-13,Benin,8,0,327,2,231,0,263,1
2020-05-14,Benin,0,0,327,2,225,0,258,0
2020-05-15,Benin,12,0,339,2,199,0,255,0
2020-05-16,Benin,0,0,339,2,97,0,249,0
2020-05-17,Benin,0,0,339,2,55,0,249,0
2020-05-18,Benin,0,0,339,2,20,0,249,0
2020-05-19,Benin,0,0,339,2,20,0,243,0
2020-05-20,Benin,-209,0,130,2,-197,0,34,0
2020-05-21,Benin,0,0,130,2,-197,0,28,0
2020-05-22,Benin,5,1,135,3,-204,1,-5,1
2020-05-23,Benin,0,0,135,3,-204,1,-107,1
2020-05-24,Benin,0,0,135,3,-204,1,-149,1
2020-05-25,Benin,56,0,191,3,-148,1,-128,1
2020-05-26,Benin,0,0,191,3,-148,1,-128,1
2020-05-27,Benin,17,0,208,3,78,1,-119,1
2020-05-28,Benin,2,0,210,3,80,1,-117,1
2020-05-29,Benin,0,0,210,3,75,0,-129,1
2020-05-30,Benin,14,0,224,3,89,0,-115,1
2020-05-31,Benin,8,0,232,3,97,0,-107,1
2020-06-01,Benin,0,0,232,3,41,0,-107,1
2020-06-02,Benin,11,0,243,3,52,0,-96,1
2020-06-03,Benin,1,0,244,3,36,0,114,1
2020-06-04,Benin,0,0,244,3,34,0,114,1
2020-06-05,Benin,17,0,261,3,51,0,126,0
2020-06-06,Benin,0,0,261,3,37,0,126,0
2020-06-07,Benin,7,1,268,4,36,1,133,1
2020-06-08,Benin,0,0,268,4,36,1,77,1
2020-06-09,Benin,37,0,305,4,62,1,114,1
2020-06-10,Benin,0,0,305,4,61,1,97,1
2020-06-11,Benin,0,0,305,4,61,1,95,1
2020-06-12,Benin,0,0,305,4,44,1,95,1
2020-06-13,Benin,83,1,388,5,127,2,164,2
2020-06-14,Benin,24,1,412,6,144,2,180,3
2020-06-15,Benin,58,1,470,7,202,3,238,4
2020-06-16,Benin,13,2,483,9,178,5,240,6
2020-06-17,Benin,49,0,532,9,227,5,288,6
2020-06-18,Benin,40,0,572,9,267,5,328,6
2020-06-19,Benin,25,2,597,11,292,7,336,8
2020-06-20,Benin,53,0,650,11,262,6,389,8
2020-06-21,Benin,0,0,650,11,238,5,382,7
2020-06-22,Benin,115,2,765,13,295,6,497,9
2020-06-23,Benin,42,0,807,13,324,4,502,9
2020-06-24,Benin,43,0,850,13,318,4,545,9
2020-06-25,Benin,52,0,902,13,330,4,597,9
2020-06-26,Benin,115,1,1017,14,420,3,712,10
2020-06-27,Benin,36,0,1053,14,403,3,665,9
2020-06-28,Benin,71,0,1124,14,474,3,712,8
2020-06-29,Benin,25,2,1149,16,384,3,679,9
2020-06-30,Benin,38,3,1187,19,380,6,704,10
2020-07-01,Benin,12,2,1199,21,349,8,667,12
2020-07-02,Benin,0,0,1199,21,297,8,627,12
2020-07-03,Benin,0,0,1199,21,182,7,602,10
2020-07-04,Benin,0,0,1199,21,146,7,549,10
2020-07-05,Benin,0,0,1199,21,75,7,549,10
2020-07-06,Benin,0,0,1199,21,50,5,434,8
2020-07-07,Benin,0,0,1199,21,12,2,392,8
2020-07-08,Benin,0,0,1199,21,0,0,349,8
2020-07-09,Benin,86,2,1285,23,86,2,383,10
2020-07-10,Benin,0,0,1285,23,86,2,268,9
2020-07-11,Benin,0,0,1285,23,86,2,232,9
2020-07-12,Benin,93,3,1378,26,179,5,254,12
2020-07-13,Benin,0,0,1378,26,179,5,229,10
2020-07-14,Benin,0,0,1378,26,179,5,191,7
2020-07-15,Benin,0,0,1378,26,179,5,179,5
2020-07-16,Benin,0,0,1378,26,93,3,179,5
2020-07-17,Benin,85,2,1463,28,178,5,264,7
2020-07-18,Benin,139,3,1602,31,317,8,403,10
2020-07-19,Benin,0,0,1602,31,224,5,403,10
2020-07-20,Benin,0,0,1602,31,224,5,403,10
2020-07-21,Benin,0,0,1602,31,224,5,403,10
2020-07-22,Benin,0,0,1602,31,224,5,403,10
2020-07-23,Benin,0,0,1602,31,224,5,317,8
2020-07-24,Benin,92,3,1694,34,231,6,409,11
2020-07-25,Benin,0,0,1694,34,92,3,409,11
2020-07-26,Benin,0,0,1694,34,92,3,316,8
2020-07-27,Benin,76,1,1770,35,168,4,392,9
2020-07-28,Benin,0,0,1770,35,168,4,392,9
2020-07-29,Benin,0,0,1770,35,168,4,392,9
2020-07-30,Benin,0,0,1770,35,168,4,392,9
2020-07-31,Benin,0,0,1770,35,76,1,307,7
2020-08-01,Benin,35,1,1805,36,111,2,203,5
2020-08-02,Benin,0,0,1805,36,111,2,203,5
2020-08-03,Benin,0,0,1805,36,35,1,203,5
2020-08-04,Benin,0,0,1805,36,35,1,203,5
2020-08-05,Benin,109,2,1914,38,144,3,312,7
2020-08-06,Benin,0,0,1914,38,144,3,312,7
2020-08-07,Benin,22,0,1936,38,166,3,242,4
2020-08-08,Benin,0,0,1936,38,131,2,242,4
2020-08-09,Benin,0,0,1936,38,131,2,242,4
2020-08-10,Benin,0,0,1936,38,131,2,166,3
2020-08-11,Benin,0,0,1936,38,131,2,166,3
2020-08-12,Benin,65,0,2001,38,87,0,231,3
2020-08-13,Benin,0,0,2001,38,87,0,231,3
2020-08-14,Benin,0,0,2001,38,65,0,231,3
2020-08-15,Benin,0,0,2001,38,65,0,196,2
2020-08-16,Benin,62,1,2063,39,127,1,258,3
2020-08-17,Benin,0,0,2063,39,127,1,258,3
2020-08-18,Benin,0,0,2063,39,127,1,258,3
2020-08-19,Benin,0,0,2063,39,62,1,149,1
2020-08-20,Benin,0,0,2063,39,62,1,149,1
2020-08-21,Benin,32,0,2095,39,94,1,159,1
2020-08-22,Benin,0,0,2095,39,94,1,159,1
2020-08-23,Benin,20,0,2115,39,52,0,179,1
2020-08-24,Benin,0,0,2115,39,52,0,179,1
2020-08-25,Benin,0,0,2115,39,52,0,179,1
2020-08-26,Benin,0,0,2115,39,52,0,114,1
2020-08-27,Benin,30,1,2145,40,82,1,144,2
2020-08-28,Benin,0,0,2145,40,50,1,144,2
2020-08-29,Benin,0,0,2145,40,50,1,144,2
2020-08-30,Benin,0,0,2145,40,30,1,82,1
2020-08-31,Benin,0,0,2145,40,30,1,82,1
2020-04-01,Bermuda,5,0,32,0,26,0,0,0
2020-04-02,Bermuda,0,0,32,0,26,0,32,0
2020-04-03,Bermuda,3,0,35,0,20,0,33,0
2020-04-04,Bermuda,0,0,35,0,18,0,33,0
2020-04-05,Bermuda,2,0,37,0,15,0,35,0
2020-04-06,Bermuda,0,0,37,0,15,0,31,0
2020-04-07,Bermuda,2,2,39,2,12,2,33,2
2020-04-08,Bermuda,0,0,39,2,7,2,33,2
2020-04-09,Bermuda,0,1,39,3,7,3,33,3
2020-04-10,Bermuda,9,1,48,4,13,4,33,4
2020-04-11,Bermuda,0,0,48,4,13,4,31,4
2020-04-12,Bermuda,2,0,50,4,13,4,28,4
2020-04-13,Bermuda,7,0,57,4,20,4,35,4
2020-04-14,Bermuda,0,0,57,4,18,2,30,4
2020-04-15,Bermuda,0,1,57,5,18,3,25,5
2020-04-16,Bermuda,24,0,81,5,42,2,49,5
2020-04-17,Bermuda,2,0,83,5,35,1,48,5
2020-04-18,Bermuda,0,0,83,5,35,1,48,5
2020-04-19,Bermuda,3,0,86,5,36,1,49,5
2020-04-20,Bermuda,0,0,86,5,29,1,49,5
2020-04-21,Bermuda,0,0,86,5,29,1,47,3
2020-04-22,Bermuda,12,0,98,5,41,0,59,3
2020-04-23,Bermuda,1,0,99,5,18,0,60,2
2020-04-24,Bermuda,0,0,99,5,16,0,51,1
2020-04-25,Bermuda,0,0,99,5,16,0,51,1
2020-04-26,Bermuda,0,0,99,5,13,0,49,1
2020-04-27,Bermuda,10,0,109,5,23,0,52,1
2020-04-28,Bermuda,1,1,110,6,24,1,53,2
2020-04-29,Bermuda,0,0,110,6,12,1,53,1
2020-04-30,Bermuda,1,0,111,6,12,1,30,1
2020-05-01,Bermuda,3,0,114,6,15,1,31,1
2020-05-02,Bermuda,0,0,114,6,15,1,31,1
2020-05-03,Bermuda,0,1,114,7,15,2,28,2
2020-05-04,Bermuda,1,0,115,7,6,2,29,2
2020-05-05,Bermuda,0,0,115,7,5,1,29,2
2020-05-06,Bermuda,0,0,115,7,5,1,17,2
2020-05-07,Bermuda,3,0,118,7,7,1,19,2
2020-05-08,Bermuda,0,0,118,7,4,1,19,2
2020-05-09,Bermuda,0,0,118,7,4,1,19,2
2020-05-10,Bermuda,0,0,118,7,4,0,19,2
2020-05-11,Bermuda,0,0,118,7,3,0,9,2
2020-05-12,Bermuda,1,1,119,8,4,1,9,2
2020-05-13,Bermuda,2,0,121,8,6,1,11,2
2020-05-14,Bermuda,0,0,121,8,3,1,10,2
2020-05-15,Bermuda,1,1,122,9,4,2,8,3
2020-05-16,Bermuda,1,0,123,9,5,2,9,3
2020-05-17,Bermuda,0,0,123,9,5,2,9,2
2020-05-18,Bermuda,0,0,123,9,5,2,8,2
2020-05-19,Bermuda,2,0,125,9,6,1,10,2
2020-05-20,Bermuda,0,0,125,9,4,1,10,2
2020-05-21,Bermuda,0,0,125,9,4,1,7,2
2020-05-22,Bermuda,0,0,125,9,3,0,7,2
2020-05-23,Bermuda,3,0,128,9,5,0,10,2
2020-05-24,Bermuda,5,0,133,9,10,0,15,2
2020-05-25,Bermuda,0,0,133,9,10,0,15,2
2020-05-26,Bermuda,0,0,133,9,8,0,14,1
2020-05-27,Bermuda,6,0,139,9,14,0,18,1
2020-05-28,Bermuda,0,0,139,9,14,0,18,1
2020-05-29,Bermuda,1,0,140,9,15,0,18,0
2020-05-30,Bermuda,0,0,140,9,12,0,17,0
2020-05-31,Bermuda,0,0,140,9,7,0,17,0
2020-06-01,Bermuda,0,0,140,9,7,0,17,0
2020-06-02,Bermuda,1,0,141,9,8,0,16,0
2020-06-03,Bermuda,0,0,141,9,2,0,16,0
2020-06-04,Bermuda,0,0,141,9,2,0,16,0
2020-06-05,Bermuda,0,0,141,9,1,0,16,0
2020-06-06,Bermuda,0,0,141,9,1,0,13,0
2020-06-07,Bermuda,0,0,141,9,1,0,8,0
2020-06-08,Bermuda,0,0,141,9,1,0,8,0
2020-06-09,Bermuda,0,0,141,9,0,0,8,0
2020-06-10,Bermuda,0,0,141,9,0,0,2,0
2020-06-11,Bermuda,0,0,141,9,0,0,2,0
2020-06-12,Bermuda,0,0,141,9,0,0,1,0
2020-06-13,Bermuda,1,0,142,9,1,0,2,0
2020-06-14,Bermuda,2,0,144,9,3,0,4,0
2020-06-15,Bermuda,0,0,144,9,3,0,4,0
2020-06-16,Bermuda,0,0,144,9,3,0,3,0
2020-06-17,Bermuda,0,0,144,9,3,0,3,0
2020-06-18,Bermuda,0,0,144,9,3,0,3,0
2020-06-19,Bermuda,0,0,144,9,3,0,3,0
2020-06-20,Bermuda,2,0,146,9,4,0,5,0
2020-06-21,Bermuda,0,0,146,9,2,0,5,0
2020-06-22,Bermuda,0,0,146,9,2,0,5,0
2020-06-23,Bermuda,0,0,146,9,2,0,5,0
2020-06-24,Bermuda,0,0,146,9,2,0,5,0
2020-06-25,Bermuda,0,0,146,9,2,0,5,0
2020-06-26,Bermuda,0,0,146,9,2,0,5,0
2020-06-27,Bermuda,0,0,146,9,0,0,4,0
2020-06-28,Bermuda,0,0,146,9,0,0,2,0
2020-06-29,Bermuda,0,0,146,9,0,0,2,0
2020-06-30,Bermuda,0,0,146,9,0,0,2,0
2020-07-01,Bermuda,0,0,146,9,0,0,2,0
2020-07-02,Bermuda,0,0,146,9,0,0,2,0
2020-07-03,Bermuda,0,0,146,9,0,0,2,0
2020-07-04,Bermuda,0,0,146,9,0,0,0,0
2020-07-05,Bermuda,0,0,146,9,0,0,0,0
2020-07-06,Bermuda,0,0,146,9,0,0,0,0
2020-07-07,Bermuda,0,0,146,9,0,0,0,0
2020-07-08,Bermuda,2,0,148,9,2,0,2,0
2020-07-09,Bermuda,1,0,149,9,3,0,3,0
2020-07-10,Bermuda,0,0,149,9,3,0,3,0
2020-07-11,Bermuda,1,0,150,9,4,0,4,0
2020-07-12,Bermuda,0,0,150,9,4,0,4,0
2020-07-13,Bermuda,0,0,150,9,4,0,4,0
2020-07-14,Bermuda,0,0,150,9,4,0,4,0
2020-07-15,Bermuda,0,0,150,9,2,0,4,0
2020-07-16,Bermuda,0,0,150,9,1,0,4,0
2020-07-17,Bermuda,2,0,152,9,3,0,6,0
2020-07-18,Bermuda,0,0,152,9,2,0,6,0
2020-07-19,Bermuda,1,0,153,9,3,0,7,0
2020-07-20,Bermuda,0,0,153,9,3,0,7,0
2020-07-21,Bermuda,0,0,153,9,3,0,7,0
2020-07-22,Bermuda,0,0,153,9,3,0,5,0
2020-07-23,Bermuda,0,0,153,9,3,0,4,0
2020-07-24,Bermuda,0,0,153,9,1,0,4,0
2020-07-25,Bermuda,0,0,153,9,1,0,3,0
2020-07-26,Bermuda,0,0,153,9,0,0,3,0
2020-07-27,Bermuda,1,0,154,9,1,0,4,0
2020-07-28,Bermuda,0,0,154,9,1,0,4,0
2020-07-29,Bermuda,2,0,156,9,3,0,6,0
2020-07-30,Bermuda,0,0,156,9,3,0,6,0
2020-07-31,Bermuda,0,0,156,9,3,0,4,0
2020-08-01,Bermuda,0,0,156,9,3,0,4,0
2020-08-02,Bermuda,0,0,156,9,3,0,3,0
2020-08-03,Bermuda,0,0,156,9,2,0,3,0
2020-08-04,Bermuda,1,0,157,9,3,0,4,0
2020-08-05,Bermuda,0,0,157,9,1,0,4,0
2020-08-06,Bermuda,0,0,157,9,1,0,4,0
2020-08-07,Bermuda,0,0,157,9,1,0,4,0
2020-08-08,Bermuda,0,0,157,9,1,0,4,0
2020-08-09,Bermuda,0,0,157,9,1,0,4,0
2020-08-10,Bermuda,1,0,158,9,2,0,4,0
2020-08-11,Bermuda,1,0,159,9,2,0,5,0
2020-08-12,Bermuda,0,0,159,9,2,0,3,0
2020-08-13,Bermuda,0,0,159,9,2,0,3,0
2020-08-14,Bermuda,0,0,159,9,2,0,3,0
2020-08-15,Bermuda,0,0,159,9,2,0,3,0
2020-08-16,Bermuda,3,0,162,9,5,0,6,0
2020-08-17,Bermuda,0,0,162,9,4,0,6,0
2020-08-18,Bermuda,4,0,166,9,7,0,9,0
2020-08-19,Bermuda,0,0,166,9,7,0,9,0
2020-08-20,Bermuda,0,0,166,9,7,0,9,0
2020-08-21,Bermuda,0,0,166,9,7,0,9,0
2020-08-22,Bermuda,1,0,167,9,8,0,10,0
2020-08-23,Bermuda,0,0,167,9,5,0,10,0
2020-08-24,Bermuda,0,0,167,9,5,0,9,0
2020-08-25,Bermuda,1,0,168,9,2,0,9,0
2020-08-26,Bermuda,0,0,168,9,2,0,9,0
2020-08-27,Bermuda,0,0,168,9,2,0,9,0
2020-08-28,Bermuda,0,0,168,9,2,0,9,0
2020-08-29,Bermuda,0,0,168,9,1,0,9,0
2020-08-30,Bermuda,1,0,169,9,2,0,7,0
2020-08-31,Bermuda,0,0,169,9,2,0,7,0
2020-04-01,Bhutan,0,0,4,0,2,0,3,0
2020-04-02,Bhutan,1,0,5,0,2,0,4,0
2020-04-03,Bhutan,0,0,5,0,2,0,4,0
2020-04-04,Bhutan,0,0,5,0,2,0,3,0
2020-04-05,Bhutan,0,0,5,0,1,0,3,0
2020-04-06,Bhutan,0,0,5,0,1,0,3,0
2020-04-07,Bhutan,0,0,5,0,1,0,3,0
2020-04-08,Bhutan,0,0,5,0,1,0,3,0
2020-04-09,Bhutan,0,0,5,0,0,0,2,0
2020-04-10,Bhutan,0,0,5,0,0,0,2,0
2020-04-11,Bhutan,0,0,5,0,0,0,2,0
2020-04-12,Bhutan,0,0,5,0,0,0,1,0
2020-04-13,Bhutan,0,0,5,0,0,0,1,0
2020-04-14,Bhutan,0,0,5,0,0,0,1,0
2020-04-15,Bhutan,0,0,5,0,0,0,1,0
2020-04-16,Bhutan,0,0,5,0,0,0,0,0
2020-04-17,Bhutan,0,0,5,0,0,0,0,0
2020-04-18,Bhutan,0,0,5,0,0,0,0,0
2020-04-19,Bhutan,0,0,5,0,0,0,0,0
2020-04-20,Bhutan,0,0,5,0,0,0,0,0
2020-04-21,Bhutan,1,0,6,0,1,0,1,0
2020-04-22,Bhutan,0,0,6,0,1,0,1,0
2020-04-23,Bhutan,1,0,7,0,2,0,2,0
2020-04-24,Bhutan,0,0,7,0,2,0,2,0
2020-04-25,Bhutan,0,0,7,0,2,0,2,0
2020-04-26,Bhutan,0,0,7,0,2,0,2,0
2020-04-27,Bhutan,0,0,7,0,2,0,2,0
2020-04-28,Bhutan,0,0,7,0,1,0,2,0
2020-04-29,Bhutan,0,0,7,0,1,0,2,0
2020-04-30,Bhutan,0,0,7,0,0,0,2,0
2020-05-01,Bhutan,0,0,7,0,0,0,2,0
2020-05-02,Bhutan,0,0,7,0,0,0,2,0
2020-05-03,Bhutan,0,0,7,0,0,0,2,0
2020-05-04,Bhutan,0,0,7,0,0,0,2,0
2020-05-05,Bhutan,0,0,7,0,0,0,1,0
2020-05-06,Bhutan,0,0,7,0,0,0,1,0
2020-05-07,Bhutan,0,0,7,0,0,0,0,0
2020-05-08,Bhutan,0,0,7,0,0,0,0,0
2020-05-09,Bhutan,0,0,7,0,0,0,0,0
2020-05-10,Bhutan,0,0,7,0,0,0,0,0
2020-05-11,Bhutan,2,0,9,0,2,0,2,0
2020-05-12,Bhutan,2,0,11,0,4,0,4,0
2020-05-13,Bhutan,0,0,11,0,4,0,4,0
2020-05-14,Bhutan,4,0,15,0,8,0,8,0
2020-05-15,Bhutan,5,0,20,0,13,0,13,0
2020-05-16,Bhutan,1,0,21,0,14,0,14,0
2020-05-17,Bhutan,0,0,21,0,14,0,14,0
2020-05-18,Bhutan,0,0,21,0,12,0,14,0
2020-05-19,Bhutan,0,0,21,0,10,0,14,0
2020-05-20,Bhutan,0,0,21,0,10,0,14,0
2020-05-21,Bhutan,0,0,21,0,6,0,14,0
2020-05-22,Bhutan,0,0,21,0,1,0,14,0
2020-05-23,Bhutan,3,0,24,0,3,0,17,0
2020-05-24,Bhutan,0,0,24,0,3,0,17,0
2020-05-25,Bhutan,3,0,27,0,6,0,18,0
2020-05-26,Bhutan,0,0,27,0,6,0,16,0
2020-05-27,Bhutan,0,0,27,0,6,0,16,0
2020-05-28,Bhutan,1,0,28,0,7,0,13,0
2020-05-29,Bhutan,3,0,31,0,10,0,11,0
2020-05-30,Bhutan,2,0,33,0,9,0,12,0
2020-05-31,Bhutan,10,0,43,0,19,0,22,0
2020-06-01,Bhutan,0,0,43,0,16,0,22,0
2020-06-02,Bhutan,4,0,47,0,20,0,26,0
2020-06-03,Bhutan,0,0,47,0,20,0,26,0
2020-06-04,Bhutan,0,0,47,0,19,0,26,0
2020-06-05,Bhutan,1,0,48,0,17,0,27,0
2020-06-06,Bhutan,0,0,48,0,15,0,24,0
2020-06-07,Bhutan,0,0,48,0,5,0,24,0
2020-06-08,Bhutan,11,0,59,0,16,0,32,0
2020-06-09,Bhutan,0,0,59,0,12,0,32,0
2020-06-10,Bhutan,0,0,59,0,12,0,32,0
2020-06-11,Bhutan,3,0,62,0,15,0,34,0
2020-06-12,Bhutan,0,0,62,0,14,0,31,0
2020-06-13,Bhutan,0,0,62,0,14,0,29,0
2020-06-14,Bhutan,4,0,66,0,18,0,23,0
2020-06-15,Bhutan,0,0,66,0,7,0,23,0
2020-06-16,Bhutan,1,0,67,0,8,0,20,0
2020-06-17,Bhutan,0,0,67,0,8,0,20,0
2020-06-18,Bhutan,0,0,67,0,5,0,20,0
2020-06-19,Bhutan,0,0,67,0,5,0,19,0
2020-06-20,Bhutan,1,0,68,0,6,0,20,0
2020-06-21,Bhutan,0,0,68,0,2,0,20,0
2020-06-22,Bhutan,0,0,68,0,2,0,9,0
2020-06-23,Bhutan,1,0,69,0,2,0,10,0
2020-06-24,Bhutan,1,0,70,0,3,0,11,0
2020-06-25,Bhutan,0,0,70,0,3,0,8,0
2020-06-26,Bhutan,0,0,70,0,3,0,8,0
2020-06-27,Bhutan,5,0,75,0,7,0,13,0
2020-06-28,Bhutan,1,0,76,0,8,0,10,0
2020-06-29,Bhutan,0,0,76,0,8,0,10,0
2020-06-30,Bhutan,1,0,77,0,8,0,10,0
2020-07-01,Bhutan,0,0,77,0,7,0,10,0
2020-07-02,Bhutan,0,0,77,0,7,0,10,0
2020-07-03,Bhutan,0,0,77,0,7,0,10,0
2020-07-04,Bhutan,1,0,78,0,3,0,10,0
2020-07-05,Bhutan,0,0,78,0,2,0,10,0
2020-07-06,Bhutan,2,0,80,0,4,0,12,0
2020-07-07,Bhutan,0,0,80,0,3,0,11,0
2020-07-08,Bhutan,0,0,80,0,3,0,10,0
2020-07-09,Bhutan,0,0,80,0,3,0,10,0
2020-07-10,Bhutan,0,0,80,0,3,0,10,0
2020-07-11,Bhutan,2,0,82,0,4,0,7,0
2020-07-12,Bhutan,0,0,82,0,4,0,6,0
2020-07-13,Bhutan,2,0,84,0,4,0,8,0
2020-07-14,Bhutan,0,0,84,0,4,0,7,0
2020-07-15,Bhutan,0,0,84,0,4,0,7,0
2020-07-16,Bhutan,0,0,84,0,4,0,7,0
2020-07-17,Bhutan,2,0,86,0,6,0,9,0
2020-07-18,Bhutan,1,0,87,0,5,0,9,0
2020-07-19,Bhutan,0,0,87,0,5,0,9,0
2020-07-20,Bhutan,2,0,89,0,5,0,9,0
2020-07-21,Bhutan,1,0,90,0,6,0,10,0
2020-07-22,Bhutan,2,0,92,0,8,0,12,0
2020-07-23,Bhutan,0,0,92,0,8,0,12,0
2020-07-24,Bhutan,0,0,92,0,6,0,12,0
2020-07-25,Bhutan,0,0,92,0,5,0,10,0
2020-07-26,Bhutan,1,0,93,0,6,0,11,0
2020-07-27,Bhutan,2,0,95,0,6,0,11,0
2020-07-28,Bhutan,4,0,99,0,9,0,15,0
2020-07-29,Bhutan,0,0,99,0,7,0,15,0
2020-07-30,Bhutan,2,0,101,0,9,0,17,0
2020-07-31,Bhutan,0,0,101,0,9,0,15,0
2020-08-01,Bhutan,0,0,101,0,9,0,14,0
2020-08-02,Bhutan,1,0,102,0,9,0,15,0
2020-08-03,Bhutan,1,0,103,0,8,0,14,0
2020-08-04,Bhutan,0,0,103,0,4,0,13,0
2020-08-05,Bhutan,2,0,105,0,6,0,13,0
2020-08-06,Bhutan,0,0,105,0,4,0,13,0
2020-08-07,Bhutan,3,0,108,0,7,0,16,0
2020-08-08,Bhutan,0,0,108,0,7,0,16,0
2020-08-09,Bhutan,0,0,108,0,6,0,15,0
2020-08-10,Bhutan,2,0,110,0,7,0,15,0
2020-08-11,Bhutan,3,0,113,0,10,0,14,0
2020-08-12,Bhutan,0,0,113,0,8,0,14,0
2020-08-13,Bhutan,15,0,128,0,23,0,27,0
2020-08-14,Bhutan,3,0,131,0,23,0,30,0
2020-08-15,Bhutan,2,0,133,0,25,0,32,0
2020-08-16,Bhutan,0,0,133,0,25,0,31,0
2020-08-17,Bhutan,8,0,141,0,31,0,38,0
2020-08-18,Bhutan,5,0,146,0,33,0,43,0
2020-08-19,Bhutan,1,0,147,0,34,0,42,0
2020-08-20,Bhutan,3,0,150,0,22,0,45,0
2020-08-21,Bhutan,3,0,153,0,22,0,45,0
2020-08-22,Bhutan,0,0,153,0,20,0,45,0
2020-08-23,Bhutan,2,0,155,0,22,0,47,0
2020-08-24,Bhutan,0,0,155,0,14,0,45,0
2020-08-25,Bhutan,1,0,156,0,10,0,43,0
2020-08-26,Bhutan,17,0,173,0,26,0,60,0
2020-08-27,Bhutan,10,0,183,0,33,0,55,0
2020-08-28,Bhutan,1,0,184,0,31,0,53,0
2020-08-29,Bhutan,11,0,195,0,42,0,62,0
2020-08-30,Bhutan,0,0,195,0,40,0,62,0
2020-08-31,Bhutan,29,0,224,0,69,0,83,0
2020-04-01,Bolivia,8,1,115,7,83,7,103,7
2020-04-02,Bolivia,8,1,123,8,84,8,111,8
2020-04-03,Bolivia,9,1,132,9,71,9,117,9
2020-04-04,Bolivia,7,1,139,10,65,10,120,10
2020-04-05,Bolivia,18,0,157,10,76,10,137,10
2020-04-06,Bolivia,26,1,183,11,87,8,156,11
2020-04-07,Bolivia,11,3,194,14,87,8,166,14
2020-04-08,Bolivia,16,1,210,15,95,8,178,15
2020-04-09,Bolivia,54,3,264,18,141,10,225,18
2020-04-10,Bolivia,4,1,268,19,136,10,207,19
2020-04-11,Bolivia,8,1,276,20,137,10,202,20
2020-04-12,Bolivia,24,4,300,24,143,14,219,24
2020-04-13,Bolivia,30,3,330,27,147,16,234,24
2020-04-14,Bolivia,24,1,354,28,160,14,247,22
2020-04-15,Bolivia,43,0,397,28,187,13,282,21
2020-04-16,Bolivia,44,1,441,29,177,11,318,21
2020-04-17,Bolivia,24,2,465,31,197,12,333,22
2020-04-18,Bolivia,28,0,493,31,217,11,354,21
2020-04-19,Bolivia,27,1,520,32,220,8,363,22
2020-04-20,Bolivia,44,1,564,33,234,6,381,22
2020-04-21,Bolivia,34,1,598,34,244,6,404,20
2020-04-22,Bolivia,11,3,609,37,212,9,399,22
2020-04-23,Bolivia,63,3,672,40,231,11,408,22
2020-04-24,Bolivia,31,3,703,43,238,12,435,24
2020-04-25,Bolivia,104,1,807,44,314,13,531,24
2020-04-26,Bolivia,59,2,866,46,346,14,566,22
2020-04-27,Bolivia,84,4,950,50,386,17,620,23
2020-04-28,Bolivia,64,3,1014,53,416,19,660,25
2020-04-29,Bolivia,39,2,1053,55,444,18,656,27
2020-04-30,Bolivia,57,4,1110,59,438,19,669,30
2020-05-01,Bolivia,57,3,1167,62,464,19,702,31
2020-05-02,Bolivia,62,4,1229,66,422,22,736,35
2020-05-03,Bolivia,241,5,1470,71,604,25,950,39
2020-05-04,Bolivia,124,5,1594,76,644,26,1030,43
2020-05-05,Bolivia,87,6,1681,82,667,29,1083,48
2020-05-06,Bolivia,121,4,1802,86,749,31,1193,49
2020-05-07,Bolivia,84,5,1886,91,776,32,1214,51
2020-05-08,Bolivia,195,11,2081,102,914,40,1378,59
2020-05-09,Bolivia,185,4,2266,106,1037,40,1459,62
2020-05-10,Bolivia,171,8,2437,114,967,43,1571,68
2020-05-11,Bolivia,119,4,2556,118,962,42,1606,68
2020-05-12,Bolivia,275,4,2831,122,1150,40,1817,69
2020-05-13,Bolivia,133,6,2964,128,1162,42,1911,73
2020-05-14,Bolivia,184,14,3148,142,1262,51,2038,83
2020-05-15,Bolivia,224,10,3372,152,1291,50,2205,90
2020-05-16,Bolivia,205,12,3577,164,1311,58,2348,98
2020-05-17,Bolivia,249,1,3826,165,1389,51,2356,94
2020-05-18,Bolivia,262,4,4088,169,1532,51,2494,93
2020-05-19,Bolivia,175,5,4263,174,1432,52,2582,92
2020-05-20,Bolivia,218,15,4481,189,1517,61,2679,103
2020-05-21,Bolivia,438,10,4919,199,1771,57,3033,108
2020-05-22,Bolivia,268,16,5187,215,1815,63,3106,113
2020-05-23,Bolivia,392,15,5579,230,2002,66,3313,124
2020-05-24,Bolivia,336,10,5915,240,2089,75,3478,126
2020-05-25,Bolivia,348,10,6263,250,2175,81,3707,132
2020-05-26,Bolivia,397,11,6660,261,2397,87,3829,139
2020-05-27,Bolivia,476,13,7136,274,2655,85,4172,146
2020-05-28,Bolivia,632,6,7768,280,2849,81,4620,138
2020-05-29,Bolivia,619,13,8387,293,3200,78,5015,141
2020-05-30,Bolivia,344,7,8731,300,3152,70,5154,136
2020-05-31,Bolivia,861,10,9592,310,3677,70,5766,145
2020-06-01,Bolivia,390,3,9982,313,3719,63,5894,144
2020-06-02,Bolivia,549,30,10531,343,3871,82,6268,169
2020-06-03,Bolivia,460,33,10991,376,3855,102,6510,187
2020-06-04,Bolivia,647,24,11638,400,3870,120,6719,201
2020-06-05,Bolivia,607,15,12245,415,3858,122,7058,200
2020-06-06,Bolivia,483,12,12728,427,3997,127,7149,197
2020-06-07,Bolivia,630,27,13358,454,3766,144,7443,214
2020-06-08,Bolivia,285,11,13643,465,3661,152,7380,215
2020-06-09,Bolivia,306,10,13949,475,3418,132,7289,214
2020-06-10,Bolivia,695,12,14644,487,3653,111,7508,213
2020-06-11,Bolivia,637,25,15281,512,3643,112,7513,232
2020-06-12,Bolivia,884,21,16165,533,3920,118,7778,240
2020-06-13,Bolivia,764,26,16929,559,4201,132,8198,259
2020-06-14,Bolivia,913,26,17842,585,4484,131,8250,275
2020-06-15,Bolivia,617,26,18459,611,4816,146,8477,298
2020-06-16,Bolivia,614,21,19073,632,5124,157,8542,289
2020-06-17,Bolivia,810,27,19883,659,5239,172,8892,283
2020-06-18,Bolivia,802,20,20685,679,5404,167,9047,279
2020-06-19,Bolivia,814,18,21499,697,5334,164,9254,282
2020-06-20,Bolivia,977,18,22476,715,5547,156,9748,288
2020-06-21,Bolivia,1036,25,23512,740,5670,155,10154,286
2020-06-22,Bolivia,876,33,24388,773,5929,162,10745,308
2020-06-23,Bolivia,1105,47,25493,820,6420,188,11544,345
2020-06-24,Bolivia,896,26,26389,846,6506,187,11745,359
2020-06-25,Bolivia,1098,30,27487,876,6802,197,12206,364
2020-06-26,Bolivia,1016,37,28503,913,7004,216,12338,380
2020-06-27,Bolivia,920,21,29423,934,6947,219,12494,375
2020-06-28,Bolivia,1253,36,30676,970,7164,230,12834,385
2020-06-29,Bolivia,848,44,31524,1014,7136,241,13065,403
2020-06-30,Bolivia,601,57,32125,1071,6632,251,13052,439
2020-07-01,Bolivia,1094,52,33219,1123,6830,277,13336,464
2020-07-02,Bolivia,1008,78,34227,1201,6740,325,13542,522
2020-07-03,Bolivia,1301,70,35528,1271,7025,358,14029,574
2020-07-04,Bolivia,1290,49,36818,1320,7395,386,14342,605
2020-07-05,Bolivia,1253,58,38071,1378,7395,408,14559,638
2020-07-06,Bolivia,1226,56,39297,1434,7773,420,14909,661
2020-07-07,Bolivia,1212,42,40509,1476,8384,405,15016,656
2020-07-08,Bolivia,1036,54,41545,1530,8326,407,15156,684
2020-07-09,Bolivia,1439,47,42984,1577,8757,376,15497,701
2020-07-10,Bolivia,1129,61,44113,1638,8585,367,15610,725
2020-07-11,Bolivia,1452,64,45565,1702,8747,382,16142,768
2020-07-12,Bolivia,1635,52,47200,1754,9129,376,16524,784
2020-07-13,Bolivia,987,53,48187,1807,8890,373,16663,793
2020-07-14,Bolivia,1063,59,49250,1866,8741,390,17125,795
2020-07-15,Bolivia,1617,32,50867,1898,9322,368,17648,775
2020-07-16,Bolivia,1351,44,52218,1942,9234,365,17991,741
2020-07-17,Bolivia,1938,42,54156,1984,10043,346,18628,713
2020-07-18,Bolivia,1946,65,56102,2049,10537,347,19284,729
2020-07-19,Bolivia,2036,57,58138,2106,10938,352,20067,728
2020-07-20,Bolivia,1444,45,59582,2151,11395,344,20285,717
2020-07-21,Bolivia,1409,67,60991,2218,11741,352,20482,742
2020-07-22,Bolivia,1366,55,62357,2273,11490,375,20812,743
2020-07-23,Bolivia,1778,55,64135,2328,11917,386,21151,751
2020-07-24,Bolivia,1117,79,65252,2407,11096,423,21139,769
2020-07-25,Bolivia,1204,66,66456,2473,10354,424,20891,771
2020-07-26,Bolivia,1825,62,68281,2535,10143,429,21081,781
2020-07-27,Bolivia,1148,48,69429,2583,9847,432,21242,776
2020-07-28,Bolivia,2382,64,71811,2647,10820,429,22561,781
2020-07-29,Bolivia,516,73,72327,2720,9970,447,21460,822
2020-07-30,Bolivia,1207,88,73534,2808,9399,480,21316,866
2020-07-31,Bolivia,1700,86,75234,2894,9982,487,21078,910
2020-08-01,Bolivia,1555,83,76789,2977,10333,504,20687,928
2020-08-02,Bolivia,2004,87,78793,3064,10512,529,20655,958
2020-08-03,Bolivia,1360,89,80153,3153,10724,570,20571,1002
2020-08-04,Bolivia,1693,75,81846,3228,10035,581,20855,1010
2020-08-05,Bolivia,1515,92,83361,3320,11034,600,21004,1047
2020-08-06,Bolivia,1780,65,85141,3385,11607,577,21006,1057
2020-08-07,Bolivia,1282,80,86423,3465,11189,571,21171,1058
2020-08-08,Bolivia,1468,59,87891,3524,11102,547,21435,1051
2020-08-09,Bolivia,1164,63,89055,3587,10262,523,20774,1052
2020-08-10,Bolivia,944,53,89999,3640,9846,487,20570,1057
2020-08-11,Bolivia,1636,72,91635,3712,9789,484,19824,1065
2020-08-12,Bolivia,1693,49,93328,3761,9967,441,21001,1041
2020-08-13,Bolivia,1743,66,95071,3827,9930,442,21537,1019
2020-08-14,Bolivia,0,0,95071,3827,8648,362,19837,933
2020-08-15,Bolivia,1388,57,96459,3884,8568,360,19670,907
2020-08-16,Bolivia,2687,119,99146,4003,10091,416,20353,939
2020-08-17,Bolivia,1198,45,100344,4048,10345,408,20191,895
2020-08-18,Bolivia,879,75,101223,4123,9588,411,19377,895
2020-08-19,Bolivia,1796,49,103019,4172,9691,411,19658,852
2020-08-20,Bolivia,2031,61,105050,4233,9979,406,19909,848
2020-08-21,Bolivia,1015,72,106065,4305,10994,478,19642,840
2020-08-22,Bolivia,1370,61,107435,4366,10976,482,19544,842
2020-08-23,Bolivia,992,76,108427,4442,9281,439,19372,855
2020-08-24,Bolivia,722,67,109149,4509,8805,461,19150,869
2020-08-25,Bolivia,999,69,110148,4578,8925,455,18513,866
2020-08-26,Bolivia,851,86,110999,4664,7980,492,17671,903
2020-08-27,Bolivia,1095,62,112094,4726,7044,493,17023,899
2020-08-28,Bolivia,1035,65,113129,4791,7064,486,18058,964
2020-08-29,Bolivia,1280,55,114409,4846,6974,480,17950,962
2020-08-30,Bolivia,945,92,115354,4938,6927,496,16208,935
2020-08-31,Bolivia,614,28,115968,4966,6819,457,15624,918
2020-04-01,Bonaire Sint Eustatius and Saba,0,0,0,0,0,0,0,0
2020-04-02,Bonaire Sint Eustatius and Saba,2,0,2,0,0,0,0,0
2020-04-03,Bonaire Sint Eustatius and Saba,0,0,2,0,0,0,0,0
2020-04-04,Bonaire Sint Eustatius and Saba,0,0,2,0,0,0,0,0
2020-04-05,Bonaire Sint Eustatius and Saba,0,0,2,0,0,0,0,0
2020-04-06,Bonaire Sint Eustatius and Saba,0,0,2,0,0,0,0,0
2020-04-07,Bonaire Sint Eustatius and Saba,0,0,2,0,0,0,0,0
2020-04-08,Bonaire Sint Eustatius and Saba,0,0,2,0,2,0,0,0
2020-04-09,Bonaire Sint Eustatius and Saba,0,0,2,0,0,0,0,0
2020-04-10,Bonaire Sint Eustatius and Saba,0,0,2,0,0,0,0,0
2020-04-11,Bonaire Sint Eustatius and Saba,0,0,2,0,0,0,0,0
2020-04-12,Bonaire Sint Eustatius and Saba,0,0,2,0,0,0,0,0
2020-04-13,Bonaire Sint Eustatius and Saba,1,0,3,0,1,0,0,0
2020-04-14,Bonaire Sint Eustatius and Saba,1,0,4,0,2,0,0,0
2020-04-15,Bonaire Sint Eustatius and Saba,0,0,4,0,2,0,4,0
2020-04-16,Bonaire Sint Eustatius and Saba,0,0,4,0,2,0,2,0
2020-04-17,Bonaire Sint Eustatius and Saba,0,0,4,0,2,0,2,0
2020-04-18,Bonaire Sint Eustatius and Saba,0,0,4,0,2,0,2,0
2020-04-19,Bonaire Sint Eustatius and Saba,0,0,4,0,2,0,2,0
2020-04-20,Bonaire Sint Eustatius and Saba,1,0,5,0,2,0,3,0
2020-04-21,Bonaire Sint Eustatius and Saba,0,0,5,0,1,0,3,0
2020-04-22,Bonaire Sint Eustatius and Saba,1,0,6,0,2,0,4,0
2020-04-23,Bonaire Sint Eustatius and Saba,0,0,6,0,2,0,4,0
2020-04-24,Bonaire Sint Eustatius and Saba,0,0,6,0,2,0,4,0
2020-04-25,Bonaire Sint Eustatius and Saba,0,0,6,0,2,0,4,0
2020-04-26,Bonaire Sint Eustatius and Saba,0,0,6,0,2,0,4,0
2020-04-27,Bonaire Sint Eustatius and Saba,0,0,6,0,1,0,3,0
2020-04-28,Bonaire Sint Eustatius and Saba,0,0,6,0,1,0,2,0
2020-04-29,Bonaire Sint Eustatius and Saba,0,0,6,0,0,0,2,0
2020-04-30,Bonaire Sint Eustatius and Saba,0,0,6,0,0,0,2,0
2020-05-01,Bonaire Sint Eustatius and Saba,0,0,6,0,0,0,2,0
2020-05-02,Bonaire Sint Eustatius and Saba,0,0,6,0,0,0,2,0
2020-05-03,Bonaire Sint Eustatius and Saba,0,0,6,0,0,0,2,0
2020-05-04,Bonaire Sint Eustatius and Saba,0,0,6,0,0,0,1,0
2020-05-05,Bonaire Sint Eustatius and Saba,0,0,6,0,0,0,1,0
2020-05-06,Bonaire Sint Eustatius and Saba,0,0,6,0,0,0,0,0
2020-05-07,Bonaire Sint Eustatius and Saba,0,0,6,0,0,0,0,0
2020-05-08,Bonaire Sint Eustatius and Saba,0,0,6,0,0,0,0,0
2020-05-09,Bonaire Sint Eustatius and Saba,0,0,6,0,0,0,0,0
2020-05-10,Bonaire Sint Eustatius and Saba,0,0,6,0,0,0,0,0
2020-05-11,Bonaire Sint Eustatius and Saba,0,0,6,0,0,0,0,0
2020-05-12,Bonaire Sint Eustatius and Saba,0,0,6,0,0,0,0,0
2020-05-13,Bonaire Sint Eustatius and Saba,0,0,6,0,0,0,0,0
2020-05-14,Bonaire Sint Eustatius and Saba,0,0,6,0,0,0,0,0
2020-05-15,Bonaire Sint Eustatius and Saba,0,0,6,0,0,0,0,0
2020-05-16,Bonaire Sint Eustatius and Saba,0,0,6,0,0,0,0,0
2020-05-17,Bonaire Sint Eustatius and Saba,0,0,6,0,0,0,0,0
2020-05-18,Bonaire Sint Eustatius and Saba,0,0,6,0,0,0,0,0
2020-05-19,Bonaire Sint Eustatius and Saba,0,0,6,0,0,0,0,0
2020-05-20,Bonaire Sint Eustatius and Saba,0,0,6,0,0,0,0,0
2020-05-21,Bonaire Sint Eustatius and Saba,0,0,6,0,0,0,0,0
2020-05-22,Bonaire Sint Eustatius and Saba,0,0,6,0,0,0,0,0
2020-05-23,Bonaire Sint Eustatius and Saba,0,0,6,0,0,0,0,0
2020-05-24,Bonaire Sint Eustatius and Saba,0,0,6,0,0,0,0,0
2020-05-25,Bonaire Sint Eustatius and Saba,1,0,7,0,1,0,1,0
2020-05-26,Bonaire Sint Eustatius and Saba,0,0,7,0,1,0,1,0
2020-05-27,Bonaire Sint Eustatius and Saba,0,0,7,0,1,0,1,0
2020-05-28,Bonaire Sint Eustatius and Saba,0,0,7,0,1,0,1,0
2020-05-29,Bonaire Sint Eustatius and Saba,0,0,7,0,1,0,1,0
2020-05-30,Bonaire Sint Eustatius and Saba,0,0,7,0,1,0,1,0
2020-05-31,Bonaire Sint Eustatius and Saba,0,0,7,0,1,0,1,0
2020-06-01,Bonaire Sint Eustatius and Saba,0,0,7,0,0,0,1,0
2020-06-02,Bonaire Sint Eustatius and Saba,0,0,7,0,0,0,1,0
2020-06-03,Bonaire Sint Eustatius and Saba,0,0,7,0,0,0,1,0
2020-06-04,Bonaire Sint Eustatius and Saba,0,0,7,0,0,0,1,0
2020-06-05,Bonaire Sint Eustatius and Saba,0,0,7,0,0,0,1,0
2020-06-06,Bonaire Sint Eustatius and Saba,0,0,7,0,0,0,1,0
2020-06-07,Bonaire Sint Eustatius and Saba,0,0,7,0,0,0,1,0
2020-06-08,Bonaire Sint Eustatius and Saba,0,0,7,0,0,0,0,0
2020-06-09,Bonaire Sint Eustatius and Saba,0,0,7,0,0,0,0,0
2020-06-10,Bonaire Sint Eustatius and Saba,0,0,7,0,0,0,0,0
2020-06-11,Bonaire Sint Eustatius and Saba,0,0,7,0,0,0,0,0
2020-06-12,Bonaire Sint Eustatius and Saba,0,0,7,0,0,0,0,0
2020-06-13,Bonaire Sint Eustatius and Saba,0,0,7,0,0,0,0,0
2020-06-14,Bonaire Sint Eustatius and Saba,0,0,7,0,0,0,0,0
2020-06-15,Bonaire Sint Eustatius and Saba,0,0,7,0,0,0,0,0
2020-06-16,Bonaire Sint Eustatius and Saba,0,0,7,0,0,0,0,0
2020-06-17,Bonaire Sint Eustatius and Saba,0,0,7,0,0,0,0,0
2020-06-18,Bonaire Sint Eustatius and Saba,0,0,7,0,0,0,0,0
2020-06-19,Bonaire Sint Eustatius and Saba,0,0,7,0,0,0,0,0
2020-06-20,Bonaire Sint Eustatius and Saba,0,0,7,0,0,0,0,0
2020-06-21,Bonaire Sint Eustatius and Saba,0,0,7,0,0,0,0,0
2020-06-22,Bonaire Sint Eustatius and Saba,0,0,7,0,0,0,0,0
2020-06-23,Bonaire Sint Eustatius and Saba,0,0,7,0,0,0,0,0
2020-06-24,Bonaire Sint Eustatius and Saba,0,0,7,0,0,0,0,0
2020-06-25,Bonaire Sint Eustatius and Saba,0,0,7,0,0,0,0,0
2020-06-26,Bonaire Sint Eustatius and Saba,0,0,7,0,0,0,0,0
2020-06-27,Bonaire Sint Eustatius and Saba,0,0,7,0,0,0,0,0
2020-06-28,Bonaire Sint Eustatius and Saba,0,0,7,0,0,0,0,0
2020-06-29,Bonaire Sint Eustatius and Saba,0,0,7,0,0,0,0,0
2020-06-30,Bonaire Sint Eustatius and Saba,0,0,7,0,0,0,0,0
2020-07-01,Bonaire Sint Eustatius and Saba,0,0,7,0,0,0,0,0
2020-07-02,Bonaire Sint Eustatius and Saba,0,0,7,0,0,0,0,0
2020-07-03,Bonaire Sint Eustatius and Saba,0,0,7,0,0,0,0,0
2020-07-04,Bonaire Sint Eustatius and Saba,0,0,7,0,0,0,0,0
2020-07-05,Bonaire Sint Eustatius and Saba,0,0,7,0,0,0,0,0
2020-07-06,Bonaire Sint Eustatius and Saba,0,0,7,0,0,0,0,0
2020-07-07,Bonaire Sint Eustatius and Saba,0,0,7,0,0,0,0,0
2020-07-08,Bonaire Sint Eustatius and Saba,0,0,7,0,0,0,0,0
2020-07-09,Bonaire Sint Eustatius and Saba,0,0,7,0,0,0,0,0
2020-07-10,Bonaire Sint Eustatius and Saba,0,0,7,0,0,0,0,0
2020-07-11,Bonaire Sint Eustatius and Saba,0,0,7,0,0,0,0,0
2020-07-12,Bonaire Sint Eustatius and Saba,0,0,7,0,0,0,0,0
2020-07-13,Bonaire Sint Eustatius and Saba,0,0,7,0,0,0,0,0
2020-07-14,Bonaire Sint Eustatius and Saba,0,0,7,0,0,0,0,0
2020-07-15,Bonaire Sint Eustatius and Saba,2,0,9,0,2,0,2,0
2020-07-16,Bonaire Sint Eustatius and Saba,0,0,9,0,2,0,2,0
2020-07-17,Bonaire Sint Eustatius and Saba,1,0,10,0,3,0,3,0
2020-07-18,Bonaire Sint Eustatius and Saba,0,0,10,0,3,0,3,0
2020-07-19,Bonaire Sint Eustatius and Saba,0,0,10,0,3,0,3,0
2020-07-20,Bonaire Sint Eustatius and Saba,0,0,10,0,3,0,3,0
2020-07-21,Bonaire Sint Eustatius and Saba,0,0,10,0,3,0,3,0
2020-07-22,Bonaire Sint Eustatius and Saba,0,0,10,0,1,0,3,0
2020-07-23,Bonaire Sint Eustatius and Saba,0,0,10,0,1,0,3,0
2020-07-24,Bonaire Sint Eustatius and Saba,1,0,11,0,1,0,4,0
2020-07-25,Bonaire Sint Eustatius and Saba,0,0,11,0,1,0,4,0
2020-07-26,Bonaire Sint Eustatius and Saba,0,0,11,0,1,0,4,0
2020-07-27,Bonaire Sint Eustatius and Saba,0,0,11,0,1,0,4,0
2020-07-28,Bonaire Sint Eustatius and Saba,0,0,11,0,1,0,4,0
2020-07-29,Bonaire Sint Eustatius and Saba,0,0,11,0,1,0,2,0
2020-07-30,Bonaire Sint Eustatius and Saba,0,0,11,0,1,0,2,0
2020-07-31,Bonaire Sint Eustatius and Saba,0,0,11,0,0,0,1,0
2020-08-01,Bonaire Sint Eustatius and Saba,0,0,11,0,0,0,1,0
2020-08-02,Bonaire Sint Eustatius and Saba,0,0,11,0,0,0,1,0
2020-08-03,Bonaire Sint Eustatius and Saba,0,0,11,0,0,0,1,0
2020-08-04,Bonaire Sint Eustatius and Saba,2,0,13,0,2,0,3,0
2020-08-05,Bonaire Sint Eustatius and Saba,0,0,13,0,2,0,3,0
2020-08-06,Bonaire Sint Eustatius and Saba,0,0,13,0,2,0,3,0
2020-08-07,Bonaire Sint Eustatius and Saba,0,0,13,0,2,0,2,0
2020-08-08,Bonaire Sint Eustatius and Saba,0,0,13,0,2,0,2,0
2020-08-09,Bonaire Sint Eustatius and Saba,0,0,13,0,2,0,2,0
2020-08-10,Bonaire Sint Eustatius and Saba,0,0,13,0,2,0,2,0
2020-08-11,Bonaire Sint Eustatius and Saba,0,0,13,0,0,0,2,0
2020-08-12,Bonaire Sint Eustatius and Saba,0,0,13,0,0,0,2,0
2020-08-13,Bonaire Sint Eustatius and Saba,0,0,13,0,0,0,2,0
2020-08-14,Bonaire Sint Eustatius and Saba,0,0,13,0,0,0,2,0
2020-08-15,Bonaire Sint Eustatius and Saba,0,0,13,0,0,0,2,0
2020-08-16,Bonaire Sint Eustatius and Saba,0,0,13,0,0,0,2,0
2020-08-17,Bonaire Sint Eustatius and Saba,0,0,13,0,0,0,2,0
2020-08-18,Bonaire Sint Eustatius and Saba,0,0,13,0,0,0,0,0
2020-08-19,Bonaire Sint Eustatius and Saba,0,0,13,0,0,0,0,0
2020-08-20,Bonaire Sint Eustatius and Saba,0,0,13,0,0,0,0,0
2020-08-21,Bonaire Sint Eustatius and Saba,0,0,13,0,0,0,0,0
2020-08-22,Bonaire Sint Eustatius and Saba,0,0,13,0,0,0,0,0
2020-08-23,Bonaire Sint Eustatius and Saba,0,0,13,0,0,0,0,0
2020-08-24,Bonaire Sint Eustatius and Saba,0,0,13,0,0,0,0,0
2020-08-25,Bonaire Sint Eustatius and Saba,0,0,13,0,0,0,0,0
2020-08-26,Bonaire Sint Eustatius and Saba,0,0,13,0,0,0,0,0
2020-08-27,Bonaire Sint Eustatius and Saba,0,0,13,0,0,0,0,0
2020-08-28,Bonaire Sint Eustatius and Saba,1,0,14,0,1,0,1,0
2020-08-29,Bonaire Sint Eustatius and Saba,1,0,15,0,2,0,2,0
2020-08-30,Bonaire Sint Eustatius and Saba,0,0,15,0,2,0,2,0
2020-08-31,Bonaire Sint Eustatius and Saba,0,0,15,0,2,0,2,0
2020-04-01,Bosnia and Herzegovina,60,4,413,12,249,10,383,12
2020-04-02,Bosnia and Herzegovina,51,1,464,13,291,10,429,13
2020-04-03,Bosnia and Herzegovina,68,4,532,17,319,14,488,17
2020-04-04,Bosnia and Herzegovina,54,1,586,18,353,14,524,18
2020-04-05,Bosnia and Herzegovina,46,3,632,21,375,16,540,20
2020-04-06,Bosnia and Herzegovina,31,3,663,24,340,18,538,23
2020-04-07,Bosnia and Herzegovina,32,4,695,28,342,20,564,27
2020-04-08,Bosnia and Herzegovina,86,4,781,32,368,20,617,30
2020-04-09,Bosnia and Herzegovina,35,3,816,35,352,22,643,32
2020-04-10,Bosnia and Herzegovina,59,1,875,36,343,19,662,33
2020-04-11,Bosnia and Herzegovina,26,1,901,37,315,19,668,33
2020-04-12,Bosnia and Herzegovina,47,0,948,37,316,16,691,32
2020-04-13,Bosnia and Herzegovina,59,1,1007,38,344,14,684,32
2020-04-14,Bosnia and Herzegovina,21,0,1028,38,333,10,675,30
2020-04-15,Bosnia and Herzegovina,45,1,1073,39,292,7,660,27
2020-04-16,Bosnia and Herzegovina,27,1,1100,40,284,5,636,27
2020-04-17,Bosnia and Herzegovina,52,1,1152,41,277,5,620,24
2020-04-18,Bosnia and Herzegovina,58,3,1210,44,309,7,624,26
2020-04-19,Bosnia and Herzegovina,44,1,1254,45,306,8,622,24
2020-04-20,Bosnia and Herzegovina,15,1,1269,46,262,8,606,22
2020-04-21,Bosnia and Herzegovina,31,2,1300,48,272,10,605,20
2020-04-22,Bosnia and Herzegovina,40,2,1340,50,267,11,559,18
2020-04-23,Bosnia and Herzegovina,27,2,1367,52,267,12,551,17
2020-04-24,Bosnia and Herzegovina,46,1,1413,53,261,12,538,17
2020-04-25,Bosnia and Herzegovina,7,1,1420,54,210,10,519,17
2020-04-26,Bosnia and Herzegovina,65,2,1485,56,231,11,537,19
2020-04-27,Bosnia and Herzegovina,31,2,1516,58,247,12,509,20
2020-04-28,Bosnia and Herzegovina,48,2,1564,60,264,12,536,22
2020-04-29,Bosnia and Herzegovina,24,2,1588,62,248,12,515,23
2020-04-30,Bosnia and Herzegovina,101,2,1689,64,322,12,589,24
2020-05-01,Bosnia and Herzegovina,68,4,1757,68,344,15,605,27
2020-05-02,Bosnia and Herzegovina,25,1,1782,69,362,15,572,25
2020-05-03,Bosnia and Herzegovina,58,2,1840,71,355,15,586,26
2020-05-04,Bosnia and Herzegovina,17,5,1857,76,341,18,588,30
2020-05-05,Bosnia and Herzegovina,69,1,1926,77,362,17,626,29
2020-05-06,Bosnia and Herzegovina,20,1,1946,78,358,16,606,28
2020-05-07,Bosnia and Herzegovina,40,6,1986,84,297,20,619,32
2020-05-08,Bosnia and Herzegovina,41,6,2027,90,270,22,614,37
2020-05-09,Bosnia and Herzegovina,43,8,2070,98,288,29,650,44
2020-05-10,Bosnia and Herzegovina,22,3,2092,101,252,30,607,45
2020-05-11,Bosnia and Herzegovina,25,6,2117,107,260,31,601,49
2020-05-12,Bosnia and Herzegovina,25,5,2142,112,216,35,578,52
2020-05-13,Bosnia and Herzegovina,16,4,2158,116,212,38,570,54
2020-05-14,Bosnia and Herzegovina,23,4,2181,120,195,36,492,56
2020-05-15,Bosnia and Herzegovina,35,3,2216,123,189,33,459,55
2020-05-16,Bosnia and Herzegovina,21,4,2237,127,167,29,455,58
2020-05-17,Bosnia and Herzegovina,30,2,2267,129,175,28,427,58
2020-05-18,Bosnia and Herzegovina,22,3,2289,132,172,25,432,56
2020-05-19,Bosnia and Herzegovina,14,0,2303,132,161,20,377,55
2020-05-20,Bosnia and Herzegovina,16,1,2319,133,161,17,373,55
2020-05-21,Bosnia and Herzegovina,15,2,2334,135,153,15,348,51
2020-05-22,Bosnia and Herzegovina,18,4,2352,139,136,16,325,49
2020-05-23,Bosnia and Herzegovina,20,2,2372,141,135,14,302,43
2020-05-24,Bosnia and Herzegovina,19,0,2391,141,124,12,299,40
2020-05-25,Bosnia and Herzegovina,9,2,2400,143,111,11,283,36
2020-05-26,Bosnia and Herzegovina,5,2,2405,145,102,13,263,33
2020-05-27,Bosnia and Herzegovina,10,4,2415,149,96,16,257,33
2020-05-28,Bosnia and Herzegovina,19,1,2434,150,100,15,253,30
2020-05-29,Bosnia and Herzegovina,28,2,2462,152,110,13,246,29
2020-05-30,Bosnia and Herzegovina,22,0,2484,152,112,11,247,25
2020-05-31,Bosnia and Herzegovina,9,0,2493,152,102,11,226,23
2020-06-01,Bosnia and Herzegovina,16,0,2509,152,109,9,220,20
2020-06-02,Bosnia and Herzegovina,14,1,2523,153,118,8,220,21
2020-06-03,Bosnia and Herzegovina,11,3,2534,156,119,7,215,23
2020-06-04,Bosnia and Herzegovina,16,0,2550,156,116,6,216,21
2020-06-05,Bosnia and Herzegovina,43,2,2593,158,131,6,241,19
2020-06-06,Bosnia and Herzegovina,12,0,2605,158,121,6,233,17
2020-06-07,Bosnia and Herzegovina,31,0,2636,158,143,6,245,17
2020-06-08,Bosnia and Herzegovina,37,1,2673,159,164,7,273,16
2020-06-09,Bosnia and Herzegovina,30,0,2703,159,180,6,298,14
2020-06-10,Bosnia and Herzegovina,24,0,2727,159,193,3,312,10
2020-06-11,Bosnia and Herzegovina,49,1,2776,160,226,4,342,10
2020-06-12,Bosnia and Herzegovina,55,0,2831,160,238,2,369,8
2020-06-13,Bosnia and Herzegovina,61,2,2892,162,287,4,408,10
2020-06-14,Bosnia and Herzegovina,48,1,2940,163,304,5,447,11
2020-06-15,Bosnia and Herzegovina,61,0,3001,163,328,4,492,11
2020-06-16,Bosnia and Herzegovina,38,1,3039,164,336,5,516,11
2020-06-17,Bosnia and Herzegovina,45,3,3084,167,357,8,550,11
2020-06-18,Bosnia and Herzegovina,60,0,3144,167,368,7,594,11
2020-06-19,Bosnia and Herzegovina,58,0,3202,167,371,7,609,9
2020-06-20,Bosnia and Herzegovina,86,1,3288,168,396,6,683,10
2020-06-21,Bosnia and Herzegovina,66,1,3354,169,414,6,718,11
2020-06-22,Bosnia and Herzegovina,77,0,3431,169,430,6,758,10
2020-06-23,Bosnia and Herzegovina,93,1,3524,170,485,6,821,11
2020-06-24,Bosnia and Herzegovina,63,1,3587,171,503,4,860,12
2020-06-25,Bosnia and Herzegovina,88,1,3675,172,531,5,899,12
2020-06-26,Bosnia and Herzegovina,119,2,3794,174,592,7,963,14
2020-06-27,Bosnia and Herzegovina,140,3,3934,177,646,9,1042,15
2020-06-28,Bosnia and Herzegovina,173,2,4107,179,753,10,1167,16
2020-06-29,Bosnia and Herzegovina,108,3,4215,182,784,13,1214,19
2020-06-30,Bosnia and Herzegovina,128,1,4343,183,819,13,1304,19
2020-07-01,Bosnia and Herzegovina,110,2,4453,185,866,14,1369,18
2020-07-02,Bosnia and Herzegovina,153,2,4606,187,931,15,1462,20
2020-07-03,Bosnia and Herzegovina,182,1,4788,188,994,14,1586,21
2020-07-04,Bosnia and Herzegovina,172,2,4960,190,1026,13,1672,22
2020-07-05,Bosnia and Herzegovina,289,0,5249,190,1142,11,1895,21
2020-07-06,Bosnia and Herzegovina,144,3,5393,193,1178,11,1962,24
2020-07-07,Bosnia and Herzegovina,64,3,5457,196,1114,13,1933,26
2020-07-08,Bosnia and Herzegovina,161,10,5618,206,1165,21,2031,35
2020-07-09,Bosnia and Herzegovina,250,1,5868,207,1262,20,2193,35
2020-07-10,Bosnia and Herzegovina,219,6,6087,213,1299,25,2293,39
2020-07-11,Bosnia and Herzegovina,315,2,6402,215,1442,25,2468,38
2020-07-12,Bosnia and Herzegovina,318,3,6720,218,1471,28,2613,39
2020-07-13,Bosnia and Herzegovina,164,2,6884,220,1491,27,2669,38
2020-07-14,Bosnia and Herzegovina,95,4,6979,224,1522,28,2636,41
2020-07-15,Bosnia and Herzegovina,197,1,7176,225,1558,19,2723,40
2020-07-16,Bosnia and Herzegovina,231,8,7407,233,1539,26,2801,46
2020-07-17,Bosnia and Herzegovina,274,6,7681,239,1594,26,2893,51
2020-07-18,Bosnia and Herzegovina,227,4,7908,243,1506,28,2948,53
2020-07-19,Bosnia and Herzegovina,256,2,8164,245,1444,27,2915,55
2020-07-20,Bosnia and Herzegovina,288,5,8452,250,1568,30,3059,57
2020-07-21,Bosnia and Herzegovina,139,6,8591,256,1612,32,3134,60
2020-07-22,Bosnia and Herzegovina,195,5,8786,261,1610,36,3168,55
2020-07-23,Bosnia and Herzegovina,330,6,9116,267,1709,34,3248,60
2020-07-24,Bosnia and Herzegovina,344,5,9460,272,1779,33,3373,59
2020-07-25,Bosnia and Herzegovina,2,2,9462,274,1554,31,3060,59
2020-07-26,Bosnia and Herzegovina,302,4,9764,278,1600,33,3044,60
2020-07-27,Bosnia and Herzegovina,305,5,10069,283,1617,33,3185,63
2020-07-28,Bosnia and Herzegovina,429,11,10498,294,1907,38,3519,70
2020-07-29,Bosnia and Herzegovina,268,3,10766,297,1980,36,3590,72
2020-07-30,Bosnia and Herzegovina,0,0,10766,297,1650,30,3359,64
2020-07-31,Bosnia and Herzegovina,678,31,11444,328,1984,56,3763,89
2020-08-01,Bosnia and Herzegovina,0,0,11444,328,1982,54,3536,85
2020-08-02,Bosnia and Herzegovina,431,7,11875,335,2111,57,3711,90
2020-08-03,Bosnia and Herzegovina,233,8,12108,343,2039,60,3656,93
2020-08-04,Bosnia and Herzegovina,188,4,12296,347,1798,53,3705,91
2020-08-05,Bosnia and Herzegovina,562,21,12858,368,2092,71,4072,107
2020-08-06,Bosnia and Herzegovina,288,6,13146,374,2380,77,4030,107
2020-08-07,Bosnia and Herzegovina,251,5,13397,379,1953,51,3937,107
2020-08-08,Bosnia and Herzegovina,290,15,13687,394,2243,66,4225,120
2020-08-09,Bosnia and Herzegovina,402,2,14089,396,2214,61,4325,118
2020-08-10,Bosnia and Herzegovina,236,6,14325,402,2217,59,4256,119
2020-08-11,Bosnia and Herzegovina,173,23,14498,425,2202,78,4000,131
2020-08-12,Bosnia and Herzegovina,210,22,14708,447,1850,79,3942,150
2020-08-13,Bosnia and Herzegovina,253,6,14961,453,1815,79,4195,156
2020-08-14,Bosnia and Herzegovina,223,5,15184,458,1787,79,3740,130
2020-08-15,Bosnia and Herzegovina,350,6,15534,464,1847,70,4090,136
2020-08-16,Bosnia and Herzegovina,1,5,15535,469,1446,73,3660,134
2020-08-17,Bosnia and Herzegovina,0,0,15535,469,1210,67,3427,126
2020-08-18,Bosnia and Herzegovina,500,6,16035,475,1537,50,3739,128
2020-08-19,Bosnia and Herzegovina,316,20,16351,495,1643,48,3493,127
2020-08-20,Bosnia and Herzegovina,340,12,16691,507,1730,54,3545,133
2020-08-21,Bosnia and Herzegovina,338,8,17029,515,1845,57,3632,136
2020-08-22,Bosnia and Herzegovina,363,5,17392,520,1858,56,3705,126
2020-08-23,Bosnia and Herzegovina,0,0,17392,520,1857,51,3303,124
2020-08-24,Bosnia and Herzegovina,508,9,17900,529,2365,60,3575,127
2020-08-25,Bosnia and Herzegovina,127,11,18027,540,1992,65,3529,115
2020-08-26,Bosnia and Herzegovina,297,14,18324,554,1973,59,3616,107
2020-08-27,Bosnia and Herzegovina,285,17,18609,571,1918,64,3648,118
2020-08-28,Bosnia and Herzegovina,311,11,18920,582,1891,67,3736,124
2020-08-29,Bosnia and Herzegovina,294,3,19214,585,1822,65,3680,121
2020-08-30,Bosnia and Herzegovina,0,3,19214,588,1822,68,3679,119
2020-08-31,Bosnia and Herzegovina,575,4,19789,592,1889,63,4254,123
2020-04-01,Botswana,3,0,3,0,0,0,0,0
2020-04-02,Botswana,1,1,4,1,0,0,0,0
2020-04-03,Botswana,0,0,4,1,0,0,0,0
2020-04-04,Botswana,0,0,4,1,0,0,0,0
2020-04-05,Botswana,0,0,4,1,0,0,0,0
2020-04-06,Botswana,2,0,6,1,0,0,0,0
2020-04-07,Botswana,0,0,6,1,6,1,0,0
2020-04-08,Botswana,0,0,6,1,3,1,0,0
2020-04-09,Botswana,1,0,7,1,3,0,0,0
2020-04-10,Botswana,6,0,13,1,9,0,0,0
2020-04-11,Botswana,0,0,13,1,9,0,0,0
2020-04-12,Botswana,0,0,13,1,9,0,0,0
2020-04-13,Botswana,0,0,13,1,7,0,0,0
2020-04-14,Botswana,0,0,13,1,7,0,13,1
2020-04-15,Botswana,0,0,13,1,7,0,10,1
2020-04-16,Botswana,0,0,13,1,6,0,9,0
2020-04-17,Botswana,2,0,15,1,2,0,11,0
2020-04-18,Botswana,0,0,15,1,2,0,11,0
2020-04-19,Botswana,0,0,15,1,2,0,11,0
2020-04-20,Botswana,5,0,20,1,7,0,14,0
2020-04-21,Botswana,0,0,20,1,7,0,14,0
2020-04-22,Botswana,0,0,20,1,7,0,14,0
2020-04-23,Botswana,2,0,22,1,9,0,15,0
2020-04-24,Botswana,0,0,22,1,7,0,9,0
2020-04-25,Botswana,0,0,22,1,7,0,9,0
2020-04-26,Botswana,0,0,22,1,7,0,9,0
2020-04-27,Botswana,0,0,22,1,2,0,9,0
2020-04-28,Botswana,0,0,22,1,2,0,9,0
2020-04-29,Botswana,1,0,23,1,3,0,10,0
2020-04-30,Botswana,0,0,23,1,1,0,10,0
2020-05-01,Botswana,0,0,23,1,1,0,8,0
2020-05-02,Botswana,0,0,23,1,1,0,8,0
2020-05-03,Botswana,0,0,23,1,1,0,8,0
2020-05-04,Botswana,0,0,23,1,1,0,3,0
2020-05-05,Botswana,0,0,23,1,1,0,3,0
2020-05-06,Botswana,0,0,23,1,0,0,3,0
2020-05-07,Botswana,0,0,23,1,0,0,1,0
2020-05-08,Botswana,0,0,23,1,0,0,1,0
2020-05-09,Botswana,0,0,23,1,0,0,1,0
2020-05-10,Botswana,0,0,23,1,0,0,1,0
2020-05-11,Botswana,0,0,23,1,0,0,1,0
2020-05-12,Botswana,1,0,24,1,1,0,2,0
2020-05-13,Botswana,0,0,24,1,1,0,1,0
2020-05-14,Botswana,0,0,24,1,1,0,1,0
2020-05-15,Botswana,0,0,24,1,1,0,1,0
2020-05-16,Botswana,0,0,24,1,1,0,1,0
2020-05-17,Botswana,0,0,24,1,1,0,1,0
2020-05-18,Botswana,1,0,25,1,2,0,2,0
2020-05-19,Botswana,0,0,25,1,1,0,2,0
2020-05-20,Botswana,0,0,25,1,1,0,2,0
2020-05-21,Botswana,4,0,29,1,5,0,6,0
2020-05-22,Botswana,0,0,29,1,5,0,6,0
2020-05-23,Botswana,1,0,30,1,6,0,7,0
2020-05-24,Botswana,0,0,30,1,6,0,7,0
2020-05-25,Botswana,5,0,35,1,10,0,12,0
2020-05-26,Botswana,0,0,35,1,10,0,11,0
2020-05-27,Botswana,0,0,35,1,10,0,11,0
2020-05-28,Botswana,0,0,35,1,6,0,11,0
2020-05-29,Botswana,0,0,35,1,6,0,11,0
2020-05-30,Botswana,0,0,35,1,5,0,11,0
2020-05-31,Botswana,0,0,35,1,5,0,11,0
2020-06-01,Botswana,3,0,38,1,3,0,13,0
2020-06-02,Botswana,0,0,38,1,3,0,13,0
2020-06-03,Botswana,0,0,38,1,3,0,13,0
2020-06-04,Botswana,2,0,40,1,5,0,11,0
2020-06-05,Botswana,0,0,40,1,5,0,11,0
2020-06-06,Botswana,0,0,40,1,5,0,10,0
2020-06-07,Botswana,0,0,40,1,5,0,10,0
2020-06-08,Botswana,0,0,40,1,2,0,5,0
2020-06-09,Botswana,2,0,42,1,4,0,7,0
2020-06-10,Botswana,0,0,42,1,4,0,7,0
2020-06-11,Botswana,6,0,48,1,8,0,13,0
2020-06-12,Botswana,0,0,48,1,8,0,13,0
2020-06-13,Botswana,12,0,60,1,20,0,25,0
2020-06-14,Botswana,0,0,60,1,20,0,25,0
2020-06-15,Botswana,0,0,60,1,20,0,22,0
2020-06-16,Botswana,0,0,60,1,18,0,22,0
2020-06-17,Botswana,0,0,60,1,18,0,22,0
2020-06-18,Botswana,0,0,60,1,12,0,20,0
2020-06-19,Botswana,19,0,79,1,31,0,39,0
2020-06-20,Botswana,10,0,89,1,29,0,49,0
2020-06-21,Botswana,0,0,89,1,29,0,49,0
2020-06-22,Botswana,0,0,89,1,29,0,49,0
2020-06-23,Botswana,0,0,89,1,29,0,47,0
2020-06-24,Botswana,0,0,89,1,29,0,47,0
2020-06-25,Botswana,0,0,89,1,29,0,41,0
2020-06-26,Botswana,0,0,89,1,10,0,41,0
2020-06-27,Botswana,36,0,125,1,36,0,65,0
2020-06-28,Botswana,0,0,125,1,36,0,65,0
2020-06-29,Botswana,0,0,125,1,36,0,65,0
2020-06-30,Botswana,50,0,175,1,86,0,115,0
2020-07-01,Botswana,52,0,227,1,138,0,167,0
2020-07-02,Botswana,0,0,227,1,138,0,167,0
2020-07-03,Botswana,0,0,227,1,138,0,148,0
2020-07-04,Botswana,48,0,275,1,150,0,186,0
2020-07-05,Botswana,0,0,275,1,150,0,186,0
2020-07-06,Botswana,0,0,275,1,150,0,186,0
2020-07-07,Botswana,0,0,275,1,100,0,186,0
2020-07-08,Botswana,39,0,314,1,87,0,225,0
2020-07-09,Botswana,0,0,314,1,87,0,225,0
2020-07-10,Botswana,0,0,314,1,87,0,225,0
2020-07-11,Botswana,0,0,314,1,39,0,189,0
2020-07-12,Botswana,0,0,314,1,39,0,189,0
2020-07-13,Botswana,85,0,399,1,124,0,274,0
2020-07-14,Botswana,0,0,399,1,124,0,224,0
2020-07-15,Botswana,0,0,399,1,85,0,172,0
2020-07-16,Botswana,0,0,399,1,85,0,172,0
2020-07-17,Botswana,123,0,522,1,208,0,295,0
2020-07-18,Botswana,0,0,522,1,208,0,247,0
2020-07-19,Botswana,0,0,522,1,208,0,247,0
2020-07-20,Botswana,0,0,522,1,123,0,247,0
2020-07-21,Botswana,0,0,522,1,123,0,247,0
2020-07-22,Botswana,0,0,522,1,123,0,208,0
2020-07-23,Botswana,0,0,522,1,123,0,208,0
2020-07-24,Botswana,164,0,686,1,164,0,372,0
2020-07-25,Botswana,0,0,686,1,164,0,372,0
2020-07-26,Botswana,0,0,686,1,164,0,372,0
2020-07-27,Botswana,0,0,686,1,164,0,287,0
2020-07-28,Botswana,53,1,739,2,217,1,340,1
2020-07-29,Botswana,0,0,739,2,217,1,340,1
2020-07-30,Botswana,65,0,804,2,282,1,405,1
2020-07-31,Botswana,0,0,804,2,118,1,282,1
2020-08-01,Botswana,0,0,804,2,118,1,282,1
2020-08-02,Botswana,0,0,804,2,118,1,282,1
2020-08-03,Botswana,0,0,804,2,118,1,282,1
2020-08-04,Botswana,0,0,804,2,65,0,282,1
2020-08-05,Botswana,0,0,804,2,65,0,282,1
2020-08-06,Botswana,0,0,804,2,0,0,282,1
2020-08-07,Botswana,105,0,909,2,105,0,223,1
2020-08-08,Botswana,0,0,909,2,105,0,223,1
2020-08-09,Botswana,0,0,909,2,105,0,223,1
2020-08-10,Botswana,0,0,909,2,105,0,223,1
2020-08-11,Botswana,157,0,1066,2,262,0,327,0
2020-08-12,Botswana,0,0,1066,2,262,0,327,0
2020-08-13,Botswana,0,0,1066,2,262,0,262,0
2020-08-14,Botswana,148,1,1214,3,305,1,410,1
2020-08-15,Botswana,0,0,1214,3,305,1,410,1
2020-08-16,Botswana,0,0,1214,3,305,1,410,1
2020-08-17,Botswana,0,0,1214,3,305,1,410,1
2020-08-18,Botswana,94,0,1308,3,242,1,504,1
2020-08-19,Botswana,0,0,1308,3,242,1,504,1
2020-08-20,Botswana,0,0,1308,3,242,1,504,1
2020-08-21,Botswana,0,0,1308,3,94,0,399,1
2020-08-22,Botswana,0,0,1308,3,94,0,399,1
2020-08-23,Botswana,0,0,1308,3,94,0,399,1
2020-08-24,Botswana,0,0,1308,3,94,0,399,1
2020-08-25,Botswana,254,0,1562,3,254,0,496,1
2020-08-26,Botswana,0,0,1562,3,254,0,496,1
2020-08-27,Botswana,71,3,1633,6,325,3,567,4
2020-08-28,Botswana,0,0,1633,6,325,3,419,3
2020-08-29,Botswana,0,0,1633,6,325,3,419,3
2020-08-30,Botswana,0,0,1633,6,325,3,419,3
2020-08-31,Botswana,0,0,1633,6,325,3,419,3
2020-04-01,Brazil,1138,42,5717,201,3516,155,5426,200
2020-04-02,Brazil,1119,40,6836,241,4403,184,6408,237
2020-04-03,Brazil,1074,58,7910,299,4995,222,7289,293
2020-04-04,Brazil,1146,60,9056,359,5639,267,8152,348
2020-04-05,Brazil,1222,73,10278,432,6374,318,9150,414
2020-04-06,Brazil,852,54,11130,486,6874,350,9584,461
2020-04-07,Brazil,926,67,12056,553,7477,394,10165,519
2020-04-08,Brazil,1661,114,13717,667,8000,466,11516,621
2020-04-09,Brazil,2210,133,15927,800,9091,559,13494,743
2020-04-10,Brazil,1930,141,17857,941,9947,642,14942,864
2020-04-11,Brazil,1781,115,19638,1056,10582,697,16221,964
2020-04-12,Brazil,1089,68,20727,1124,10449,692,16823,1010
2020-04-13,Brazil,1442,99,22169,1223,11039,737,17913,1087
2020-04-14,Brazil,1261,105,23430,1328,11374,775,18851,1169
2020-04-15,Brazil,1832,204,25262,1532,11545,865,19545,1331
2020-04-16,Brazil,3058,204,28320,1736,12393,936,21484,1495
2020-04-17,Brazil,2105,188,30425,1924,12568,983,22515,1625
2020-04-18,Brazil,3257,217,33682,2141,14044,1085,24626,1782
2020-04-19,Brazil,2917,206,36599,2347,15872,1223,26321,1915
2020-04-20,Brazil,2055,115,38654,2462,16485,1239,27524,1976
2020-04-21,Brazil,1927,113,40581,2575,17151,1247,28525,2022
2020-04-22,Brazil,2498,166,43079,2741,17817,1209,29362,2074
2020-04-23,Brazil,2678,165,45757,2906,17437,1170,29830,2106
2020-04-24,Brazil,3735,407,49492,3313,19067,1389,31635,2372
2020-04-25,Brazil,3503,357,52995,3670,19313,1529,33357,2614
2020-04-26,Brazil,5514,346,58509,4016,21910,1669,37782,2892
2020-04-27,Brazil,3379,189,61888,4205,23234,1743,39719,2982
2020-04-28,Brazil,4613,338,66501,4543,25920,1968,43071,3215
2020-04-29,Brazil,5385,474,71886,5017,28807,2276,46624,3485
2020-04-30,Brazil,6276,449,78162,5466,32405,2560,49842,3730
2020-05-01,Brazil,7218,435,85380,5901,35888,2588,54955,3977
2020-05-02,Brazil,6209,428,91589,6329,38594,2659,57907,4188
2020-05-03,Brazil,4970,421,96559,6750,38050,2734,59960,4403
2020-05-04,Brazil,4588,275,101147,7025,39259,2820,62493,4563
2020-05-05,Brazil,6633,296,107780,7321,41279,2778,67199,4746
2020-05-06,Brazil,6935,600,114715,7921,42829,2904,71636,5180
2020-05-07,Brazil,10503,615,125218,8536,47056,3070,79461,5630
2020-05-08,Brazil,9888,610,135106,9146,49726,3245,85614,5833
2020-05-09,Brazil,10222,751,145328,9897,53739,3568,92333,6227
2020-05-10,Brazil,10611,730,155939,10627,59380,3877,97430,6611
2020-05-11,Brazil,6760,496,162699,11123,61552,4098,100811,6918
2020-05-12,Brazil,5632,396,168331,11519,60551,4198,101830,6976
2020-05-13,Brazil,9258,881,177589,12400,62874,4479,105703,7383
2020-05-14,Brazil,11385,749,188974,13149,63756,4613,110812,7683
2020-05-15,Brazil,13944,844,202918,13993,67812,4847,117538,8092
2020-05-16,Brazil,15305,824,218223,14817,72895,4920,126634,8488
2020-05-17,Brazil,14919,816,233142,15633,77203,5006,136583,8883
2020-05-18,Brazil,7938,485,241080,16118,78381,4995,139933,9093
2020-05-19,Brazil,13140,674,254220,16792,85889,5273,146440,9471
2020-05-20,Brazil,17408,1179,271628,17971,94039,5571,156913,10050
2020-05-21,Brazil,19951,888,291579,18859,102605,5710,166361,10323
2020-05-22,Brazil,18508,1188,310087,20047,107169,6054,174981,10901
2020-05-23,Brazil,20803,1001,330890,21048,112667,6231,185562,11151
2020-05-24,Brazil,16508,965,347398,22013,114256,6380,191459,11386
2020-05-25,Brazil,15813,653,363211,22666,122131,6548,200512,11543
2020-05-26,Brazil,11687,807,374898,23473,120678,6681,206567,11954
2020-05-27,Brazil,16324,1039,391222,24512,119594,6541,213633,12112
2020-05-28,Brazil,20599,1086,411821,25598,120242,6739,222847,12449
2020-05-29,Brazil,26417,1156,438238,26754,128151,6707,235320,12761
2020-05-30,Brazil,26928,1124,465166,27878,134276,6830,246943,13061
2020-05-31,Brazil,33274,956,498440,28834,151042,6821,265298,13201
2020-06-01,Brazil,16409,480,514849,29314,151638,6648,273769,13196
2020-06-02,Brazil,11598,623,526447,29937,151549,6464,272227,13145
2020-06-03,Brazil,28936,1262,555383,31199,164161,6687,283755,13228
2020-06-04,Brazil,28633,1349,584016,32548,172195,6950,292437,13689
2020-06-05,Brazil,30916,1473,614932,34021,176694,7267,304845,13974
2020-06-06,Brazil,30830,1005,645762,35026,180596,7148,314872,13978
2020-06-07,Brazil,27075,904,672837,35930,174397,7096,325439,13917
2020-06-08,Brazil,18921,525,691758,36455,176909,7141,328547,13789
2020-06-09,Brazil,15654,679,707412,37134,180965,7197,332514,13661
2020-06-10,Brazil,32091,1272,739503,38406,184120,7207,348281,13894
2020-06-11,Brazil,32913,1274,772416,39680,188400,7132,360595,14082
2020-06-12,Brazil,30412,1239,802828,40919,187896,6898,364590,14165
2020-06-13,Brazil,25982,909,828810,41828,183048,6802,363644,13950
2020-06-14,Brazil,21704,892,850514,42720,177677,6790,352074,13886
2020-06-15,Brazil,17110,612,867624,43332,175866,6877,352775,14018
2020-06-16,Brazil,20647,627,888271,43959,180859,6825,361824,14022
2020-06-17,Brazil,34918,1282,923189,45241,183686,6835,367806,14042
2020-06-18,Brazil,32188,1269,955377,46510,182961,6830,371361,13962
2020-06-19,Brazil,22765,1238,978142,47748,175314,6829,363210,13727
2020-06-20,Brazil,54771,1206,1032913,48954,204103,7126,387151,13928
2020-06-21,Brazil,34666,1022,1067579,49976,217065,7256,394742,14046
2020-06-22,Brazil,17459,641,1085038,50617,217414,7285,393280,14162
2020-06-23,Brazil,21432,654,1106470,51271,218199,7312,399058,14137
2020-06-24,Brazil,39436,1374,1145906,52645,222717,7404,406403,14239
2020-06-25,Brazil,42725,1185,1188631,53830,233254,7320,416215,14150
2020-06-26,Brazil,39483,1141,1228114,54971,249972,7223,425286,14052
2020-06-27,Brazil,46860,990,1274974,55961,242061,7007,446164,14133
2020-06-28,Brazil,38693,1109,1313667,57070,246088,7094,463153,14350
2020-06-29,Brazil,30476,552,1344143,57622,259105,7005,476519,14290
2020-06-30,Brazil,24052,692,1368195,58314,261725,7043,479924,14355
2020-07-01,Brazil,33846,1280,1402041,59594,256135,6949,478852,14353
2020-07-02,Brazil,46712,1038,1448753,60632,260122,6802,493376,14122
2020-07-03,Brazil,48105,1252,1496858,61884,268744,6913,518716,14136
2020-07-04,Brazil,42223,1290,1539081,63174,264107,7213,506168,14220
2020-07-05,Brazil,37923,1091,1577004,64265,263337,7195,509425,14289
2020-07-06,Brazil,26051,602,1603055,64867,258912,7245,518017,14250
2020-07-07,Brazil,20229,620,1623284,65487,255089,7173,516814,14216
2020-07-08,Brazil,45305,1254,1668589,66741,266548,7147,522683,14096
2020-07-09,Brazil,44571,1223,1713160,67964,264407,7332,524529,14134
2020-07-10,Brazil,42619,1220,1755779,69184,258921,7300,527665,14213
2020-07-11,Brazil,45048,1214,1800827,70398,261746,7224,525853,14437
2020-07-12,Brazil,39023,1071,1839850,71469,262846,7204,526183,14399
2020-07-13,Brazil,24831,631,1864681,72100,261626,7233,520538,14478
2020-07-14,Brazil,20286,733,1884967,72833,261683,7346,516772,14519
2020-07-15,Brazil,41857,1300,1926824,74133,258235,7392,524783,14539
2020-07-16,Brazil,39924,1233,1966748,75366,253588,7402,517995,14734
2020-07-17,Brazil,45403,1322,2012151,76688,256372,7504,515293,14804
2020-07-18,Brazil,34177,1163,2046328,77851,245501,7453,507247,14677
2020-07-19,Brazil,28532,921,2074860,78772,235010,7303,497856,14507
2020-07-20,Brazil,23529,716,2098389,79488,233708,7388,495334,14621
2020-07-21,Brazil,20257,632,2118646,80120,233679,7287,495362,14633
2020-07-22,Brazil,41008,1367,2159654,81487,232830,7354,491065,14746
2020-07-23,Brazil,67860,1284,2227514,82771,260766,7405,514354,14807
2020-07-24,Brazil,59961,1311,2287475,84082,275324,7394,531696,14898
2020-07-25,Brazil,55891,1156,2343366,85238,297038,7387,542539,14840
2020-07-26,Brazil,51147,1211,2394513,86449,319653,7677,554663,14980
2020-07-27,Brazil,24578,555,2419091,87004,320702,7516,554410,14904
2020-07-28,Brazil,23284,614,2442375,87618,323729,7498,557408,14785
2020-07-29,Brazil,40816,921,2483191,88539,323537,7052,556367,14406
2020-07-30,Brazil,69074,1595,2552265,90134,324751,7363,585517,14768
2020-07-31,Brazil,57837,1129,2610102,91263,322627,7181,597951,14575
2020-08-01,Brazil,52383,1212,2662485,92475,319119,7237,616157,14624
2020-08-02,Brazil,45392,1088,2707877,93563,313364,7114,633017,14791
2020-08-03,Brazil,25800,541,2733677,94104,314586,7100,635288,14616
2020-08-04,Brazil,16641,561,2750318,94665,307943,7047,631672,14545
2020-08-05,Brazil,51603,1154,2801921,95819,318730,7280,642267,14332
2020-08-06,Brazil,57152,1437,2859073,97256,306808,7122,631559,14485
2020-08-07,Brazil,53139,1237,2912212,98493,302110,7230,624737,14411
2020-08-08,Brazil,50230,1079,2962442,99572,299957,7097,619076,14334
2020-08-09,Brazil,49970,905,3012412,100477,304535,6914,617899,14028
2020-08-10,Brazil,23010,572,3035422,101049,301745,6945,616331,14045
2020-08-11,Brazil,22048,703,3057470,101752,307152,7087,615095,14134
2020-08-12,Brazil,52160,1274,3109630,103026,307709,7207,626439,14487
2020-08-13,Brazil,55155,1175,3164785,104201,305712,6945,612520,14067
2020-08-14,Brazil,60091,1262,3224876,105463,312664,6970,614774,14200
2020-08-15,Brazil,50644,1060,3275520,106523,313078,6951,613035,14048
2020-08-16,Brazil,41576,709,3317096,107232,304684,6755,609219,13669
2020-08-17,Brazil,23101,620,3340197,107852,304775,6803,606520,13748
2020-08-18,Brazil,19373,684,3359570,108536,302100,6784,609252,13871
2020-08-19,Brazil,47784,1352,3407354,109888,297724,6862,605433,14069
2020-08-20,Brazil,49298,1212,3456652,111100,291867,6899,597579,13844
2020-08-21,Brazil,45323,1204,3501975,112304,277099,6841,589763,13811
2020-08-22,Brazil,30355,1054,3532330,113358,256810,6835,569888,13786
2020-08-23,Brazil,50032,892,3582362,114250,265266,7018,569950,13773
2020-08-24,Brazil,23421,494,3605783,114744,265586,6892,570361,13695
2020-08-25,Brazil,17078,565,3622861,115309,263291,6773,565391,13557
2020-08-26,Brazil,47134,1271,3669995,116580,262641,6692,560365,13554
2020-08-27,Brazil,47161,1085,3717156,117665,260504,6565,552371,13464
2020-08-28,Brazil,44235,984,3761391,118649,259416,6345,536515,13186
2020-08-29,Brazil,43412,855,3804803,119504,272473,6146,529283,12981
2020-08-30,Brazil,41350,958,3846153,120462,263791,6212,529057,13230
2020-08-31,Brazil,16158,366,3862311,120828,256528,6084,522114,12976
2020-04-01,British Virgin Islands,0,0,3,0,0,0,0,0
2020-04-02,British Virgin Islands,0,0,3,0,3,0,0,0
2020-04-03,British Virgin Islands,0,0,3,0,1,0,0,0
2020-04-04,British Virgin Islands,0,0,3,0,1,0,0,0
2020-04-05,British Virgin Islands,0,0,3,0,1,0,0,0
2020-04-06,British Virgin Islands,0,0,3,0,1,0,0,0
2020-04-07,British Virgin Islands,0,0,3,0,0,0,0,0
2020-04-08,British Virgin Islands,0,0,3,0,0,0,0,0
2020-04-09,British Virgin Islands,0,0,3,0,0,0,3,0
2020-04-10,British Virgin Islands,0,0,3,0,0,0,1,0
2020-04-11,British Virgin Islands,0,0,3,0,0,0,1,0
2020-04-12,British Virgin Islands,0,0,3,0,0,0,1,0
2020-04-13,British Virgin Islands,0,0,3,0,0,0,1,0
2020-04-14,British Virgin Islands,0,0,3,0,0,0,0,0
2020-04-15,British Virgin Islands,0,0,3,0,0,0,0,0
2020-04-16,British Virgin Islands,0,0,3,0,0,0,0,0
2020-04-17,British Virgin Islands,0,0,3,0,0,0,0,0
2020-04-18,British Virgin Islands,0,0,3,0,0,0,0,0
2020-04-19,British Virgin Islands,0,0,3,0,0,0,0,0
2020-04-20,British Virgin Islands,1,1,4,1,1,1,1,1
2020-04-21,British Virgin Islands,1,0,5,1,2,1,2,1
2020-04-22,British Virgin Islands,0,0,5,1,2,1,2,1
2020-04-23,British Virgin Islands,0,0,5,1,2,1,2,1
2020-04-24,British Virgin Islands,0,0,5,1,2,1,2,1
2020-04-25,British Virgin Islands,1,0,6,1,3,1,3,1
2020-04-26,British Virgin Islands,0,0,6,1,3,1,3,1
2020-04-27,British Virgin Islands,0,0,6,1,2,0,3,1
2020-04-28,British Virgin Islands,0,0,6,1,1,0,3,1
2020-04-29,British Virgin Islands,0,0,6,1,1,0,3,1
2020-04-30,British Virgin Islands,0,0,6,1,1,0,3,1
2020-05-01,British Virgin Islands,0,0,6,1,1,0,3,1
2020-05-02,British Virgin Islands,0,0,6,1,0,0,3,1
2020-05-03,British Virgin Islands,0,0,6,1,0,0,3,1
2020-05-04,British Virgin Islands,0,0,6,1,0,0,2,0
2020-05-05,British Virgin Islands,1,0,7,1,1,0,2,0
2020-05-06,British Virgin Islands,0,0,7,1,1,0,2,0
2020-05-07,British Virgin Islands,0,0,7,1,1,0,2,0
2020-05-08,British Virgin Islands,0,0,7,1,1,0,2,0
2020-05-09,British Virgin Islands,0,0,7,1,1,0,1,0
2020-05-10,British Virgin Islands,0,0,7,1,1,0,1,0
2020-05-11,British Virgin Islands,0,0,7,1,1,0,1,0
2020-05-12,British Virgin Islands,0,0,7,1,0,0,1,0
2020-05-13,British Virgin Islands,0,0,7,1,0,0,1,0
2020-05-14,British Virgin Islands,0,0,7,1,0,0,1,0
2020-05-15,British Virgin Islands,1,0,8,1,1,0,2,0
2020-05-16,British Virgin Islands,0,0,8,1,1,0,2,0
2020-05-17,British Virgin Islands,0,0,8,1,1,0,2,0
2020-05-18,British Virgin Islands,0,0,8,1,1,0,2,0
2020-05-19,British Virgin Islands,0,0,8,1,1,0,1,0
2020-05-20,British Virgin Islands,0,0,8,1,1,0,1,0
2020-05-21,British Virgin Islands,0,0,8,1,1,0,1,0
2020-05-22,British Virgin Islands,0,0,8,1,0,0,1,0
2020-05-23,British Virgin Islands,0,0,8,1,0,0,1,0
2020-05-24,British Virgin Islands,0,0,8,1,0,0,1,0
2020-05-25,British Virgin Islands,0,0,8,1,0,0,1,0
2020-05-26,British Virgin Islands,0,0,8,1,0,0,1,0
2020-05-27,British Virgin Islands,0,0,8,1,0,0,1,0
2020-05-28,British Virgin Islands,0,0,8,1,0,0,1,0
2020-05-29,British Virgin Islands,0,0,8,1,0,0,0,0
2020-05-30,British Virgin Islands,0,0,8,1,0,0,0,0
2020-05-31,British Virgin Islands,0,0,8,1,0,0,0,0
2020-06-01,British Virgin Islands,0,0,8,1,0,0,0,0
2020-06-02,British Virgin Islands,0,0,8,1,0,0,0,0
2020-06-03,British Virgin Islands,0,0,8,1,0,0,0,0
2020-06-04,British Virgin Islands,0,0,8,1,0,0,0,0
2020-06-05,British Virgin Islands,0,0,8,1,0,0,0,0
2020-06-06,British Virgin Islands,0,0,8,1,0,0,0,0
2020-06-07,British Virgin Islands,0,0,8,1,0,0,0,0
2020-06-08,British Virgin Islands,0,0,8,1,0,0,0,0
2020-06-09,British Virgin Islands,0,0,8,1,0,0,0,0
2020-06-10,British Virgin Islands,0,0,8,1,0,0,0,0
2020-06-11,British Virgin Islands,0,0,8,1,0,0,0,0
2020-06-12,British Virgin Islands,0,0,8,1,0,0,0,0
2020-06-13,British Virgin Islands,0,0,8,1,0,0,0,0
2020-06-14,British Virgin Islands,0,0,8,1,0,0,0,0
2020-06-15,British Virgin Islands,0,0,8,1,0,0,0,0
2020-06-16,British Virgin Islands,0,0,8,1,0,0,0,0
2020-06-17,British Virgin Islands,0,0,8,1,0,0,0,0
2020-06-18,British Virgin Islands,0,0,8,1,0,0,0,0
2020-06-19,British Virgin Islands,0,0,8,1,0,0,0,0
2020-06-20,British Virgin Islands,0,0,8,1,0,0,0,0
2020-06-21,British Virgin Islands,0,0,8,1,0,0,0,0
2020-06-22,British Virgin Islands,0,0,8,1,0,0,0,0
2020-06-23,British Virgin Islands,0,0,8,1,0,0,0,0
2020-06-24,British Virgin Islands,0,0,8,1,0,0,0,0
2020-06-25,British Virgin Islands,0,0,8,1,0,0,0,0
2020-06-26,British Virgin Islands,0,0,8,1,0,0,0,0
2020-06-27,British Virgin Islands,0,0,8,1,0,0,0,0
2020-06-28,British Virgin Islands,0,0,8,1,0,0,0,0
2020-06-29,British Virgin Islands,0,0,8,1,0,0,0,0
2020-06-30,British Virgin Islands,0,0,8,1,0,0,0,0
2020-07-01,British Virgin Islands,0,0,8,1,0,0,0,0
2020-07-02,British Virgin Islands,0,0,8,1,0,0,0,0
2020-07-03,British Virgin Islands,0,0,8,1,0,0,0,0
2020-07-04,British Virgin Islands,0,0,8,1,0,0,0,0
2020-07-05,British Virgin Islands,0,0,8,1,0,0,0,0
2020-07-06,British Virgin Islands,0,0,8,1,0,0,0,0
2020-07-07,British Virgin Islands,0,0,8,1,0,0,0,0
2020-07-08,British Virgin Islands,0,0,8,1,0,0,0,0
2020-07-09,British Virgin Islands,0,0,8,1,0,0,0,0
2020-07-10,British Virgin Islands,0,0,8,1,0,0,0,0
2020-07-11,British Virgin Islands,0,0,8,1,0,0,0,0
2020-07-12,British Virgin Islands,0,0,8,1,0,0,0,0
2020-07-13,British Virgin Islands,0,0,8,1,0,0,0,0
2020-07-14,British Virgin Islands,0,0,8,1,0,0,0,0
2020-07-15,British Virgin Islands,0,0,8,1,0,0,0,0
2020-07-16,British Virgin Islands,0,0,8,1,0,0,0,0
2020-07-17,British Virgin Islands,0,0,8,1,0,0,0,0
2020-07-18,British Virgin Islands,0,0,8,1,0,0,0,0
2020-07-19,British Virgin Islands,0,0,8,1,0,0,0,0
2020-07-20,British Virgin Islands,0,0,8,1,0,0,0,0
2020-07-21,British Virgin Islands,0,0,8,1,0,0,0,0
2020-07-22,British Virgin Islands,0,0,8,1,0,0,0,0
2020-07-23,British Virgin Islands,0,0,8,1,0,0,0,0
2020-07-24,British Virgin Islands,0,0,8,1,0,0,0,0
2020-07-25,British Virgin Islands,0,0,8,1,0,0,0,0
2020-07-26,British Virgin Islands,0,0,8,1,0,0,0,0
2020-07-27,British Virgin Islands,0,0,8,1,0,0,0,0
2020-07-28,British Virgin Islands,0,0,8,1,0,0,0,0
2020-07-29,British Virgin Islands,0,0,8,1,0,0,0,0
2020-07-30,British Virgin Islands,0,0,8,1,0,0,0,0
2020-07-31,British Virgin Islands,0,0,8,1,0,0,0,0
2020-08-01,British Virgin Islands,0,0,8,1,0,0,0,0
2020-08-02,British Virgin Islands,0,0,8,1,0,0,0,0
2020-08-03,British Virgin Islands,1,0,9,1,1,0,1,0
2020-08-04,British Virgin Islands,0,0,9,1,1,0,1,0
2020-08-05,British Virgin Islands,0,0,9,1,1,0,1,0
2020-08-06,British Virgin Islands,0,0,9,1,1,0,1,0
2020-08-07,British Virgin Islands,0,0,9,1,1,0,1,0
2020-08-08,British Virgin Islands,0,0,9,1,1,0,1,0
2020-08-09,British Virgin Islands,0,0,9,1,1,0,1,0
2020-08-10,British Virgin Islands,0,0,9,1,0,0,1,0
2020-08-11,British Virgin Islands,0,0,9,1,0,0,1,0
2020-08-12,British Virgin Islands,0,0,9,1,0,0,1,0
2020-08-13,British Virgin Islands,0,0,9,1,0,0,1,0
2020-08-14,British Virgin Islands,0,0,9,1,0,0,1,0
2020-08-15,British Virgin Islands,0,0,9,1,0,0,1,0
2020-08-16,British Virgin Islands,0,0,9,1,0,0,1,0
2020-08-17,British Virgin Islands,0,0,9,1,0,0,0,0
2020-08-18,British Virgin Islands,0,0,9,1,0,0,0,0
2020-08-19,British Virgin Islands,2,0,11,1,2,0,2,0
2020-08-20,British Virgin Islands,0,0,11,1,2,0,2,0
2020-08-21,British Virgin Islands,1,0,12,1,3,0,3,0
2020-08-22,British Virgin Islands,9,0,21,1,12,0,12,0
2020-08-23,British Virgin Islands,0,0,21,1,12,0,12,0
2020-08-24,British Virgin Islands,0,0,21,1,12,0,12,0
2020-08-25,British Virgin Islands,5,0,26,1,17,0,17,0
2020-08-26,British Virgin Islands,0,0,26,1,15,0,17,0
2020-08-27,British Virgin Islands,0,0,26,1,15,0,17,0
2020-08-28,British Virgin Islands,0,0,26,1,14,0,17,0
2020-08-29,British Virgin Islands,9,0,35,1,14,0,26,0
2020-08-30,British Virgin Islands,0,0,35,1,14,0,26,0
2020-08-31,British Virgin Islands,2,0,37,1,16,0,28,0
2020-04-01,Brunei,2,0,129,1,25,1,73,1
2020-04-02,Brunei,2,0,131,1,24,1,63,1
2020-04-03,Brunei,2,0,133,1,19,1,60,1
2020-04-04,Brunei,0,0,133,1,18,1,55,1
2020-04-05,Brunei,2,0,135,1,15,0,52,1
2020-04-06,Brunei,0,0,135,1,9,0,47,1
2020-04-07,Brunei,0,0,135,1,8,0,44,1
2020-04-08,Brunei,0,0,135,1,6,0,31,1
2020-04-09,Brunei,0,0,135,1,4,0,28,1
2020-04-10,Brunei,0,0,135,1,2,0,21,1
2020-04-11,Brunei,1,0,136,1,3,0,21,1
2020-04-12,Brunei,0,0,136,1,1,0,16,0
2020-04-13,Brunei,0,0,136,1,1,0,10,0
2020-04-14,Brunei,0,0,136,1,1,0,9,0
2020-04-15,Brunei,0,0,136,1,1,0,7,0
2020-04-16,Brunei,0,0,136,1,1,0,5,0
2020-04-17,Brunei,0,0,136,1,1,0,3,0
2020-04-18,Brunei,0,0,136,1,0,0,3,0
2020-04-19,Brunei,1,0,137,1,1,0,2,0
2020-04-20,Brunei,1,0,138,1,2,0,3,0
2020-04-21,Brunei,0,0,138,1,2,0,3,0
2020-04-22,Brunei,0,0,138,1,2,0,3,0
2020-04-23,Brunei,0,0,138,1,2,0,3,0
2020-04-24,Brunei,0,0,138,1,2,0,3,0
2020-04-25,Brunei,0,0,138,1,2,0,2,0
2020-04-26,Brunei,0,0,138,1,1,0,2,0
2020-04-27,Brunei,0,0,138,1,0,0,2,0
2020-04-28,Brunei,0,0,138,1,0,0,2,0
2020-04-29,Brunei,0,0,138,1,0,0,2,0
2020-04-30,Brunei,0,0,138,1,0,0,2,0
2020-05-01,Brunei,0,0,138,1,0,0,2,0
2020-05-02,Brunei,0,0,138,1,0,0,2,0
2020-05-03,Brunei,0,0,138,1,0,0,1,0
2020-05-04,Brunei,0,0,138,1,0,0,0,0
2020-05-05,Brunei,0,0,138,1,0,0,0,0
2020-05-06,Brunei,0,0,138,1,0,0,0,0
2020-05-07,Brunei,1,0,139,1,1,0,1,0
2020-05-08,Brunei,2,0,141,1,3,0,3,0
2020-05-09,Brunei,0,0,141,1,3,0,3,0
2020-05-10,Brunei,0,0,141,1,3,0,3,0
2020-05-11,Brunei,0,0,141,1,3,0,3,0
2020-05-12,Brunei,0,0,141,1,3,0,3,0
2020-05-13,Brunei,0,0,141,1,3,0,3,0
2020-05-14,Brunei,0,0,141,1,2,0,3,0
2020-05-15,Brunei,0,0,141,1,0,0,3,0
2020-05-16,Brunei,0,0,141,1,0,0,3,0
2020-05-17,Brunei,0,0,141,1,0,0,3,0
2020-05-18,Brunei,0,0,141,1,0,0,3,0
2020-05-19,Brunei,0,0,141,1,0,0,3,0
2020-05-20,Brunei,0,0,141,1,0,0,3,0
2020-05-21,Brunei,0,0,141,1,0,0,2,0
2020-05-22,Brunei,0,0,141,1,0,0,0,0
2020-05-23,Brunei,0,0,141,1,0,0,0,0
2020-05-24,Brunei,0,0,141,1,0,0,0,0
2020-05-25,Brunei,0,0,141,1,0,0,0,0
2020-05-26,Brunei,0,0,141,1,0,0,0,0
2020-05-27,Brunei,0,0,141,1,0,0,0,0
2020-05-28,Brunei,0,1,141,2,0,1,0,1
2020-05-29,Brunei,0,0,141,2,0,1,0,1
2020-05-30,Brunei,0,0,141,2,0,1,0,1
2020-05-31,Brunei,0,0,141,2,0,1,0,1
2020-06-01,Brunei,0,0,141,2,0,1,0,1
2020-06-02,Brunei,0,0,141,2,0,1,0,1
2020-06-03,Brunei,0,0,141,2,0,1,0,1
2020-06-04,Brunei,0,0,141,2,0,0,0,1
2020-06-05,Brunei,0,0,141,2,0,0,0,1
2020-06-06,Brunei,0,0,141,2,0,0,0,1
2020-06-07,Brunei,0,0,141,2,0,0,0,1
2020-06-08,Brunei,0,0,141,2,0,0,0,1
2020-06-09,Brunei,0,0,141,2,0,0,0,1
2020-06-10,Brunei,0,0,141,2,0,0,0,1
2020-06-11,Brunei,0,0,141,2,0,0,0,0
2020-06-12,Brunei,0,0,141,2,0,0,0,0
2020-06-13,Brunei,0,0,141,2,0,0,0,0
2020-06-14,Brunei,0,0,141,2,0,0,0,0
2020-06-15,Brunei,0,0,141,2,0,0,0,0
2020-06-16,Brunei,0,0,141,2,0,0,0,0
2020-06-17,Brunei,0,1,141,3,0,1,0,1
2020-06-18,Brunei,0,0,141,3,0,1,0,1
2020-06-19,Brunei,0,0,141,3,0,1,0,1
2020-06-20,Brunei,0,0,141,3,0,1,0,1
2020-06-21,Brunei,0,0,141,3,0,1,0,1
2020-06-22,Brunei,0,0,141,3,0,1,0,1
2020-06-23,Brunei,0,0,141,3,0,1,0,1
2020-06-24,Brunei,0,0,141,3,0,0,0,1
2020-06-25,Brunei,0,0,141,3,0,0,0,1
2020-06-26,Brunei,0,0,141,3,0,0,0,1
2020-06-27,Brunei,0,0,141,3,0,0,0,1
2020-06-28,Brunei,0,0,141,3,0,0,0,1
2020-06-29,Brunei,0,0,141,3,0,0,0,1
2020-06-30,Brunei,0,0,141,3,0,0,0,1
2020-07-01,Brunei,0,0,141,3,0,0,0,0
2020-07-02,Brunei,0,0,141,3,0,0,0,0
2020-07-03,Brunei,0,0,141,3,0,0,0,0
2020-07-04,Brunei,0,0,141,3,0,0,0,0
2020-07-05,Brunei,0,0,141,3,0,0,0,0
2020-07-06,Brunei,0,0,141,3,0,0,0,0
2020-07-07,Brunei,0,0,141,3,0,0,0,0
2020-07-08,Brunei,0,0,141,3,0,0,0,0
2020-07-09,Brunei,0,0,141,3,0,0,0,0
2020-07-10,Brunei,0,0,141,3,0,0,0,0
2020-07-11,Brunei,0,0,141,3,0,0,0,0
2020-07-12,Brunei,0,0,141,3,0,0,0,0
2020-07-13,Brunei,0,0,141,3,0,0,0,0
2020-07-14,Brunei,0,0,141,3,0,0,0,0
2020-07-15,Brunei,0,0,141,3,0,0,0,0
2020-07-16,Brunei,0,0,141,3,0,0,0,0
2020-07-17,Brunei,0,0,141,3,0,0,0,0
2020-07-18,Brunei,0,0,141,3,0,0,0,0
2020-07-19,Brunei,0,0,141,3,0,0,0,0
2020-07-20,Brunei,0,0,141,3,0,0,0,0
2020-07-21,Brunei,0,0,141,3,0,0,0,0
2020-07-22,Brunei,0,0,141,3,0,0,0,0
2020-07-23,Brunei,0,0,141,3,0,0,0,0
2020-07-24,Brunei,0,0,141,3,0,0,0,0
2020-07-25,Brunei,0,0,141,3,0,0,0,0
2020-07-26,Brunei,0,0,141,3,0,0,0,0
2020-07-27,Brunei,0,0,141,3,0,0,0,0
2020-07-28,Brunei,0,0,141,3,0,0,0,0
2020-07-29,Brunei,0,0,141,3,0,0,0,0
2020-07-30,Brunei,0,0,141,3,0,0,0,0
2020-07-31,Brunei,0,0,141,3,0,0,0,0
2020-08-01,Brunei,0,0,141,3,0,0,0,0
2020-08-02,Brunei,0,0,141,3,0,0,0,0
2020-08-03,Brunei,0,0,141,3,0,0,0,0
2020-08-04,Brunei,0,0,141,3,0,0,0,0
2020-08-05,Brunei,0,0,141,3,0,0,0,0
2020-08-06,Brunei,0,0,141,3,0,0,0,0
2020-08-07,Brunei,0,0,141,3,0,0,0,0
2020-08-08,Brunei,1,0,142,3,1,0,1,0
2020-08-09,Brunei,0,0,142,3,1,0,1,0
2020-08-10,Brunei,0,0,142,3,1,0,1,0
2020-08-11,Brunei,0,0,142,3,1,0,1,0
2020-08-12,Brunei,0,0,142,3,1,0,1,0
2020-08-13,Brunei,0,0,142,3,1,0,1,0
2020-08-14,Brunei,0,0,142,3,1,0,1,0
2020-08-15,Brunei,0,0,142,3,0,0,1,0
2020-08-16,Brunei,0,0,142,3,0,0,1,0
2020-08-17,Brunei,0,0,142,3,0,0,1,0
2020-08-18,Brunei,0,0,142,3,0,0,1,0
2020-08-19,Brunei,0,0,142,3,0,0,1,0
2020-08-20,Brunei,0,0,142,3,0,0,1,0
2020-08-21,Brunei,1,0,143,3,1,0,2,0
2020-08-22,Brunei,0,0,143,3,1,0,1,0
2020-08-23,Brunei,0,0,143,3,1,0,1,0
2020-08-24,Brunei,0,0,143,3,1,0,1,0
2020-08-25,Brunei,0,0,143,3,1,0,1,0
2020-08-26,Brunei,1,0,144,3,2,0,2,0
2020-08-27,Brunei,0,0,144,3,2,0,2,0
2020-08-28,Brunei,0,0,144,3,1,0,2,0
2020-08-29,Brunei,0,0,144,3,1,0,2,0
2020-08-30,Brunei,0,0,144,3,1,0,2,0
2020-08-31,Brunei,0,0,144,3,1,0,2,0
2020-04-01,Bulgaria,40,0,399,8,179,5,318,6
2020-04-02,Bulgaria,23,2,422,10,180,7,330,8
2020-04-03,Bulgaria,35,0,457,10,193,7,352,7
2020-04-04,Bulgaria,28,4,485,14,192,11,358,11
2020-04-05,Bulgaria,18,3,503,17,172,10,340,14
2020-04-06,Bulgaria,28,3,531,20,185,12,346,17
2020-04-07,Bulgaria,18,2,549,22,190,14,348,19
2020-04-08,Bulgaria,28,1,577,23,178,15,357,20
2020-04-09,Bulgaria,16,1,593,24,171,14,351,21
2020-04-10,Bulgaria,31,0,624,24,167,14,360,21
2020-04-11,Bulgaria,11,1,635,25,150,11,342,22
2020-04-12,Bulgaria,26,3,661,28,158,11,330,21
2020-04-13,Bulgaria,14,1,675,29,144,9,329,21
2020-04-14,Bulgaria,10,3,685,32,136,10,326,24
2020-04-15,Bulgaria,28,3,713,35,136,12,314,27
2020-04-16,Bulgaria,34,1,747,36,154,12,325,26
2020-04-17,Bulgaria,53,2,800,38,176,14,343,28
2020-04-18,Bulgaria,46,3,846,41,211,16,361,27
2020-04-19,Bulgaria,32,0,878,41,217,13,375,24
2020-04-20,Bulgaria,37,2,915,43,240,14,384,23
2020-04-21,Bulgaria,14,0,929,43,244,11,380,21
2020-04-22,Bulgaria,46,2,975,45,262,10,398,22
2020-04-23,Bulgaria,49,4,1024,49,277,13,431,25
2020-04-24,Bulgaria,73,3,1097,52,297,14,473,28
2020-04-25,Bulgaria,91,2,1188,54,342,13,553,29
2020-04-26,Bulgaria,59,1,1247,55,369,14,586,27
2020-04-27,Bulgaria,53,1,1300,56,385,13,625,27
2020-04-28,Bulgaria,63,2,1363,58,434,15,678,26
2020-04-29,Bulgaria,36,0,1399,58,424,13,686,23
2020-04-30,Bulgaria,48,6,1447,64,423,15,700,28
2020-05-01,Bulgaria,59,2,1506,66,409,14,706,28
2020-05-02,Bulgaria,82,3,1588,69,400,15,742,28
2020-05-03,Bulgaria,6,3,1594,72,347,17,716,31
2020-05-04,Bulgaria,24,1,1618,73,318,17,703,30
2020-05-05,Bulgaria,34,5,1652,78,289,20,723,35
2020-05-06,Bulgaria,37,0,1689,78,290,20,714,33
2020-05-07,Bulgaria,89,6,1778,84,331,20,754,35
2020-05-08,Bulgaria,51,0,1829,84,323,18,732,32
2020-05-09,Bulgaria,82,4,1911,88,323,19,723,34
2020-05-10,Bulgaria,44,2,1955,90,361,18,708,35
2020-05-11,Bulgaria,10,1,1965,91,347,18,665,35
2020-05-12,Bulgaria,25,2,1990,93,338,15,627,35
2020-05-13,Bulgaria,33,2,2023,95,334,17,624,37
2020-05-14,Bulgaria,46,1,2069,96,291,12,622,32
2020-05-15,Bulgaria,31,3,2100,99,271,15,594,33
2020-05-16,Bulgaria,38,3,2138,102,227,14,550,33
2020-05-17,Bulgaria,73,6,2211,108,256,18,617,36
2020-05-18,Bulgaria,24,2,2235,110,270,19,617,37
2020-05-19,Bulgaria,24,2,2259,112,269,19,607,34
2020-05-20,Bulgaria,33,4,2292,116,269,21,603,38
2020-05-21,Bulgaria,39,4,2331,120,262,24,553,36
2020-05-22,Bulgaria,41,5,2372,125,272,26,543,41
2020-05-23,Bulgaria,36,1,2408,126,270,24,497,38
2020-05-24,Bulgaria,0,0,2408,126,197,18,453,36
2020-05-25,Bulgaria,25,4,2433,130,198,20,468,39
2020-05-26,Bulgaria,0,0,2433,130,174,18,443,37
2020-05-27,Bulgaria,27,3,2460,133,168,17,437,38
2020-05-28,Bulgaria,0,0,2460,133,129,13,391,37
2020-05-29,Bulgaria,25,3,2485,136,113,11,385,37
2020-05-30,Bulgaria,14,3,2499,139,91,13,361,37
2020-05-31,Bulgaria,14,1,2513,140,105,14,302,32
2020-06-01,Bulgaria,0,0,2513,140,80,10,278,30
2020-06-02,Bulgaria,0,4,2513,144,80,14,254,32
2020-06-03,Bulgaria,25,0,2538,144,78,11,246,28
2020-06-04,Bulgaria,47,3,2585,147,125,14,254,27
2020-06-05,Bulgaria,0,0,2585,147,100,11,213,22
2020-06-06,Bulgaria,83,13,2668,160,169,21,260,34
2020-06-07,Bulgaria,43,0,2711,160,198,20,303,34
2020-06-08,Bulgaria,16,0,2727,160,214,20,294,30
2020-06-09,Bulgaria,83,4,2810,164,297,20,377,34
2020-06-10,Bulgaria,79,3,2889,167,351,23,429,34
2020-06-11,Bulgaria,104,0,2993,167,408,20,533,34
2020-06-12,Bulgaria,93,1,3086,168,501,21,601,32
2020-06-13,Bulgaria,105,4,3191,172,523,12,692,33
2020-06-14,Bulgaria,75,0,3266,172,555,12,753,32
2020-06-15,Bulgaria,24,2,3290,174,563,14,777,34
2020-06-16,Bulgaria,51,2,3341,176,531,12,828,32
2020-06-17,Bulgaria,112,5,3453,181,564,14,915,37
2020-06-18,Bulgaria,89,3,3542,184,549,17,957,37
2020-06-19,Bulgaria,132,6,3674,190,588,22,1089,43
2020-06-20,Bulgaria,81,3,3755,193,564,21,1087,33
2020-06-21,Bulgaria,117,6,3872,199,606,27,1161,39
2020-06-22,Bulgaria,33,0,3905,199,615,25,1178,39
2020-06-23,Bulgaria,79,8,3984,207,643,31,1174,43
2020-06-24,Bulgaria,130,1,4114,208,661,27,1225,41
2020-06-25,Bulgaria,128,1,4242,209,700,25,1249,42
2020-06-26,Bulgaria,166,2,4408,211,734,21,1322,43
2020-06-27,Bulgaria,105,4,4513,215,758,22,1322,43
2020-06-28,Bulgaria,112,1,4625,216,753,17,1359,44
2020-06-29,Bulgaria,66,3,4691,219,786,20,1401,45
2020-06-30,Bulgaria,140,4,4831,223,847,16,1490,47
2020-07-01,Bulgaria,158,7,4989,230,875,22,1536,49
2020-07-02,Bulgaria,165,2,5154,232,912,23,1612,48
2020-07-03,Bulgaria,161,0,5315,232,907,21,1641,42
2020-07-04,Bulgaria,182,7,5497,239,984,24,1742,46
2020-07-05,Bulgaria,180,2,5677,241,1052,25,1805,42
2020-07-06,Bulgaria,63,5,5740,246,1049,27,1835,47
2020-07-07,Bulgaria,174,4,5914,250,1083,27,1930,43
2020-07-08,Bulgaria,188,4,6102,254,1113,24,1988,46
2020-07-09,Bulgaria,240,5,6342,259,1188,27,2100,50
2020-07-10,Bulgaria,330,3,6672,262,1357,30,2264,51
2020-07-11,Bulgaria,292,0,6964,262,1467,23,2451,47
2020-07-12,Bulgaria,211,0,7175,262,1498,21,2550,46
2020-07-13,Bulgaria,77,6,7252,268,1512,22,2561,49
2020-07-14,Bulgaria,159,8,7411,276,1497,26,2580,53
2020-07-15,Bulgaria,234,7,7645,283,1543,29,2656,53
2020-07-16,Bulgaria,232,6,7877,289,1535,30,2723,57
2020-07-17,Bulgaria,267,4,8144,293,1472,31,2829,61
2020-07-18,Bulgaria,298,4,8442,297,1478,35,2945,58
2020-07-19,Bulgaria,196,2,8638,299,1463,37,2961,58
2020-07-20,Bulgaria,95,1,8733,300,1481,32,2993,54
2020-07-21,Bulgaria,196,8,8929,308,1518,32,3015,58
2020-07-22,Bulgaria,325,5,9254,313,1609,30,3152,59
2020-07-23,Bulgaria,330,8,9584,321,1707,32,3242,62
2020-07-24,Bulgaria,269,8,9853,329,1709,36,3181,67
2020-07-25,Bulgaria,270,8,10123,337,1681,40,3159,75
2020-07-26,Bulgaria,189,1,10312,338,1674,39,3137,76
2020-07-27,Bulgaria,115,2,10427,340,1694,40,3175,72
2020-07-28,Bulgaria,194,7,10621,347,1692,39,3210,71
2020-07-29,Bulgaria,250,8,10871,355,1617,42,3226,72
2020-07-30,Bulgaria,284,13,11155,368,1571,47,3278,79
2020-07-31,Bulgaria,265,6,11420,374,1567,45,3276,81
2020-08-01,Bulgaria,270,9,11690,383,1567,46,3248,86
2020-08-02,Bulgaria,146,2,11836,385,1524,47,3198,86
2020-08-03,Bulgaria,119,3,11955,388,1528,48,3222,88
2020-08-04,Bulgaria,0,0,11955,388,1334,41,3026,80
2020-08-05,Bulgaria,204,16,12159,404,1288,49,2905,91
2020-08-06,Bulgaria,255,11,12414,415,1259,47,2830,94
2020-08-07,Bulgaria,303,9,12717,424,1297,50,2864,95
2020-08-08,Bulgaria,297,11,13014,435,1324,52,2891,98
2020-08-09,Bulgaria,329,10,13343,445,1507,60,3031,107
2020-08-10,Bulgaria,53,2,13396,447,1441,59,2969,107
2020-08-11,Bulgaria,116,12,13512,459,1557,71,2891,112
2020-08-12,Bulgaria,210,12,13722,471,1563,67,2851,116
2020-08-13,Bulgaria,171,11,13893,482,1479,67,2738,114
2020-08-14,Bulgaria,176,2,14069,484,1352,60,2649,110
2020-08-15,Bulgaria,174,8,14243,492,1229,57,2553,109
2020-08-16,Bulgaria,90,3,14333,495,990,50,2497,110
2020-08-17,Bulgaria,32,3,14365,498,969,51,2410,110
2020-08-18,Bulgaria,135,14,14500,512,988,53,2545,124
2020-08-19,Bulgaria,169,7,14669,519,947,48,2510,115
2020-08-20,Bulgaria,151,8,14820,527,927,45,2406,112
2020-08-21,Bulgaria,142,5,14962,532,893,48,2245,108
2020-08-22,Bulgaria,169,7,15131,539,888,47,2117,104
2020-08-23,Bulgaria,96,6,15227,545,894,50,1884,100
2020-08-24,Bulgaria,60,0,15287,545,922,47,1891,98
2020-08-25,Bulgaria,99,18,15386,563,886,51,1874,104
2020-08-26,Bulgaria,203,9,15589,572,920,53,1867,101
2020-08-27,Bulgaria,162,14,15751,586,931,59,1858,104
2020-08-28,Bulgaria,157,8,15908,594,946,62,1839,110
2020-08-29,Bulgaria,157,9,16065,603,934,64,1822,111
2020-08-30,Bulgaria,99,2,16164,605,937,60,1831,110
2020-08-31,Bulgaria,26,8,16190,613,903,68,1825,115
2020-04-01,Burkina Faso,24,0,246,12,147,9,226,12
2020-04-02,Burkina Faso,15,2,261,14,147,11,235,13
2020-04-03,Burkina Faso,27,2,288,16,142,13,255,15
2020-04-04,Burkina Faso,0,0,288,16,142,13,248,15
2020-04-05,Burkina Faso,14,0,302,16,122,7,238,13
2020-04-06,Burkina Faso,43,1,345,17,165,8,281,14
2020-04-07,Burkina Faso,19,0,364,17,142,5,289,14
2020-04-08,Burkina Faso,20,2,384,19,138,7,285,16
2020-04-09,Burkina Faso,30,4,414,23,153,9,300,20
2020-04-10,Burkina Faso,29,1,443,24,155,8,297,21
2020-04-11,Burkina Faso,5,2,448,26,160,10,302,23
2020-04-12,Burkina Faso,36,1,484,27,182,11,304,18
2020-04-13,Burkina Faso,13,0,497,27,152,10,317,18
2020-04-14,Burkina Faso,18,1,515,28,151,11,293,16
2020-04-15,Burkina Faso,13,2,528,30,144,11,282,18
2020-04-16,Burkina Faso,14,2,542,32,128,9,281,18
2020-04-17,Burkina Faso,1,0,543,32,100,8,255,16
2020-04-18,Burkina Faso,14,3,557,35,109,9,269,19
2020-04-19,Burkina Faso,8,1,565,36,81,9,263,20
2020-04-20,Burkina Faso,11,0,576,36,79,9,231,19
2020-04-21,Burkina Faso,5,2,581,38,66,10,217,21
2020-04-22,Burkina Faso,19,0,600,38,72,8,216,19
2020-04-23,Burkina Faso,9,1,609,39,67,7,195,16
2020-04-24,Burkina Faso,7,2,616,41,73,9,173,17
2020-04-25,Burkina Faso,10,0,626,41,69,6,178,15
2020-04-26,Burkina Faso,3,0,629,41,64,5,145,14
2020-04-27,Burkina Faso,3,1,632,42,56,6,135,15
2020-04-28,Burkina Faso,3,0,635,42,54,4,120,14
2020-04-29,Burkina Faso,3,0,638,42,38,4,110,12
2020-04-30,Burkina Faso,3,1,641,43,32,4,99,11
2020-05-01,Burkina Faso,4,0,645,43,29,2,102,11
2020-05-02,Burkina Faso,4,1,649,44,23,3,92,9
2020-05-03,Burkina Faso,3,0,652,44,23,3,87,8
2020-05-04,Burkina Faso,10,1,662,45,30,3,86,9
2020-05-05,Burkina Faso,10,1,672,46,37,4,91,8
2020-05-06,Burkina Faso,16,2,688,48,50,6,88,10
2020-05-07,Burkina Faso,41,0,729,48,88,5,120,9
2020-05-08,Burkina Faso,7,0,736,48,91,5,120,7
2020-05-09,Burkina Faso,8,0,744,48,95,4,118,7
2020-05-10,Burkina Faso,4,0,748,48,96,4,119,7
2020-05-11,Burkina Faso,3,1,751,49,89,4,119,7
2020-05-12,Burkina Faso,9,1,760,50,88,4,125,8
2020-05-13,Burkina Faso,6,1,766,51,78,3,128,9
2020-05-14,Burkina Faso,7,0,773,51,44,3,132,8
2020-05-15,Burkina Faso,0,0,773,51,37,3,128,8
2020-05-16,Burkina Faso,9,0,782,51,38,3,133,7
2020-05-17,Burkina Faso,0,0,782,51,34,3,130,7
2020-05-18,Burkina Faso,14,0,796,51,45,2,134,6
2020-05-19,Burkina Faso,0,0,796,51,36,1,124,5
2020-05-20,Burkina Faso,10,1,806,52,40,1,118,4
2020-05-21,Burkina Faso,3,0,809,52,36,1,80,4
2020-05-22,Burkina Faso,3,0,812,52,39,1,76,4
2020-05-23,Burkina Faso,2,0,814,52,32,1,70,4
2020-05-24,Burkina Faso,0,0,814,52,32,1,66,4
2020-05-25,Burkina Faso,18,0,832,52,36,1,81,3
2020-05-26,Burkina Faso,9,0,841,52,45,1,81,2
2020-05-27,Burkina Faso,4,1,845,53,39,1,79,2
2020-05-28,Burkina Faso,0,0,845,53,36,1,72,2
2020-05-29,Burkina Faso,2,0,847,53,35,1,74,2
2020-05-30,Burkina Faso,0,0,847,53,33,1,65,2
2020-05-31,Burkina Faso,6,0,853,53,39,1,71,2
2020-06-01,Burkina Faso,28,0,881,53,49,1,85,2
2020-06-02,Burkina Faso,0,0,881,53,40,1,85,2
2020-06-03,Burkina Faso,2,0,883,53,38,0,77,1
2020-06-04,Burkina Faso,1,0,884,53,39,0,75,1
2020-06-05,Burkina Faso,1,0,885,53,38,0,73,1
2020-06-06,Burkina Faso,3,0,888,53,41,0,74,1
2020-06-07,Burkina Faso,0,0,888,53,35,0,74,1
2020-06-08,Burkina Faso,1,0,889,53,8,0,57,1
2020-06-09,Burkina Faso,1,0,890,53,9,0,49,1
2020-06-10,Burkina Faso,1,0,891,53,8,0,46,0
2020-06-11,Burkina Faso,0,0,891,53,7,0,46,0
2020-06-12,Burkina Faso,1,0,892,53,7,0,45,0
2020-06-13,Burkina Faso,0,0,892,53,4,0,45,0
2020-06-14,Burkina Faso,2,0,894,53,6,0,41,0
2020-06-15,Burkina Faso,0,0,894,53,5,0,13,0
2020-06-16,Burkina Faso,0,0,894,53,4,0,13,0
2020-06-17,Burkina Faso,1,0,895,53,4,0,12,0
2020-06-18,Burkina Faso,4,0,899,53,8,0,15,0
2020-06-19,Burkina Faso,0,0,899,53,7,0,14,0
2020-06-20,Burkina Faso,1,0,900,53,8,0,12,0
2020-06-21,Burkina Faso,2,0,902,53,8,0,14,0
2020-06-22,Burkina Faso,1,0,903,53,9,0,14,0
2020-06-23,Burkina Faso,4,0,907,53,13,0,17,0
2020-06-24,Burkina Faso,12,0,919,53,24,0,28,0
2020-06-25,Burkina Faso,15,0,934,53,35,0,43,0
2020-06-26,Burkina Faso,7,0,941,53,42,0,49,0
2020-06-27,Burkina Faso,0,0,941,53,41,0,49,0
2020-06-28,Burkina Faso,0,0,941,53,39,0,47,0
2020-06-29,Burkina Faso,18,0,959,53,56,0,65,0
2020-06-30,Burkina Faso,0,0,959,53,52,0,65,0
2020-07-01,Burkina Faso,3,0,962,53,43,0,67,0
2020-07-02,Burkina Faso,0,0,962,53,28,0,63,0
2020-07-03,Burkina Faso,18,0,980,53,39,0,81,0
2020-07-04,Burkina Faso,7,0,987,53,46,0,87,0
2020-07-05,Burkina Faso,0,0,987,53,46,0,85,0
2020-07-06,Burkina Faso,0,0,987,53,28,0,84,0
2020-07-07,Burkina Faso,13,0,1000,53,41,0,93,0
2020-07-08,Burkina Faso,3,0,1003,53,41,0,84,0
2020-07-09,Burkina Faso,2,0,1005,53,43,0,71,0
2020-07-10,Burkina Faso,15,0,1020,53,40,0,79,0
2020-07-11,Burkina Faso,0,0,1020,53,33,0,79,0
2020-07-12,Burkina Faso,13,0,1033,53,46,0,92,0
2020-07-13,Burkina Faso,3,0,1036,53,49,0,77,0
2020-07-14,Burkina Faso,0,0,1036,53,36,0,77,0
2020-07-15,Burkina Faso,2,0,1038,53,35,0,76,0
2020-07-16,Burkina Faso,0,0,1038,53,33,0,76,0
2020-07-17,Burkina Faso,0,0,1038,53,18,0,58,0
2020-07-18,Burkina Faso,9,0,1047,53,27,0,60,0
2020-07-19,Burkina Faso,5,0,1052,53,19,0,65,0
2020-07-20,Burkina Faso,13,0,1065,53,29,0,78,0
2020-07-21,Burkina Faso,0,0,1065,53,29,0,65,0
2020-07-22,Burkina Faso,0,0,1065,53,27,0,62,0
2020-07-23,Burkina Faso,1,0,1066,53,28,0,61,0
2020-07-24,Burkina Faso,9,0,1075,53,37,0,55,0
2020-07-25,Burkina Faso,6,0,1081,53,34,0,61,0
2020-07-26,Burkina Faso,5,0,1086,53,34,0,53,0
2020-07-27,Burkina Faso,14,0,1100,53,35,0,64,0
2020-07-28,Burkina Faso,0,0,1100,53,35,0,64,0
2020-07-29,Burkina Faso,6,0,1106,53,41,0,68,0
2020-07-30,Burkina Faso,11,0,1117,53,51,0,79,0
2020-07-31,Burkina Faso,0,0,1117,53,42,0,79,0
2020-08-01,Burkina Faso,26,0,1143,53,62,0,96,0
2020-08-02,Burkina Faso,6,0,1149,53,63,0,97,0
2020-08-03,Burkina Faso,1,0,1150,53,50,0,85,0
2020-08-04,Burkina Faso,3,1,1153,54,53,1,88,1
2020-08-05,Burkina Faso,3,0,1156,54,50,1,91,1
2020-08-06,Burkina Faso,2,0,1158,54,41,1,92,1
2020-08-07,Burkina Faso,4,0,1162,54,45,1,87,1
2020-08-08,Burkina Faso,13,0,1175,54,32,1,94,1
2020-08-09,Burkina Faso,5,0,1180,54,31,1,94,1
2020-08-10,Burkina Faso,24,0,1204,54,54,1,104,1
2020-08-11,Burkina Faso,7,0,1211,54,58,0,111,1
2020-08-12,Burkina Faso,2,0,1213,54,57,0,107,1
2020-08-13,Burkina Faso,15,0,1228,54,70,0,111,1
2020-08-14,Burkina Faso,10,0,1238,54,76,0,121,1
2020-08-15,Burkina Faso,2,0,1240,54,65,0,97,1
2020-08-16,Burkina Faso,9,0,1249,54,69,0,100,1
2020-08-17,Burkina Faso,18,1,1267,55,63,1,117,2
2020-08-18,Burkina Faso,13,0,1280,55,69,1,127,1
2020-08-19,Burkina Faso,5,0,1285,55,72,1,129,1
2020-08-20,Burkina Faso,7,0,1292,55,64,1,134,1
2020-08-21,Burkina Faso,5,0,1297,55,59,1,135,1
2020-08-22,Burkina Faso,16,0,1313,55,73,1,138,1
2020-08-23,Burkina Faso,7,0,1320,55,71,1,140,1
2020-08-24,Burkina Faso,8,0,1328,55,61,0,124,1
2020-08-25,Burkina Faso,10,0,1338,55,58,0,127,1
2020-08-26,Burkina Faso,14,0,1352,55,67,0,139,1
2020-08-27,Burkina Faso,0,0,1352,55,60,0,124,1
2020-08-28,Burkina Faso,5,0,1357,55,60,0,119,1
2020-08-29,Burkina Faso,1,0,1358,55,45,0,118,1
2020-08-30,Burkina Faso,4,0,1362,55,42,0,113,1
2020-08-31,Burkina Faso,6,0,1368,55,40,0,101,0
2020-04-01,Burundi,2,0,2,0,0,0,0,0
2020-04-02,Burundi,0,0,2,0,0,0,0,0
2020-04-03,Burundi,1,0,3,0,0,0,0,0
2020-04-04,Burundi,0,0,3,0,0,0,0,0
2020-04-05,Burundi,0,0,3,0,0,0,0,0
2020-04-06,Burundi,0,0,3,0,0,0,0,0
2020-04-07,Burundi,0,0,3,0,3,0,0,0
2020-04-08,Burundi,0,0,3,0,1,0,0,0
2020-04-09,Burundi,0,0,3,0,1,0,0,0
2020-04-10,Burundi,0,0,3,0,0,0,0,0
2020-04-11,Burundi,0,0,3,0,0,0,0,0
2020-04-12,Burundi,2,0,5,0,2,0,0,0
2020-04-13,Burundi,0,0,5,0,2,0,0,0
2020-04-14,Burundi,0,0,5,0,2,0,5,0
2020-04-15,Burundi,0,1,5,1,2,1,3,1
2020-04-16,Burundi,0,0,5,1,2,1,3,1
2020-04-17,Burundi,0,0,5,1,2,1,2,1
2020-04-18,Burundi,1,0,6,1,3,1,3,1
2020-04-19,Burundi,0,0,6,1,1,1,3,1
2020-04-20,Burundi,0,0,6,1,1,1,3,1
2020-04-21,Burundi,0,0,6,1,1,1,3,1
2020-04-22,Burundi,0,0,6,1,1,0,3,1
2020-04-23,Burundi,5,0,11,1,6,0,8,1
2020-04-24,Burundi,0,0,11,1,6,0,8,1
2020-04-25,Burundi,1,0,12,1,6,0,9,1
2020-04-26,Burundi,3,0,15,1,9,0,10,1
2020-04-27,Burundi,0,0,15,1,9,0,10,1
2020-04-28,Burundi,0,0,15,1,9,0,10,1
2020-04-29,Burundi,0,0,15,1,9,0,10,0
2020-04-30,Burundi,0,0,15,1,4,0,10,0
2020-05-01,Burundi,0,0,15,1,4,0,10,0
2020-05-02,Burundi,0,0,15,1,3,0,9,0
2020-05-03,Burundi,4,0,19,1,4,0,13,0
2020-05-04,Burundi,0,0,19,1,4,0,13,0
2020-05-05,Burundi,0,0,19,1,4,0,13,0
2020-05-06,Burundi,0,0,19,1,4,0,13,0
2020-05-07,Burundi,0,0,19,1,4,0,8,0
2020-05-08,Burundi,0,0,19,1,4,0,8,0
2020-05-09,Burundi,0,0,19,1,4,0,7,0
2020-05-10,Burundi,0,0,19,1,0,0,4,0
2020-05-11,Burundi,0,0,19,1,0,0,4,0
2020-05-12,Burundi,0,0,19,1,0,0,4,0
2020-05-13,Burundi,8,0,27,1,8,0,12,0
2020-05-14,Burundi,0,0,27,1,8,0,12,0
2020-05-15,Burundi,0,0,27,1,8,0,12,0
2020-05-16,Burundi,0,0,27,1,8,0,12,0
2020-05-17,Burundi,0,0,27,1,8,0,8,0
2020-05-18,Burundi,15,0,42,1,23,0,23,0
2020-05-19,Burundi,0,0,42,1,23,0,23,0
2020-05-20,Burundi,0,0,42,1,15,0,23,0
2020-05-21,Burundi,0,0,42,1,15,0,23,0
2020-05-22,Burundi,0,0,42,1,15,0,23,0
2020-05-23,Burundi,0,0,42,1,15,0,23,0
2020-05-24,Burundi,0,0,42,1,15,0,23,0
2020-05-25,Burundi,0,0,42,1,0,0,23,0
2020-05-26,Burundi,0,0,42,1,0,0,23,0
2020-05-27,Burundi,0,0,42,1,0,0,15,0
2020-05-28,Burundi,0,0,42,1,0,0,15,0
2020-05-29,Burundi,0,0,42,1,0,0,15,0
2020-05-30,Burundi,0,0,42,1,0,0,15,0
2020-05-31,Burundi,0,0,42,1,0,0,15,0
2020-06-01,Burundi,21,0,63,1,21,0,21,0
2020-06-02,Burundi,0,0,63,1,21,0,21,0
2020-06-03,Burundi,0,0,63,1,21,0,21,0
2020-06-04,Burundi,0,0,63,1,21,0,21,0
2020-06-05,Burundi,0,0,63,1,21,0,21,0
2020-06-06,Burundi,0,0,63,1,21,0,21,0
2020-06-07,Burundi,20,0,83,1,41,0,41,0
2020-06-08,Burundi,0,0,83,1,20,0,41,0
2020-06-09,Burundi,0,0,83,1,20,0,41,0
2020-06-10,Burundi,0,0,83,1,20,0,41,0
2020-06-11,Burundi,0,0,83,1,20,0,41,0
2020-06-12,Burundi,11,0,94,1,31,0,52,0
2020-06-13,Burundi,0,0,94,1,31,0,52,0
2020-06-14,Burundi,0,0,94,1,11,0,52,0
2020-06-15,Burundi,0,0,94,1,11,0,31,0
2020-06-16,Burundi,10,0,104,1,21,0,41,0
2020-06-17,Burundi,0,0,104,1,21,0,41,0
2020-06-18,Burundi,0,0,104,1,21,0,41,0
2020-06-19,Burundi,0,0,104,1,10,0,41,0
2020-06-20,Burundi,0,0,104,1,10,0,41,0
2020-06-21,Burundi,40,0,144,1,50,0,61,0
2020-06-22,Burundi,0,0,144,1,50,0,61,0
2020-06-23,Burundi,0,0,144,1,40,0,61,0
2020-06-24,Burundi,0,0,144,1,40,0,61,0
2020-06-25,Burundi,0,0,144,1,40,0,61,0
2020-06-26,Burundi,0,0,144,1,40,0,50,0
2020-06-27,Burundi,0,0,144,1,40,0,50,0
2020-06-28,Burundi,0,0,144,1,0,0,50,0
2020-06-29,Burundi,26,0,170,1,26,0,76,0
2020-06-30,Burundi,0,0,170,1,26,0,66,0
2020-07-01,Burundi,0,0,170,1,26,0,66,0
2020-07-02,Burundi,0,0,170,1,26,0,66,0
2020-07-03,Burundi,0,0,170,1,26,0,66,0
2020-07-04,Burundi,21,0,191,1,47,0,87,0
2020-07-05,Burundi,0,0,191,1,47,0,47,0
2020-07-06,Burundi,0,0,191,1,21,0,47,0
2020-07-07,Burundi,0,0,191,1,21,0,47,0
2020-07-08,Burundi,0,0,191,1,21,0,47,0
2020-07-09,Burundi,0,0,191,1,21,0,47,0
2020-07-10,Burundi,28,0,219,1,49,0,75,0
2020-07-11,Burundi,7,0,226,1,35,0,82,0
2020-07-12,Burundi,24,0,250,1,59,0,106,0
2020-07-13,Burundi,0,0,250,1,59,0,80,0
2020-07-14,Burundi,19,0,269,1,78,0,99,0
2020-07-15,Burundi,0,0,269,1,78,0,99,0
2020-07-16,Burundi,0,0,269,1,78,0,99,0
2020-07-17,Burundi,34,0,303,1,84,0,133,0
2020-07-18,Burundi,7,0,310,1,84,0,119,0
2020-07-19,Burundi,0,0,310,1,60,0,119,0
2020-07-20,Burundi,0,0,310,1,60,0,119,0
2020-07-21,Burundi,12,0,322,1,53,0,131,0
2020-07-22,Burundi,6,0,328,1,59,0,137,0
2020-07-23,Burundi,0,0,328,1,59,0,137,0
2020-07-24,Burundi,17,0,345,1,42,0,126,0
2020-07-25,Burundi,0,0,345,1,35,0,119,0
2020-07-26,Burundi,16,0,361,1,51,0,111,0
2020-07-27,Burundi,0,0,361,1,51,0,111,0
2020-07-28,Burundi,17,0,378,1,56,0,109,0
2020-07-29,Burundi,0,0,378,1,50,0,109,0
2020-07-30,Burundi,9,0,387,1,59,0,118,0
2020-07-31,Burundi,0,0,387,1,42,0,84,0
2020-08-01,Burundi,4,0,391,1,46,0,81,0
2020-08-02,Burundi,4,0,395,1,34,0,85,0
2020-08-03,Burundi,0,0,395,1,34,0,85,0
2020-08-04,Burundi,0,0,395,1,17,0,73,0
2020-08-05,Burundi,0,0,395,1,17,0,67,0
2020-08-06,Burundi,5,0,400,1,13,0,72,0
2020-08-07,Burundi,0,0,400,1,13,0,55,0
2020-08-08,Burundi,5,0,405,1,14,0,60,0
2020-08-09,Burundi,3,0,408,1,13,0,47,0
2020-08-10,Burundi,0,0,408,1,13,0,47,0
2020-08-11,Burundi,0,0,408,1,13,0,30,0
2020-08-12,Burundi,0,0,408,1,13,0,30,0
2020-08-13,Burundi,2,0,410,1,10,0,23,0
2020-08-14,Burundi,0,0,410,1,10,0,23,0
2020-08-15,Burundi,2,0,412,1,7,0,21,0
2020-08-16,Burundi,0,0,412,1,4,0,17,0
2020-08-17,Burundi,1,0,413,1,5,0,18,0
2020-08-18,Burundi,0,0,413,1,5,0,18,0
2020-08-19,Burundi,3,0,416,1,8,0,21,0
2020-08-20,Burundi,6,0,422,1,12,0,22,0
2020-08-21,Burundi,0,0,422,1,12,0,22,0
2020-08-22,Burundi,4,0,426,1,14,0,21,0
2020-08-23,Burundi,3,0,429,1,17,0,21,0
2020-08-24,Burundi,0,0,429,1,16,0,21,0
2020-08-25,Burundi,1,0,430,1,17,0,22,0
2020-08-26,Burundi,0,0,430,1,14,0,22,0
2020-08-27,Burundi,0,0,430,1,8,0,20,0
2020-08-28,Burundi,1,0,431,1,9,0,21,0
2020-08-29,Burundi,2,0,433,1,7,0,21,0
2020-08-30,Burundi,6,0,439,1,10,0,27,0
2020-08-31,Burundi,6,0,445,1,16,0,32,0
2020-04-01,Cambodia,0,0,109,0,18,0,85,0
2020-04-02,Cambodia,1,0,110,0,14,0,86,0
2020-04-03,Cambodia,4,0,114,0,16,0,90,0
2020-04-04,Cambodia,0,0,114,0,12,0,67,0
2020-04-05,Cambodia,0,0,114,0,11,0,63,0
2020-04-06,Cambodia,0,0,114,0,7,0,28,0
2020-04-07,Cambodia,1,0,115,0,6,0,28,0
2020-04-08,Cambodia,2,0,117,0,8,0,26,0
2020-04-09,Cambodia,1,0,118,0,8,0,22,0
2020-04-10,Cambodia,1,0,119,0,5,0,21,0
2020-04-11,Cambodia,1,0,120,0,6,0,18,0
2020-04-12,Cambodia,2,0,122,0,8,0,19,0
2020-04-13,Cambodia,0,0,122,0,8,0,15,0
2020-04-14,Cambodia,0,0,122,0,7,0,13,0
2020-04-15,Cambodia,0,0,122,0,5,0,13,0
2020-04-16,Cambodia,0,0,122,0,4,0,12,0
2020-04-17,Cambodia,0,0,122,0,3,0,8,0
2020-04-18,Cambodia,0,0,122,0,2,0,8,0
2020-04-19,Cambodia,0,0,122,0,0,0,8,0
2020-04-20,Cambodia,0,0,122,0,0,0,8,0
2020-04-21,Cambodia,0,0,122,0,0,0,7,0
2020-04-22,Cambodia,0,0,122,0,0,0,5,0
2020-04-23,Cambodia,0,0,122,0,0,0,4,0
2020-04-24,Cambodia,0,0,122,0,0,0,3,0
2020-04-25,Cambodia,0,0,122,0,0,0,2,0
2020-04-26,Cambodia,0,0,122,0,0,0,0,0
2020-04-27,Cambodia,0,0,122,0,0,0,0,0
2020-04-28,Cambodia,0,0,122,0,0,0,0,0
2020-04-29,Cambodia,0,0,122,0,0,0,0,0
2020-04-30,Cambodia,0,0,122,0,0,0,0,0
2020-05-01,Cambodia,0,0,122,0,0,0,0,0
2020-05-02,Cambodia,0,0,122,0,0,0,0,0
2020-05-03,Cambodia,0,0,122,0,0,0,0,0
2020-05-04,Cambodia,0,0,122,0,0,0,0,0
2020-05-05,Cambodia,0,0,122,0,0,0,0,0
2020-05-06,Cambodia,0,0,122,0,0,0,0,0
2020-05-07,Cambodia,0,0,122,0,0,0,0,0
2020-05-08,Cambodia,0,0,122,0,0,0,0,0
2020-05-09,Cambodia,0,0,122,0,0,0,0,0
2020-05-10,Cambodia,0,0,122,0,0,0,0,0
2020-05-11,Cambodia,0,0,122,0,0,0,0,0
2020-05-12,Cambodia,0,0,122,0,0,0,0,0
2020-05-13,Cambodia,0,0,122,0,0,0,0,0
2020-05-14,Cambodia,0,0,122,0,0,0,0,0
2020-05-15,Cambodia,0,0,122,0,0,0,0,0
2020-05-16,Cambodia,0,0,122,0,0,0,0,0
2020-05-17,Cambodia,0,0,122,0,0,0,0,0
2020-05-18,Cambodia,0,0,122,0,0,0,0,0
2020-05-19,Cambodia,0,0,122,0,0,0,0,0
2020-05-20,Cambodia,0,0,122,0,0,0,0,0
2020-05-21,Cambodia,0,0,122,0,0,0,0,0
2020-05-22,Cambodia,1,0,123,0,1,0,1,0
2020-05-23,Cambodia,1,0,124,0,2,0,2,0
2020-05-24,Cambodia,0,0,124,0,2,0,2,0
2020-05-25,Cambodia,0,0,124,0,2,0,2,0
2020-05-26,Cambodia,0,0,124,0,2,0,2,0
2020-05-27,Cambodia,0,0,124,0,2,0,2,0
2020-05-28,Cambodia,0,0,124,0,2,0,2,0
2020-05-29,Cambodia,0,0,124,0,1,0,2,0
2020-05-30,Cambodia,1,0,125,0,1,0,3,0
2020-05-31,Cambodia,0,0,125,0,1,0,3,0
2020-06-01,Cambodia,0,0,125,0,1,0,3,0
2020-06-02,Cambodia,0,0,125,0,1,0,3,0
2020-06-03,Cambodia,0,0,125,0,1,0,3,0
2020-06-04,Cambodia,0,0,125,0,1,0,3,0
2020-06-05,Cambodia,0,0,125,0,1,0,2,0
2020-06-06,Cambodia,0,0,125,0,0,0,1,0
2020-06-07,Cambodia,0,0,125,0,0,0,1,0
2020-06-08,Cambodia,1,0,126,0,1,0,2,0
2020-06-09,Cambodia,0,0,126,0,1,0,2,0
2020-06-10,Cambodia,0,0,126,0,1,0,2,0
2020-06-11,Cambodia,0,0,126,0,1,0,2,0
2020-06-12,Cambodia,0,0,126,0,1,0,2,0
2020-06-13,Cambodia,0,0,126,0,1,0,1,0
2020-06-14,Cambodia,2,0,128,0,3,0,3,0
2020-06-15,Cambodia,0,0,128,0,2,0,3,0
2020-06-16,Cambodia,0,0,128,0,2,0,3,0
2020-06-17,Cambodia,0,0,128,0,2,0,3,0
2020-06-18,Cambodia,1,0,129,0,3,0,4,0
2020-06-19,Cambodia,0,0,129,0,3,0,4,0
2020-06-20,Cambodia,0,0,129,0,3,0,4,0
2020-06-21,Cambodia,0,0,129,0,1,0,4,0
2020-06-22,Cambodia,0,0,129,0,1,0,3,0
2020-06-23,Cambodia,1,0,130,0,2,0,4,0
2020-06-24,Cambodia,0,0,130,0,2,0,4,0
2020-06-25,Cambodia,0,0,130,0,1,0,4,0
2020-06-26,Cambodia,0,0,130,0,1,0,4,0
2020-06-27,Cambodia,9,0,139,0,10,0,13,0
2020-06-28,Cambodia,2,0,141,0,12,0,13,0
2020-06-29,Cambodia,0,0,141,0,12,0,13,0
2020-06-30,Cambodia,0,0,141,0,11,0,13,0
2020-07-01,Cambodia,0,0,141,0,11,0,13,0
2020-07-02,Cambodia,0,0,141,0,11,0,12,0
2020-07-03,Cambodia,0,0,141,0,11,0,12,0
2020-07-04,Cambodia,0,0,141,0,2,0,12,0
2020-07-05,Cambodia,0,0,141,0,0,0,12,0
2020-07-06,Cambodia,0,0,141,0,0,0,12,0
2020-07-07,Cambodia,0,0,141,0,0,0,11,0
2020-07-08,Cambodia,0,0,141,0,0,0,11,0
2020-07-09,Cambodia,0,0,141,0,0,0,11,0
2020-07-10,Cambodia,0,0,141,0,0,0,11,0
2020-07-11,Cambodia,0,0,141,0,0,0,2,0
2020-07-12,Cambodia,15,0,156,0,15,0,15,0
2020-07-13,Cambodia,0,0,156,0,15,0,15,0
2020-07-14,Cambodia,9,0,165,0,24,0,24,0
2020-07-15,Cambodia,0,0,165,0,24,0,24,0
2020-07-16,Cambodia,1,0,166,0,25,0,25,0
2020-07-17,Cambodia,5,0,171,0,30,0,30,0
2020-07-18,Cambodia,0,0,171,0,30,0,30,0
2020-07-19,Cambodia,0,0,171,0,15,0,30,0
2020-07-20,Cambodia,0,0,171,0,15,0,30,0
2020-07-21,Cambodia,26,0,197,0,32,0,56,0
2020-07-22,Cambodia,0,0,197,0,32,0,56,0
2020-07-23,Cambodia,1,0,198,0,32,0,57,0
2020-07-24,Cambodia,4,0,202,0,31,0,61,0
2020-07-25,Cambodia,0,0,202,0,31,0,61,0
2020-07-26,Cambodia,23,0,225,0,54,0,69,0
2020-07-27,Cambodia,0,0,225,0,54,0,69,0
2020-07-28,Cambodia,0,0,225,0,28,0,60,0
2020-07-29,Cambodia,1,0,226,0,29,0,61,0
2020-07-30,Cambodia,8,0,234,0,36,0,68,0
2020-07-31,Cambodia,0,0,234,0,32,0,63,0
2020-08-01,Cambodia,5,0,239,0,37,0,68,0
2020-08-02,Cambodia,1,0,240,0,15,0,69,0
2020-08-03,Cambodia,0,0,240,0,15,0,69,0
2020-08-04,Cambodia,0,0,240,0,15,0,43,0
2020-08-05,Cambodia,3,0,243,0,17,0,46,0
2020-08-06,Cambodia,0,0,243,0,9,0,45,0
2020-08-07,Cambodia,0,0,243,0,9,0,41,0
2020-08-08,Cambodia,3,0,246,0,7,0,44,0
2020-08-09,Cambodia,0,0,246,0,6,0,21,0
2020-08-10,Cambodia,5,0,251,0,11,0,26,0
2020-08-11,Cambodia,15,0,266,0,26,0,41,0
2020-08-12,Cambodia,2,0,268,0,25,0,42,0
2020-08-13,Cambodia,4,0,272,0,29,0,38,0
2020-08-14,Cambodia,1,0,273,0,30,0,39,0
2020-08-15,Cambodia,0,0,273,0,27,0,34,0
2020-08-16,Cambodia,0,0,273,0,27,0,33,0
2020-08-17,Cambodia,0,0,273,0,22,0,33,0
2020-08-18,Cambodia,0,0,273,0,7,0,33,0
2020-08-19,Cambodia,0,0,273,0,5,0,30,0
2020-08-20,Cambodia,0,0,273,0,1,0,30,0
2020-08-21,Cambodia,0,0,273,0,0,0,30,0
2020-08-22,Cambodia,0,0,273,0,0,0,27,0
2020-08-23,Cambodia,0,0,273,0,0,0,27,0
2020-08-24,Cambodia,0,0,273,0,0,0,22,0
2020-08-25,Cambodia,0,0,273,0,0,0,7,0
2020-08-26,Cambodia,0,0,273,0,0,0,5,0
2020-08-27,Cambodia,0,0,273,0,0,0,1,0
2020-08-28,Cambodia,0,0,273,0,0,0,0,0
2020-08-29,Cambodia,0,0,273,0,0,0,0,0
2020-08-30,Cambodia,0,0,273,0,0,0,0,0
2020-08-31,Cambodia,1,0,274,0,1,0,1,0
2020-04-01,Cameroon,51,4,193,6,121,5,183,6
2020-04-02,Cameroon,40,0,233,6,161,5,223,6
2020-04-03,Cameroon,38,1,271,7,183,6,257,7
2020-04-04,Cameroon,238,1,509,8,421,7,482,8
2020-04-05,Cameroon,46,1,555,9,456,7,528,9
2020-04-06,Cameroon,95,0,650,9,551,7,623,9
2020-04-07,Cameroon,8,0,658,9,516,7,602,9
2020-04-08,Cameroon,27,0,685,9,492,3,613,8
2020-04-09,Cameroon,45,1,730,10,497,4,658,9
2020-04-10,Cameroon,0,0,730,10,459,3,642,9
2020-04-11,Cameroon,73,0,803,10,294,2,715,9
2020-04-12,Cameroon,17,1,820,11,265,2,721,9
2020-04-13,Cameroon,0,1,820,12,170,3,721,10
2020-04-14,Cameroon,0,0,820,12,162,3,678,10
2020-04-15,Cameroon,35,5,855,17,170,8,662,11
2020-04-16,Cameroon,0,0,855,17,125,7,622,11
2020-04-17,Cameroon,0,4,855,21,125,11,584,14
2020-04-18,Cameroon,161,0,1016,21,213,11,507,13
2020-04-19,Cameroon,0,0,1016,21,196,10,461,12
2020-04-20,Cameroon,0,21,1016,42,196,30,366,33
2020-04-21,Cameroon,1,0,1017,42,197,30,359,33
2020-04-22,Cameroon,146,0,1163,42,308,25,478,33
2020-04-23,Cameroon,0,1,1163,43,308,26,433,33
2020-04-24,Cameroon,238,6,1401,49,546,28,671,39
2020-04-25,Cameroon,2,0,1403,49,387,28,600,39
2020-04-26,Cameroon,115,4,1518,53,502,32,698,42
2020-04-27,Cameroon,103,3,1621,56,605,14,801,44
2020-04-28,Cameroon,0,2,1621,58,604,16,801,46
2020-04-29,Cameroon,185,1,1806,59,643,17,951,42
2020-04-30,Cameroon,26,2,1832,61,669,18,977,44
2020-05-01,Cameroon,0,0,1832,61,431,12,977,40
2020-05-02,Cameroon,237,0,2069,61,666,12,1053,40
2020-05-03,Cameroon,8,3,2077,64,559,11,1061,43
2020-05-04,Cameroon,0,0,2077,64,456,8,1061,22
2020-05-05,Cameroon,27,0,2104,64,483,6,1087,22
2020-05-06,Cameroon,0,0,2104,64,298,5,941,22
2020-05-07,Cameroon,161,44,2265,108,433,47,1102,65
2020-05-08,Cameroon,0,0,2265,108,433,47,864,59
2020-05-09,Cameroon,0,0,2265,108,196,47,862,59
2020-05-10,Cameroon,9,0,2274,108,197,44,756,55
2020-05-11,Cameroon,305,6,2579,114,502,50,958,58
2020-05-12,Cameroon,110,11,2689,125,585,61,1068,67
2020-05-13,Cameroon,0,0,2689,125,585,61,883,66
2020-05-14,Cameroon,111,11,2800,136,535,28,968,75
2020-05-15,Cameroon,154,3,2954,139,689,31,1122,78
2020-05-16,Cameroon,151,1,3105,140,840,32,1036,79
2020-05-17,Cameroon,187,0,3292,140,1018,32,1215,76
2020-05-18,Cameroon,0,0,3292,140,713,26,1215,76
2020-05-19,Cameroon,0,0,3292,140,603,15,1188,76
2020-05-20,Cameroon,237,0,3529,140,840,15,1425,76
2020-05-21,Cameroon,204,6,3733,146,933,10,1468,38
2020-05-22,Cameroon,555,10,4288,156,1334,17,2023,48
2020-05-23,Cameroon,112,3,4400,159,1295,19,2135,51
2020-05-24,Cameroon,197,0,4597,159,1305,19,2323,51
2020-05-25,Cameroon,293,6,4890,165,1598,25,2311,51
2020-05-26,Cameroon,154,6,5044,171,1752,31,2355,46
2020-05-27,Cameroon,312,4,5356,175,1827,35,2667,50
2020-05-28,Cameroon,0,2,5356,177,1623,31,2556,41
2020-05-29,Cameroon,0,0,5356,177,1068,21,2402,38
2020-05-30,Cameroon,80,0,5436,177,1036,18,2331,37
2020-05-31,Cameroon,468,14,5904,191,1307,32,2612,51
2020-06-01,Cameroon,0,0,5904,191,1014,26,2612,51
2020-06-02,Cameroon,493,8,6397,199,1353,28,3105,59
2020-06-03,Cameroon,188,1,6585,200,1229,25,3056,60
2020-06-04,Cameroon,167,0,6752,200,1396,23,3019,54
2020-06-05,Cameroon,37,3,6789,203,1433,26,2501,47
2020-06-06,Cameroon,810,0,7599,203,2163,26,3199,44
2020-06-07,Cameroon,0,0,7599,203,1695,12,3002,44
2020-06-08,Cameroon,309,0,7908,203,2004,12,3018,38
2020-06-09,Cameroon,404,5,8312,208,1915,9,3268,37
2020-06-10,Cameroon,369,0,8681,208,2096,8,3325,33
2020-06-11,Cameroon,248,6,8929,214,2177,14,3573,37
2020-06-12,Cameroon,0,0,8929,214,2140,11,3573,37
2020-06-13,Cameroon,267,59,9196,273,1597,70,3760,96
2020-06-14,Cameroon,376,2,9572,275,1973,72,3668,84
2020-06-15,Cameroon,292,1,9864,276,1956,73,3960,85
2020-06-16,Cameroon,0,0,9864,276,1552,68,3467,77
2020-06-17,Cameroon,0,0,9864,276,1183,68,3279,76
2020-06-18,Cameroon,0,0,9864,276,935,62,3112,76
2020-06-19,Cameroon,774,6,10638,282,1709,68,3849,79
2020-06-20,Cameroon,643,18,11281,300,2085,27,3682,97
2020-06-21,Cameroon,0,0,11281,300,1709,25,3682,97
2020-06-22,Cameroon,329,1,11610,301,1746,25,3702,98
2020-06-23,Cameroon,282,2,11892,303,2028,27,3580,95
2020-06-24,Cameroon,149,5,12041,308,2177,32,3360,100
2020-06-25,Cameroon,229,5,12270,313,2406,37,3341,99
2020-06-26,Cameroon,322,0,12592,313,1954,31,3663,99
2020-06-27,Cameroon,0,0,12592,313,1311,13,3396,40
2020-06-28,Cameroon,0,0,12592,313,1311,13,3020,38
2020-06-29,Cameroon,0,0,12592,313,982,12,2728,37
2020-06-30,Cameroon,0,0,12592,313,700,10,2728,37
2020-07-01,Cameroon,0,0,12592,313,551,5,2728,37
2020-07-02,Cameroon,0,0,12592,313,322,0,2728,37
2020-07-03,Cameroon,0,0,12592,313,0,0,1954,31
2020-07-04,Cameroon,0,0,12592,313,0,0,1311,13
2020-07-05,Cameroon,0,0,12592,313,0,0,1311,13
2020-07-06,Cameroon,1119,15,13711,328,1119,15,2101,27
2020-07-07,Cameroon,326,2,14037,330,1445,17,2145,27
2020-07-08,Cameroon,879,29,14916,359,2324,46,2875,51
2020-07-09,Cameroon,0,0,14916,359,2324,46,2646,46
2020-07-10,Cameroon,0,0,14916,359,2324,46,2324,46
2020-07-11,Cameroon,0,0,14916,359,2324,46,2324,46
2020-07-12,Cameroon,0,0,14916,359,2324,46,2324,46
2020-07-13,Cameroon,257,0,15173,359,1462,31,2581,46
2020-07-14,Cameroon,0,0,15173,359,1136,29,2581,46
2020-07-15,Cameroon,0,0,15173,359,257,0,2581,46
2020-07-16,Cameroon,0,0,15173,359,257,0,2581,46
2020-07-17,Cameroon,984,14,16157,373,1241,14,3565,60
2020-07-18,Cameroon,0,0,16157,373,1241,14,3565,60
2020-07-19,Cameroon,0,0,16157,373,1241,14,3565,60
2020-07-20,Cameroon,0,0,16157,373,984,14,2446,45
2020-07-21,Cameroon,0,0,16157,373,984,14,2120,43
2020-07-22,Cameroon,0,0,16157,373,984,14,1241,14
2020-07-23,Cameroon,365,9,16522,382,1349,23,1606,23
2020-07-24,Cameroon,186,3,16708,385,551,12,1792,26
2020-07-25,Cameroon,0,0,16708,385,551,12,1792,26
2020-07-26,Cameroon,0,0,16708,385,551,12,1792,26
2020-07-27,Cameroon,0,0,16708,385,551,12,1535,26
2020-07-28,Cameroon,0,0,16708,385,551,12,1535,26
2020-07-29,Cameroon,0,0,16708,385,551,12,1535,26
2020-07-30,Cameroon,547,2,17255,387,733,5,2082,28
2020-07-31,Cameroon,0,0,17255,387,547,2,1098,14
2020-08-01,Cameroon,0,0,17255,387,547,2,1098,14
2020-08-02,Cameroon,0,0,17255,387,547,2,1098,14
2020-08-03,Cameroon,0,0,17255,387,547,2,1098,14
2020-08-04,Cameroon,0,0,17255,387,547,2,1098,14
2020-08-05,Cameroon,463,4,17718,391,1010,6,1561,18
2020-08-06,Cameroon,0,0,17718,391,463,4,1196,9
2020-08-07,Cameroon,0,0,17718,391,463,4,1010,6
2020-08-08,Cameroon,0,0,17718,391,463,4,1010,6
2020-08-09,Cameroon,0,0,17718,391,463,4,1010,6
2020-08-10,Cameroon,324,4,18042,395,787,8,1334,10
2020-08-11,Cameroon,0,0,18042,395,787,8,1334,10
2020-08-12,Cameroon,171,3,18213,398,495,7,1505,13
2020-08-13,Cameroon,50,3,18263,401,545,10,1008,14
2020-08-14,Cameroon,45,0,18308,401,590,10,1053,14
2020-08-15,Cameroon,161,0,18469,401,751,10,1214,14
2020-08-16,Cameroon,0,0,18469,401,751,10,1214,14
2020-08-17,Cameroon,0,0,18469,401,427,6,1214,14
2020-08-18,Cameroon,113,2,18582,403,540,8,1327,16
2020-08-19,Cameroon,17,3,18599,406,386,8,881,15
2020-08-20,Cameroon,25,0,18624,406,361,5,906,15
2020-08-21,Cameroon,138,2,18762,408,454,7,1044,17
2020-08-22,Cameroon,0,0,18762,408,293,7,1044,17
2020-08-23,Cameroon,0,0,18762,408,293,7,1044,17
2020-08-24,Cameroon,0,0,18762,408,293,7,720,13
2020-08-25,Cameroon,0,0,18762,408,180,5,720,13
2020-08-26,Cameroon,211,2,18973,410,374,4,760,12
2020-08-27,Cameroon,0,0,18973,410,349,4,710,9
2020-08-28,Cameroon,169,1,19142,411,380,3,834,10
2020-08-29,Cameroon,0,0,19142,411,380,3,673,10
2020-08-30,Cameroon,0,0,19142,411,380,3,673,10
2020-08-31,Cameroon,0,0,19142,411,380,3,673,10
2020-04-01,Canada,1112,7,8536,96,6577,69,7967,88
2020-04-02,Canada,1059,13,9595,109,6210,74,8905,100
2020-04-03,Canada,1673,29,11268,138,7250,99,10422,128
2020-04-04,Canada,1251,49,12519,187,7844,134,11548,175
2020-04-05,Canada,1363,44,13882,231,8496,171,12580,213
2020-04-06,Canada,1614,49,15496,280,9241,219,14066,260
2020-04-07,Canada,1157,43,16653,323,9229,234,15007,299
2020-04-08,Canada,1230,57,17883,380,9347,284,15924,353
2020-04-09,Canada,1391,55,19274,435,9679,326,15889,400
2020-04-10,Canada,1474,74,20748,509,9480,371,16730,470
2020-04-11,Canada,1385,60,22133,569,9614,382,17458,516
2020-04-12,Canada,1168,84,23301,653,9419,422,17915,593
2020-04-13,Canada,1064,64,24365,717,8869,437,18110,656
2020-04-14,Canada,1298,63,25663,780,9010,457,18239,691
2020-04-15,Canada,1383,123,27046,903,9163,523,18510,807
2020-04-16,Canada,1318,107,28364,1010,9090,575,18769,901
2020-04-17,Canada,1717,183,30081,1193,9333,684,18813,1055
2020-04-18,Canada,1791,116,31872,1309,9739,740,19353,1122
2020-04-19,Canada,1469,158,33341,1467,10040,814,19459,1236
2020-04-20,Canada,1436,113,34777,1580,10412,863,19281,1300
2020-04-21,Canada,2046,110,36823,1690,11160,910,20170,1367
2020-04-22,Canada,1590,144,38413,1834,11367,931,20530,1454
2020-04-23,Canada,1766,140,40179,1974,11815,964,20905,1539
2020-04-24,Canada,1920,172,42099,2146,12018,953,21351,1637
2020-04-25,Canada,1778,156,43877,2302,12005,993,21744,1733
2020-04-26,Canada,1464,163,45341,2465,12000,998,22040,1812
2020-04-27,Canada,1543,95,46884,2560,12107,980,22519,1843
2020-04-28,Canada,1605,147,48489,2707,11666,1017,22826,1927
2020-04-29,Canada,1526,152,50015,2859,11602,1025,22969,1956
2020-04-30,Canada,1572,137,51587,2996,11408,1022,23223,1986
2020-05-01,Canada,1649,188,53236,3184,11137,1038,23155,1991
2020-05-02,Canada,1825,207,55061,3391,11184,1089,23189,2082
2020-05-03,Canada,1653,175,56714,3566,11373,1101,23373,2099
2020-05-04,Canada,2760,116,59474,3682,12590,1122,24697,2102
2020-05-05,Canada,1298,172,60772,3854,12283,1147,23949,2164
2020-05-06,Canada,1274,189,62046,4043,12031,1184,23633,2209
2020-05-07,Canada,1450,189,63496,4232,11909,1236,23317,2258
2020-05-08,Canada,1426,176,64922,4408,11686,1224,22823,2262
2020-05-09,Canada,1512,161,66434,4569,11373,1178,22557,2267
2020-05-10,Canada,1268,124,67702,4693,10988,1127,22361,2228
2020-05-11,Canada,1146,178,68848,4871,9374,1189,21964,2311
2020-05-12,Canada,1133,122,69981,4993,9209,1139,21492,2286
2020-05-13,Canada,1176,176,71157,5169,9111,1126,21142,2310
2020-05-14,Canada,1121,135,72278,5304,8782,1072,20691,2308
2020-05-15,Canada,1123,168,73401,5472,8479,1064,20165,2288
2020-05-16,Canada,1201,90,74602,5562,8168,993,19541,2171
2020-05-17,Canada,1251,117,75853,5679,8151,986,19139,2113
2020-05-18,Canada,1138,103,76991,5782,8143,911,17517,2100
2020-05-19,Canada,1070,60,78061,5842,8080,849,17289,1988
2020-05-20,Canada,1040,70,79101,5912,7944,743,17055,1869
2020-05-21,Canada,990,118,80091,6030,7813,726,16595,1798
2020-05-22,Canada,1222,122,81313,6152,7912,680,16391,1744
2020-05-23,Canada,1156,98,82469,6250,7867,688,16035,1681
2020-05-24,Canada,1141,105,83610,6355,7757,676,15908,1662
2020-05-25,Canada,1078,69,84688,6424,7697,642,15840,1553
2020-05-26,Canada,1012,121,85700,6545,7639,703,15719,1552
2020-05-27,Canada,936,94,86636,6639,7535,727,15479,1470
2020-05-28,Canada,872,126,87508,6765,7417,735,15230,1461
2020-05-29,Canada,993,112,88501,6877,7188,725,15100,1405
2020-05-30,Canada,906,102,89407,6979,6938,729,14805,1417
2020-05-31,Canada,772,94,90179,7073,6569,718,14326,1394
2020-06-01,Canada,757,222,90936,7295,6248,871,13945,1513
2020-06-02,Canada,758,31,91694,7326,5994,781,13633,1484
2020-06-03,Canada,705,69,92399,7395,5763,756,13298,1483
2020-06-04,Canada,675,103,93074,7498,5566,733,12983,1468
2020-06-05,Canada,641,139,93715,7637,5214,760,12402,1485
2020-06-06,Canada,609,66,94324,7703,4917,724,11855,1453
2020-06-07,Canada,722,70,95046,7773,4867,700,11436,1418
2020-06-08,Canada,642,27,95688,7800,4752,505,11000,1376
2020-06-09,Canada,545,35,96233,7835,4539,509,10533,1290
2020-06-10,Canada,409,62,96642,7897,4243,502,10006,1258
2020-06-11,Canada,472,63,97114,7960,4040,462,9606,1195
2020-06-12,Canada,405,34,97519,7994,3804,357,9018,1117
2020-06-13,Canada,413,55,97932,8049,3608,346,8525,1070
2020-06-14,Canada,467,58,98399,8107,3353,334,8220,1034
2020-06-15,Canada,377,39,98776,8146,3088,346,7840,851
2020-06-16,Canada,360,29,99136,8175,2903,340,7442,849
2020-06-17,Canada,320,38,99456,8213,2814,316,7057,818
2020-06-18,Canada,386,41,99842,8254,2728,294,6768,756
2020-06-19,Canada,367,46,100209,8300,2690,306,6494,663
2020-06-20,Canada,409,46,100618,8346,2686,297,6294,643
2020-06-21,Canada,390,64,101008,8410,2609,303,5962,637
2020-06-22,Canada,318,20,101326,8430,2550,284,5638,630
2020-06-23,Canada,311,6,101637,8436,2501,261,5404,601
2020-06-24,Canada,326,18,101963,8454,2507,241,5321,557
2020-06-25,Canada,279,30,102242,8484,2400,230,5128,524
2020-06-26,Canada,369,20,102611,8504,2402,204,5092,510
2020-06-27,Canada,172,4,102783,8508,2165,162,4851,459
2020-06-28,Canada,238,8,103021,8516,2013,106,4622,409
2020-06-29,Canada,218,6,103239,8522,1913,92,4463,376
2020-06-30,Canada,668,44,103907,8566,2270,130,4771,391
2020-07-01,Canada,286,25,104193,8591,2230,137,4737,378
2020-07-02,Canada,0,0,104193,8591,1951,107,4351,337
2020-07-03,Canada,567,51,104760,8642,2149,138,4551,342
2020-07-04,Canada,319,21,105079,8663,2296,155,4461,317
2020-07-05,Canada,226,11,105305,8674,2284,158,4297,264
2020-07-06,Canada,219,10,105524,8684,2285,162,4198,254
2020-07-07,Canada,399,9,105923,8693,2016,127,4286,257
2020-07-08,Canada,232,18,106155,8711,1962,120,4192,257
2020-07-09,Canada,267,26,106422,8737,2229,146,4180,253
2020-07-10,Canada,371,12,106793,8749,2033,107,4182,245
2020-07-11,Canada,321,10,107114,8759,2035,96,4331,251
2020-07-12,Canada,221,14,107335,8773,2030,99,4314,257
2020-07-13,Canada,244,10,107579,8783,2055,99,4340,261
2020-07-14,Canada,565,7,108144,8790,2221,97,4237,224
2020-07-15,Canada,331,8,108475,8798,2320,87,4282,207
2020-07-16,Canada,341,12,108816,8810,2394,73,4623,219
2020-07-17,Canada,437,17,109253,8827,2460,78,4493,185
2020-07-18,Canada,405,12,109658,8839,2544,80,4579,176
2020-07-19,Canada,0,0,109658,8839,2323,66,4353,165
2020-07-20,Canada,680,13,110338,8852,2759,69,4814,168
2020-07-21,Canada,775,6,111113,8858,2969,68,5190,165
2020-07-22,Canada,571,4,111684,8862,3209,64,5529,151
2020-07-23,Canada,543,8,112227,8870,3411,60,5805,133
2020-07-24,Canada,432,4,112659,8874,3406,47,5866,125
2020-07-25,Canada,534,7,113193,8881,3535,42,6079,122
2020-07-26,Canada,350,4,113543,8885,3885,46,6208,112
2020-07-27,Canada,355,5,113898,8890,3560,38,6319,107
2020-07-28,Canada,699,11,114597,8901,3484,43,6453,111
2020-07-29,Canada,383,11,114980,8912,3296,50,6505,114
2020-07-30,Canada,476,5,115456,8917,3229,47,6640,107
2020-07-31,Canada,329,12,115785,8929,3126,55,6532,102
2020-08-01,Canada,513,6,116298,8935,3105,54,6640,96
2020-08-02,Canada,287,6,116585,8941,3042,56,6927,102
2020-08-03,Canada,285,4,116870,8945,2972,55,6532,93
2020-08-04,Canada,147,2,117017,8947,2420,46,5904,89
2020-08-05,Canada,760,11,117777,8958,2797,46,6093,96
2020-08-06,Canada,395,4,118172,8962,2716,45,5945,92
2020-08-07,Canada,374,4,118546,8966,2761,37,5887,92
2020-08-08,Canada,424,4,118970,8970,2672,35,5777,89
2020-08-09,Canada,236,6,119206,8976,2621,35,5663,91
2020-08-10,Canada,245,5,119451,8981,2581,36,5553,91
2020-08-11,Canada,666,6,120117,8987,3100,40,5520,86
2020-08-12,Canada,289,4,120406,8991,2629,33,5426,79
2020-08-13,Canada,423,15,120829,9006,2657,44,5373,89
2020-08-14,Canada,405,9,121234,9015,2688,49,5449,86
2020-08-15,Canada,418,5,121652,9020,2682,50,5354,85
2020-08-16,Canada,237,4,121889,9024,2683,48,5304,83
2020-08-17,Canada,198,2,122087,9026,2636,45,5217,81
2020-08-18,Canada,785,6,122872,9032,2755,45,5855,85
2020-08-19,Canada,282,13,123154,9045,2748,54,5377,87
2020-08-20,Canada,336,4,123490,9049,2661,43,5318,87
2020-08-21,Canada,383,5,123873,9054,2639,39,5327,88
2020-08-22,Canada,499,10,124372,9064,2720,44,5402,94
2020-08-23,Canada,257,7,124629,9071,2740,47,5423,95
2020-08-24,Canada,267,2,124896,9073,2809,47,5445,92
2020-08-25,Canada,751,10,125647,9083,2775,51,5530,96
2020-08-26,Canada,322,7,125969,9090,2815,45,5563,99
2020-08-27,Canada,448,4,126417,9094,2927,45,5588,88
2020-08-28,Canada,431,8,126848,9102,2975,48,5614,87
2020-08-29,Canada,510,6,127358,9108,2986,44,5706,88
2020-08-30,Canada,315,5,127673,9113,3044,42,5784,89
2020-08-31,Canada,267,4,127940,9117,3044,44,5853,91
2020-04-01,Cape Verde,1,0,6,1,3,0,0,0
2020-04-02,Cape Verde,0,0,6,1,2,0,0,0
2020-04-03,Cape Verde,0,0,6,1,1,0,6,1
2020-04-04,Cape Verde,0,0,6,1,1,0,4,1
2020-04-05,Cape Verde,1,0,7,1,2,0,4,1
2020-04-06,Cape Verde,0,0,7,1,2,0,4,1
2020-04-07,Cape Verde,0,0,7,1,2,0,4,1
2020-04-08,Cape Verde,0,0,7,1,1,0,4,0
2020-04-09,Cape Verde,0,0,7,1,1,0,3,0
2020-04-10,Cape Verde,0,0,7,1,1,0,2,0
2020-04-11,Cape Verde,0,0,7,1,1,0,2,0
2020-04-12,Cape Verde,1,0,8,1,1,0,3,0
2020-04-13,Cape Verde,2,0,10,1,3,0,5,0
2020-04-14,Cape Verde,0,0,10,1,3,0,5,0
2020-04-15,Cape Verde,1,0,11,1,4,0,5,0
2020-04-16,Cape Verde,44,0,55,1,48,0,49,0
2020-04-17,Cape Verde,0,0,55,1,48,0,49,0
2020-04-18,Cape Verde,1,0,56,1,49,0,50,0
2020-04-19,Cape Verde,2,0,58,1,50,0,51,0
2020-04-20,Cape Verde,3,0,61,1,51,0,54,0
2020-04-21,Cape Verde,6,0,67,1,57,0,60,0
2020-04-22,Cape Verde,0,0,67,1,56,0,60,0
2020-04-23,Cape Verde,6,0,73,1,18,0,66,0
2020-04-24,Cape Verde,9,0,82,1,27,0,75,0
2020-04-25,Cape Verde,6,0,88,1,32,0,81,0
2020-04-26,Cape Verde,2,0,90,1,32,0,82,0
2020-04-27,Cape Verde,16,0,106,1,45,0,96,0
2020-04-28,Cape Verde,3,0,109,1,42,0,99,0
2020-04-29,Cape Verde,4,0,113,1,46,0,102,0
2020-04-30,Cape Verde,0,0,113,1,40,0,58,0
2020-05-01,Cape Verde,8,0,121,1,39,0,66,0
2020-05-02,Cape Verde,2,1,123,2,35,1,67,1
2020-05-03,Cape Verde,29,0,152,2,62,1,94,1
2020-05-04,Cape Verde,13,0,165,2,59,1,104,1
2020-05-05,Cape Verde,10,0,175,2,66,1,108,1
2020-05-06,Cape Verde,11,0,186,2,73,1,119,1
2020-05-07,Cape Verde,5,0,191,2,78,1,118,1
2020-05-08,Cape Verde,27,0,218,2,97,1,136,1
2020-05-09,Cape Verde,12,0,230,2,107,0,142,1
2020-05-10,Cape Verde,6,0,236,2,84,0,146,1
2020-05-11,Cape Verde,10,0,246,2,81,0,140,1
2020-05-12,Cape Verde,14,0,260,2,85,0,151,1
2020-05-13,Cape Verde,10,0,270,2,84,0,157,1
2020-05-14,Cape Verde,19,0,289,2,98,0,176,1
2020-05-15,Cape Verde,26,0,315,2,97,0,194,1
2020-05-16,Cape Verde,11,0,326,2,96,0,203,0
2020-05-17,Cape Verde,2,1,328,3,92,1,176,1
2020-05-18,Cape Verde,0,0,328,3,82,1,163,1
2020-05-19,Cape Verde,0,0,328,3,68,1,153,1
2020-05-20,Cape Verde,7,0,335,3,65,1,149,1
2020-05-21,Cape Verde,14,0,349,3,60,1,158,1
2020-05-22,Cape Verde,7,0,356,3,41,1,138,1
2020-05-23,Cape Verde,6,0,362,3,36,1,132,1
2020-05-24,Cape Verde,9,0,371,3,43,0,135,1
2020-05-25,Cape Verde,9,0,380,3,52,0,134,1
2020-05-26,Cape Verde,10,0,390,3,62,0,130,1
2020-05-27,Cape Verde,0,1,390,4,55,1,120,2
2020-05-28,Cape Verde,0,0,390,4,41,1,101,2
2020-05-29,Cape Verde,0,0,390,4,34,1,75,2
2020-05-30,Cape Verde,15,0,405,4,43,1,79,2
2020-05-31,Cape Verde,16,0,421,4,50,1,93,1
2020-06-01,Cape Verde,14,0,435,4,55,1,107,1
2020-06-02,Cape Verde,23,0,458,4,68,1,130,1
2020-06-03,Cape Verde,8,1,466,5,76,1,131,2
2020-06-04,Cape Verde,11,0,477,5,87,1,128,2
2020-06-05,Cape Verde,25,0,502,5,112,1,146,2
2020-06-06,Cape Verde,34,0,536,5,131,1,174,2
2020-06-07,Cape Verde,6,0,542,5,121,1,171,2
2020-06-08,Cape Verde,12,0,554,5,119,1,174,2
2020-06-09,Cape Verde,13,0,567,5,109,1,177,2
2020-06-10,Cape Verde,18,0,585,5,119,0,195,1
2020-06-11,Cape Verde,30,0,615,5,138,0,225,1
2020-06-12,Cape Verde,42,1,657,6,155,1,267,2
2020-06-13,Cape Verde,40,0,697,6,161,1,292,2
2020-06-14,Cape Verde,29,0,726,6,184,1,305,2
2020-06-15,Cape Verde,24,0,750,6,196,1,315,2
2020-06-16,Cape Verde,10,1,760,7,193,2,302,3
2020-06-17,Cape Verde,21,0,781,7,196,2,315,2
2020-06-18,Cape Verde,11,0,792,7,177,2,315,2
2020-06-19,Cape Verde,31,0,823,7,166,1,321,2
2020-06-20,Cape Verde,25,1,848,8,151,2,312,3
2020-06-21,Cape Verde,15,0,863,8,137,2,321,3
2020-06-22,Cape Verde,27,0,890,8,140,2,336,3
2020-06-23,Cape Verde,54,0,944,8,184,1,377,3
2020-06-24,Cape Verde,38,0,982,8,201,1,397,3
2020-06-25,Cape Verde,17,0,999,8,207,1,384,3
2020-06-26,Cape Verde,4,0,1003,8,180,1,346,2
2020-06-27,Cape Verde,24,2,1027,10,179,2,330,4
2020-06-28,Cape Verde,64,2,1091,12,228,4,365,6
2020-06-29,Cape Verde,64,0,1155,12,265,4,405,6
2020-06-30,Cape Verde,10,0,1165,12,221,4,405,5
2020-07-01,Cape Verde,62,3,1227,15,245,7,446,8
2020-07-02,Cape Verde,40,0,1267,15,268,7,475,8
2020-07-03,Cape Verde,34,0,1301,15,298,7,478,8
2020-07-04,Cape Verde,81,0,1382,15,355,5,534,7
2020-07-05,Cape Verde,38,1,1420,16,329,4,557,8
2020-07-06,Cape Verde,31,1,1451,17,296,5,561,9
2020-07-07,Cape Verde,12,0,1463,17,298,5,519,9
2020-07-08,Cape Verde,36,1,1499,18,272,3,517,10
2020-07-09,Cape Verde,43,0,1542,18,275,3,543,10
2020-07-10,Cape Verde,11,1,1553,19,252,4,550,11
2020-07-11,Cape Verde,0,0,1553,19,171,4,526,9
2020-07-12,Cape Verde,38,0,1591,19,171,3,500,7
2020-07-13,Cape Verde,107,0,1698,19,247,2,543,7
2020-07-14,Cape Verde,24,0,1722,19,259,2,557,7
2020-07-15,Cape Verde,58,0,1780,19,281,1,553,4
2020-07-16,Cape Verde,57,0,1837,19,295,1,570,4
2020-07-17,Cape Verde,57,0,1894,19,341,0,593,4
2020-07-18,Cape Verde,45,1,1939,20,386,1,557,5
2020-07-19,Cape Verde,75,1,2014,21,423,2,594,5
2020-07-20,Cape Verde,29,0,2043,21,345,2,592,4
2020-07-21,Cape Verde,28,0,2071,21,349,2,608,4
2020-07-22,Cape Verde,36,0,2107,21,327,2,608,3
2020-07-23,Cape Verde,47,0,2154,21,317,2,612,3
2020-07-24,Cape Verde,36,0,2190,21,296,2,637,2
2020-07-25,Cape Verde,30,1,2220,22,281,2,667,3
2020-07-26,Cape Verde,38,0,2258,22,244,1,667,3
2020-07-27,Cape Verde,49,0,2307,22,264,1,609,3
2020-07-28,Cape Verde,21,0,2328,22,257,1,606,3
2020-07-29,Cape Verde,26,0,2354,22,247,1,574,3
2020-07-30,Cape Verde,19,1,2373,23,219,2,536,4
2020-07-31,Cape Verde,0,0,2373,23,183,2,479,4
2020-08-01,Cape Verde,78,0,2451,23,231,1,512,3
2020-08-02,Cape Verde,29,1,2480,24,222,2,466,3
2020-08-03,Cape Verde,67,0,2547,24,240,2,504,3
2020-08-04,Cape Verde,36,1,2583,25,255,3,512,4
2020-08-05,Cape Verde,48,1,2631,26,277,4,524,5
2020-08-06,Cape Verde,58,1,2689,27,316,4,535,6
2020-08-07,Cape Verde,45,0,2734,27,361,4,544,6
2020-08-08,Cape Verde,46,2,2780,29,329,6,560,7
2020-08-09,Cape Verde,55,3,2835,32,355,8,577,10
2020-08-10,Cape Verde,23,0,2858,32,311,8,551,10
2020-08-11,Cape Verde,25,0,2883,32,300,7,555,10
2020-08-12,Cape Verde,37,1,2920,33,289,7,566,11
2020-08-13,Cape Verde,80,0,3000,33,311,6,627,10
2020-08-14,Cape Verde,73,0,3073,33,339,6,700,10
2020-08-15,Cape Verde,63,0,3136,33,356,4,685,10
2020-08-16,Cape Verde,27,1,3163,34,328,2,683,10
2020-08-17,Cape Verde,16,1,3179,35,321,3,632,11
2020-08-18,Cape Verde,24,1,3203,36,320,4,620,11
2020-08-19,Cape Verde,50,0,3253,36,333,3,622,10
2020-08-20,Cape Verde,68,0,3321,36,321,3,632,9
2020-08-21,Cape Verde,47,1,3368,37,295,4,634,10
2020-08-22,Cape Verde,44,0,3412,37,276,4,632,8
2020-08-23,Cape Verde,43,0,3455,37,292,3,620,5
2020-08-24,Cape Verde,54,0,3509,37,330,2,651,5
2020-08-25,Cape Verde,23,0,3532,37,329,1,649,5
2020-08-26,Cape Verde,36,0,3568,37,315,1,648,4
2020-08-27,Cape Verde,62,1,3630,38,309,2,630,5
2020-08-28,Cape Verde,69,0,3699,38,331,1,626,5
2020-08-29,Cape Verde,46,0,3745,38,333,1,609,5
2020-08-30,Cape Verde,33,1,3778,39,323,2,615,5
2020-08-31,Cape Verde,74,1,3852,40,343,3,673,5
2020-04-01,Cayman Islands,2,0,14,1,11,0,0,0
2020-04-02,Cayman Islands,8,0,22,1,19,0,22,1
2020-04-03,Cayman Islands,6,0,28,1,22,0,27,1
2020-04-04,Cayman Islands,1,0,29,1,21,0,26,0
2020-04-05,Cayman Islands,6,0,35,1,27,0,32,0
2020-04-06,Cayman Islands,4,0,39,1,31,0,36,0
2020-04-07,Cayman Islands,0,0,39,1,27,0,36,0
2020-04-08,Cayman Islands,6,0,45,1,31,0,42,0
2020-04-09,Cayman Islands,0,0,45,1,23,0,42,0
2020-04-10,Cayman Islands,0,0,45,1,17,0,39,0
2020-04-11,Cayman Islands,0,0,45,1,16,0,37,0
2020-04-12,Cayman Islands,8,0,53,1,18,0,45,0
2020-04-13,Cayman Islands,0,0,53,1,14,0,45,0
2020-04-14,Cayman Islands,0,0,53,1,14,0,41,0
2020-04-15,Cayman Islands,1,0,54,1,9,0,40,0
2020-04-16,Cayman Islands,6,0,60,1,15,0,38,0
2020-04-17,Cayman Islands,1,0,61,1,16,0,33,0
2020-04-18,Cayman Islands,0,0,61,1,16,0,32,0
2020-04-19,Cayman Islands,0,0,61,1,8,0,26,0
2020-04-20,Cayman Islands,0,0,61,1,8,0,22,0
2020-04-21,Cayman Islands,5,0,66,1,13,0,27,0
2020-04-22,Cayman Islands,0,0,66,1,12,0,21,0
2020-04-23,Cayman Islands,0,0,66,1,6,0,21,0
2020-04-24,Cayman Islands,0,0,66,1,5,0,21,0
2020-04-25,Cayman Islands,0,0,66,1,5,0,21,0
2020-04-26,Cayman Islands,4,0,70,1,9,0,17,0
2020-04-27,Cayman Islands,0,0,70,1,9,0,17,0
2020-04-28,Cayman Islands,0,0,70,1,4,0,17,0
2020-04-29,Cayman Islands,0,0,70,1,4,0,16,0
2020-04-30,Cayman Islands,3,0,73,1,7,0,13,0
2020-05-01,Cayman Islands,0,0,73,1,7,0,12,0
2020-05-02,Cayman Islands,1,0,74,1,8,0,13,0
2020-05-03,Cayman Islands,0,0,74,1,4,0,13,0
2020-05-04,Cayman Islands,0,0,74,1,4,0,13,0
2020-05-05,Cayman Islands,1,0,75,1,5,0,9,0
2020-05-06,Cayman Islands,0,0,75,1,5,0,9,0
2020-05-07,Cayman Islands,3,0,78,1,5,0,12,0
2020-05-08,Cayman Islands,0,0,78,1,5,0,12,0
2020-05-09,Cayman Islands,3,0,81,1,7,0,15,0
2020-05-10,Cayman Islands,0,0,81,1,7,0,11,0
2020-05-11,Cayman Islands,0,0,81,1,7,0,11,0
2020-05-12,Cayman Islands,3,0,84,1,9,0,14,0
2020-05-13,Cayman Islands,1,0,85,1,10,0,15,0
2020-05-14,Cayman Islands,0,0,85,1,7,0,12,0
2020-05-15,Cayman Islands,8,0,93,1,15,0,20,0
2020-05-16,Cayman Islands,0,0,93,1,12,0,19,0
2020-05-17,Cayman Islands,1,0,94,1,13,0,20,0
2020-05-18,Cayman Islands,0,0,94,1,13,0,20,0
2020-05-19,Cayman Islands,0,0,94,1,10,0,19,0
2020-05-20,Cayman Islands,17,0,111,1,26,0,36,0
2020-05-21,Cayman Islands,0,0,111,1,26,0,33,0
2020-05-22,Cayman Islands,0,0,111,1,18,0,33,0
2020-05-23,Cayman Islands,10,0,121,1,28,0,40,0
2020-05-24,Cayman Islands,8,0,129,1,35,0,48,0
2020-05-25,Cayman Islands,0,0,129,1,35,0,48,0
2020-05-26,Cayman Islands,5,0,134,1,40,0,50,0
2020-05-27,Cayman Islands,3,0,137,1,26,0,52,0
2020-05-28,Cayman Islands,3,0,140,1,29,0,55,0
2020-05-29,Cayman Islands,0,0,140,1,29,0,47,0
2020-05-30,Cayman Islands,1,0,141,1,20,0,48,0
2020-05-31,Cayman Islands,0,0,141,1,12,0,47,0
2020-06-01,Cayman Islands,0,0,141,1,12,0,47,0
2020-06-02,Cayman Islands,9,0,150,1,16,0,56,0
2020-06-03,Cayman Islands,1,0,151,1,14,0,40,0
2020-06-04,Cayman Islands,5,0,156,1,16,0,45,0
2020-06-05,Cayman Islands,4,0,160,1,20,0,49,0
2020-06-06,Cayman Islands,4,0,164,1,23,0,43,0
2020-06-07,Cayman Islands,0,0,164,1,23,0,35,0
2020-06-08,Cayman Islands,0,0,164,1,23,0,35,0
2020-06-09,Cayman Islands,7,0,171,1,21,0,37,0
2020-06-10,Cayman Islands,5,0,176,1,25,0,39,0
2020-06-11,Cayman Islands,4,0,180,1,24,0,40,0
2020-06-12,Cayman Islands,0,0,180,1,20,0,40,0
2020-06-13,Cayman Islands,7,0,187,1,23,0,46,0
2020-06-14,Cayman Islands,0,0,187,1,23,0,46,0
2020-06-15,Cayman Islands,0,0,187,1,23,0,46,0
2020-06-16,Cayman Islands,0,0,187,1,16,0,37,0
2020-06-17,Cayman Islands,6,0,193,1,17,0,42,0
2020-06-18,Cayman Islands,0,0,193,1,13,0,37,0
2020-06-19,Cayman Islands,0,0,193,1,13,0,33,0
2020-06-20,Cayman Islands,2,0,195,1,8,0,31,0
2020-06-21,Cayman Islands,0,0,195,1,8,0,31,0
2020-06-22,Cayman Islands,0,0,195,1,8,0,31,0
2020-06-23,Cayman Islands,0,0,195,1,8,0,24,0
2020-06-24,Cayman Islands,0,0,195,1,2,0,19,0
2020-06-25,Cayman Islands,1,0,196,1,3,0,16,0
2020-06-26,Cayman Islands,0,0,196,1,3,0,16,0
2020-06-27,Cayman Islands,0,0,196,1,1,0,9,0
2020-06-28,Cayman Islands,0,0,196,1,1,0,9,0
2020-06-29,Cayman Islands,0,0,196,1,1,0,9,0
2020-06-30,Cayman Islands,3,0,199,1,4,0,12,0
2020-07-01,Cayman Islands,1,0,200,1,5,0,7,0
2020-07-02,Cayman Islands,1,0,201,1,5,0,8,0
2020-07-03,Cayman Islands,0,0,201,1,5,0,8,0
2020-07-04,Cayman Islands,0,0,201,1,5,0,6,0
2020-07-05,Cayman Islands,0,0,201,1,5,0,6,0
2020-07-06,Cayman Islands,0,0,201,1,5,0,6,0
2020-07-07,Cayman Islands,0,0,201,1,2,0,6,0
2020-07-08,Cayman Islands,0,0,201,1,1,0,6,0
2020-07-09,Cayman Islands,0,0,201,1,0,0,5,0
2020-07-10,Cayman Islands,0,0,201,1,0,0,5,0
2020-07-11,Cayman Islands,0,0,201,1,0,0,5,0
2020-07-12,Cayman Islands,0,0,201,1,0,0,5,0
2020-07-13,Cayman Islands,0,0,201,1,0,0,5,0
2020-07-14,Cayman Islands,0,0,201,1,0,0,2,0
2020-07-15,Cayman Islands,2,0,203,1,2,0,3,0
2020-07-16,Cayman Islands,0,0,203,1,2,0,2,0
2020-07-17,Cayman Islands,0,0,203,1,2,0,2,0
2020-07-18,Cayman Islands,0,0,203,1,2,0,2,0
2020-07-19,Cayman Islands,0,0,203,1,2,0,2,0
2020-07-20,Cayman Islands,0,0,203,1,2,0,2,0
2020-07-21,Cayman Islands,0,0,203,1,2,0,2,0
2020-07-22,Cayman Islands,0,0,203,1,0,0,2,0
2020-07-23,Cayman Islands,0,0,203,1,0,0,2,0
2020-07-24,Cayman Islands,0,0,203,1,0,0,2,0
2020-07-25,Cayman Islands,0,0,203,1,0,0,2,0
2020-07-26,Cayman Islands,0,0,203,1,0,0,2,0
2020-07-27,Cayman Islands,0,0,203,1,0,0,2,0
2020-07-28,Cayman Islands,0,0,203,1,0,0,2,0
2020-07-29,Cayman Islands,0,0,203,1,0,0,0,0
2020-07-30,Cayman Islands,0,0,203,1,0,0,0,0
2020-07-31,Cayman Islands,0,0,203,1,0,0,0,0
2020-08-01,Cayman Islands,0,0,203,1,0,0,0,0
2020-08-02,Cayman Islands,0,0,203,1,0,0,0,0
2020-08-03,Cayman Islands,0,0,203,1,0,0,0,0
2020-08-04,Cayman Islands,0,0,203,1,0,0,0,0
2020-08-05,Cayman Islands,0,0,203,1,0,0,0,0
2020-08-06,Cayman Islands,0,0,203,1,0,0,0,0
2020-08-07,Cayman Islands,0,0,203,1,0,0,0,0
2020-08-08,Cayman Islands,0,0,203,1,0,0,0,0
2020-08-09,Cayman Islands,0,0,203,1,0,0,0,0
2020-08-10,Cayman Islands,0,0,203,1,0,0,0,0
2020-08-11,Cayman Islands,0,0,203,1,0,0,0,0
2020-08-12,Cayman Islands,0,0,203,1,0,0,0,0
2020-08-13,Cayman Islands,0,0,203,1,0,0,0,0
2020-08-14,Cayman Islands,0,0,203,1,0,0,0,0
2020-08-15,Cayman Islands,0,0,203,1,0,0,0,0
2020-08-16,Cayman Islands,0,0,203,1,0,0,0,0
2020-08-17,Cayman Islands,0,0,203,1,0,0,0,0
2020-08-18,Cayman Islands,0,0,203,1,0,0,0,0
2020-08-19,Cayman Islands,0,0,203,1,0,0,0,0
2020-08-20,Cayman Islands,2,0,205,1,2,0,2,0
2020-08-21,Cayman Islands,0,0,205,1,2,0,2,0
2020-08-22,Cayman Islands,0,0,205,1,2,0,2,0
2020-08-23,Cayman Islands,0,0,205,1,2,0,2,0
2020-08-24,Cayman Islands,0,0,205,1,2,0,2,0
2020-08-25,Cayman Islands,0,0,205,1,2,0,2,0
2020-08-26,Cayman Islands,0,0,205,1,2,0,2,0
2020-08-27,Cayman Islands,0,0,205,1,0,0,2,0
2020-08-28,Cayman Islands,0,0,205,1,0,0,2,0
2020-08-29,Cayman Islands,0,0,205,1,0,0,2,0
2020-08-30,Cayman Islands,0,0,205,1,0,0,2,0
2020-08-31,Cayman Islands,0,0,205,1,0,0,2,0
2020-04-01,Central African Republic,0,0,6,0,2,0,5,0
2020-04-02,Central African Republic,2,0,8,0,4,0,7,0
2020-04-03,Central African Republic,0,0,8,0,3,0,7,0
2020-04-04,Central African Republic,0,0,8,0,3,0,7,0
2020-04-05,Central African Republic,1,0,9,0,3,0,6,0
2020-04-06,Central African Republic,0,0,9,0,3,0,5,0
2020-04-07,Central African Republic,0,0,9,0,3,0,5,0
2020-04-08,Central African Republic,0,0,9,0,3,0,5,0
2020-04-09,Central African Republic,1,0,10,0,2,0,6,0
2020-04-10,Central African Republic,1,0,11,0,3,0,6,0
2020-04-11,Central African Republic,0,0,11,0,3,0,6,0
2020-04-12,Central African Republic,0,0,11,0,2,0,5,0
2020-04-13,Central African Republic,0,0,11,0,2,0,5,0
2020-04-14,Central African Republic,0,0,11,0,2,0,5,0
2020-04-15,Central African Republic,0,0,11,0,2,0,5,0
2020-04-16,Central African Republic,0,0,11,0,1,0,3,0
2020-04-17,Central African Republic,1,0,12,0,1,0,4,0
2020-04-18,Central African Republic,0,0,12,0,1,0,4,0
2020-04-19,Central African Republic,0,0,12,0,1,0,3,0
2020-04-20,Central African Republic,0,0,12,0,1,0,3,0
2020-04-21,Central African Republic,0,0,12,0,1,0,3,0
2020-04-22,Central African Republic,2,0,14,0,3,0,5,0
2020-04-23,Central African Republic,2,0,16,0,5,0,6,0
2020-04-24,Central African Republic,1,0,17,0,5,0,6,0
2020-04-25,Central African Republic,2,0,19,0,7,0,8,0
2020-04-26,Central African Republic,0,0,19,0,7,0,8,0
2020-04-27,Central African Republic,0,0,19,0,7,0,8,0
2020-04-28,Central African Republic,31,0,50,0,38,0,39,0
2020-04-29,Central African Republic,0,0,50,0,36,0,39,0
2020-04-30,Central African Republic,0,0,50,0,34,0,39,0
2020-05-01,Central African Republic,0,0,50,0,33,0,38,0
2020-05-02,Central African Republic,22,0,72,0,53,0,60,0
2020-05-03,Central African Republic,0,0,72,0,53,0,60,0
2020-05-04,Central African Republic,0,0,72,0,53,0,60,0
2020-05-05,Central African Republic,22,0,94,0,44,0,82,0
2020-05-06,Central African Republic,0,0,94,0,44,0,80,0
2020-05-07,Central African Republic,0,0,94,0,44,0,78,0
2020-05-08,Central African Republic,0,0,94,0,44,0,77,0
2020-05-09,Central African Republic,49,0,143,0,71,0,124,0
2020-05-10,Central African Republic,0,0,143,0,71,0,124,0
2020-05-11,Central African Republic,36,0,179,0,107,0,160,0
2020-05-12,Central African Republic,0,0,179,0,85,0,129,0
2020-05-13,Central African Republic,0,0,179,0,85,0,129,0
2020-05-14,Central African Republic,18,0,197,0,103,0,147,0
2020-05-15,Central African Republic,24,0,221,0,127,0,171,0
2020-05-16,Central African Republic,80,0,301,0,158,0,229,0
2020-05-17,Central African Republic,26,0,327,0,184,0,255,0
2020-05-18,Central African Republic,0,0,327,0,148,0,255,0
2020-05-19,Central African Republic,9,0,336,0,157,0,242,0
2020-05-20,Central African Republic,75,0,411,0,232,0,317,0
2020-05-21,Central African Republic,0,0,411,0,214,0,317,0
2020-05-22,Central African Republic,25,0,436,0,215,0,342,0
2020-05-23,Central African Republic,43,0,479,0,178,0,336,0
2020-05-24,Central African Republic,73,1,552,1,225,1,409,1
2020-05-25,Central African Republic,52,0,604,1,277,1,425,1
2020-05-26,Central African Republic,48,0,652,1,316,1,473,1
2020-05-27,Central African Republic,19,0,671,1,260,1,492,1
2020-05-28,Central African Republic,31,0,702,1,291,1,505,1
2020-05-29,Central African Republic,53,0,755,1,319,1,534,1
2020-05-30,Central African Republic,119,0,874,1,395,1,573,1
2020-05-31,Central African Republic,88,0,962,1,410,0,635,1
2020-06-01,Central African Republic,49,1,1011,2,407,1,684,2
2020-06-02,Central African Republic,58,2,1069,4,417,3,733,4
2020-06-03,Central African Republic,104,0,1173,4,502,3,762,4
2020-06-04,Central African Republic,16,0,1189,4,487,3,778,4
2020-06-05,Central African Republic,99,0,1288,4,533,3,852,4
2020-06-06,Central African Republic,163,0,1451,4,577,3,972,4
2020-06-07,Central African Republic,119,1,1570,5,608,4,1018,4
2020-06-08,Central African Republic,64,0,1634,5,623,3,1030,4
2020-06-09,Central African Republic,216,0,1850,5,781,1,1198,4
2020-06-10,Central African Republic,38,0,1888,5,715,1,1217,4
2020-06-11,Central African Republic,64,1,1952,6,763,2,1250,5
2020-06-12,Central African Republic,92,1,2044,7,756,3,1289,6
2020-06-13,Central African Republic,13,0,2057,7,606,3,1183,6
2020-06-14,Central African Republic,0,0,2057,7,487,2,1095,6
2020-06-15,Central African Republic,165,0,2222,7,588,2,1211,5
2020-06-16,Central African Republic,67,3,2289,10,439,5,1220,6
2020-06-17,Central African Republic,121,4,2410,14,522,9,1237,10
2020-06-18,Central African Republic,154,4,2564,18,612,12,1375,14
2020-06-19,Central African Republic,41,1,2605,19,561,12,1317,15
2020-06-20,Central African Republic,0,0,2605,19,548,12,1154,15
2020-06-21,Central African Republic,203,4,2808,23,751,16,1238,18
2020-06-22,Central African Republic,0,0,2808,23,586,16,1174,18
2020-06-23,Central African Republic,155,7,2963,30,674,20,1113,25
2020-06-24,Central African Republic,88,7,3051,37,641,23,1163,32
2020-06-25,Central African Republic,48,1,3099,38,535,20,1147,32
2020-06-26,Central African Republic,145,2,3244,40,639,21,1200,33
2020-06-27,Central African Republic,96,0,3340,40,735,21,1283,33
2020-06-28,Central African Republic,89,5,3429,45,621,22,1372,38
2020-06-29,Central African Republic,0,0,3429,45,621,22,1207,38
2020-06-30,Central African Republic,184,2,3613,47,650,17,1324,37
2020-07-01,Central African Republic,132,0,3745,47,694,10,1335,33
2020-07-02,Central African Republic,0,0,3745,47,646,9,1181,29
2020-07-03,Central African Republic,78,1,3823,48,579,8,1218,29
2020-07-04,Central African Republic,95,0,3918,48,578,8,1313,29
2020-07-05,Central African Republic,51,0,3969,48,540,3,1161,25
2020-07-06,Central African Republic,0,0,3969,48,540,3,1161,25
2020-07-07,Central African Republic,64,4,4033,52,420,5,1070,22
2020-07-08,Central African Republic,38,0,4071,52,326,5,1020,15
2020-07-09,Central African Republic,38,0,4109,52,364,5,1010,14
2020-07-10,Central African Republic,91,0,4200,52,377,4,956,12
2020-07-11,Central African Republic,59,1,4259,53,341,5,919,13
2020-07-12,Central African Republic,29,0,4288,53,319,5,859,8
2020-07-13,Central African Republic,0,0,4288,53,319,5,859,8
2020-07-14,Central African Republic,33,0,4321,53,288,1,708,6
2020-07-15,Central African Republic,35,0,4356,53,285,1,611,6
2020-07-16,Central African Republic,6,0,4362,53,253,1,617,6
2020-07-17,Central African Republic,11,0,4373,53,173,1,550,5
2020-07-18,Central African Republic,16,0,4389,53,130,0,471,5
2020-07-19,Central African Republic,96,2,4485,55,197,2,516,7
2020-07-20,Central African Republic,0,0,4485,55,197,2,516,7
2020-07-21,Central African Republic,63,0,4548,55,227,2,515,3
2020-07-22,Central African Republic,13,0,4561,55,205,2,490,3
2020-07-23,Central African Republic,13,2,4574,57,212,4,465,5
2020-07-24,Central African Republic,16,1,4590,58,217,5,390,6
2020-07-25,Central African Republic,3,1,4593,59,204,6,334,6
2020-07-26,Central African Republic,5,0,4598,59,113,4,310,6
2020-07-27,Central African Republic,1,0,4599,59,114,4,311,6
2020-07-28,Central African Republic,0,0,4599,59,51,4,278,6
2020-07-29,Central African Republic,0,0,4599,59,38,4,243,6
2020-07-30,Central African Republic,6,0,4605,59,31,2,243,6
2020-07-31,Central African Republic,0,0,4605,59,15,1,232,6
2020-08-01,Central African Republic,3,0,4608,59,15,0,219,6
2020-08-02,Central African Republic,6,0,4614,59,16,0,129,4
2020-08-03,Central African Republic,0,0,4614,59,15,0,129,4
2020-08-04,Central African Republic,0,0,4614,59,15,0,66,4
2020-08-05,Central African Republic,4,0,4618,59,19,0,57,4
2020-08-06,Central African Republic,0,0,4618,59,13,0,44,2
2020-08-07,Central African Republic,2,0,4620,59,15,0,30,1
2020-08-08,Central African Republic,21,0,4641,59,33,0,48,0
2020-08-09,Central African Republic,0,1,4641,60,27,1,43,1
2020-08-10,Central African Republic,0,0,4641,60,27,1,42,1
2020-08-11,Central African Republic,0,0,4641,60,27,1,42,1
2020-08-12,Central African Republic,6,1,4647,61,29,2,48,2
2020-08-13,Central African Republic,5,0,4652,61,34,2,47,2
2020-08-14,Central African Republic,0,0,4652,61,32,2,47,2
2020-08-15,Central African Republic,0,0,4652,61,11,2,44,2
2020-08-16,Central African Republic,0,0,4652,61,11,1,38,2
2020-08-17,Central African Republic,0,0,4652,61,11,1,38,2
2020-08-18,Central African Republic,15,0,4667,61,26,1,53,2
2020-08-19,Central African Republic,12,0,4679,61,32,0,61,2
2020-08-20,Central African Republic,0,0,4679,61,27,0,61,2
2020-08-21,Central African Republic,0,0,4679,61,27,0,59,2
2020-08-22,Central African Republic,0,0,4679,61,27,0,38,2
2020-08-23,Central African Republic,0,0,4679,61,27,0,38,1
2020-08-24,Central African Republic,0,0,4679,61,27,0,38,1
2020-08-25,Central African Republic,0,0,4679,61,12,0,38,1
2020-08-26,Central African Republic,12,0,4691,61,12,0,44,0
2020-08-27,Central African Republic,7,0,4698,61,19,0,46,0
2020-08-28,Central African Republic,0,0,4698,61,19,0,46,0
2020-08-29,Central African Republic,2,0,4700,61,21,0,48,0
2020-08-30,Central African Republic,0,0,4700,61,21,0,48,0
2020-08-31,Central African Republic,0,0,4700,61,21,0,48,0
2020-04-01,Chad,0,0,7,0,4,0,0,0
2020-04-02,Chad,0,0,7,0,4,0,7,0
2020-04-03,Chad,0,0,7,0,2,0,6,0
2020-04-04,Chad,0,0,7,0,2,0,6,0
2020-04-05,Chad,1,0,8,0,3,0,6,0
2020-04-06,Chad,1,0,9,0,4,0,7,0
2020-04-07,Chad,0,0,9,0,2,0,7,0
2020-04-08,Chad,0,0,9,0,2,0,6,0
2020-04-09,Chad,1,0,10,0,3,0,7,0
2020-04-10,Chad,1,0,11,0,4,0,6,0
2020-04-11,Chad,0,0,11,0,4,0,6,0
2020-04-12,Chad,0,0,11,0,3,0,6,0
2020-04-13,Chad,4,0,15,0,6,0,10,0
2020-04-14,Chad,8,0,23,0,14,0,16,0
2020-04-15,Chad,0,0,23,0,14,0,16,0
2020-04-16,Chad,4,0,27,0,17,0,20,0
2020-04-17,Chad,0,0,27,0,16,0,20,0
2020-04-18,Chad,6,0,33,0,22,0,26,0
2020-04-19,Chad,0,0,33,0,22,0,25,0
2020-04-20,Chad,0,0,33,0,18,0,24,0
2020-04-21,Chad,0,0,33,0,10,0,24,0
2020-04-22,Chad,1,0,34,0,11,0,25,0
2020-04-23,Chad,0,0,34,0,7,0,24,0
2020-04-24,Chad,6,0,40,0,13,0,29,0
2020-04-25,Chad,0,0,40,0,7,0,29,0
2020-04-26,Chad,0,0,40,0,7,0,29,0
2020-04-27,Chad,6,0,46,0,13,0,31,0
2020-04-28,Chad,0,0,46,0,13,0,23,0
2020-04-29,Chad,6,2,52,2,18,2,29,2
2020-04-30,Chad,0,0,52,2,18,2,25,2
2020-05-01,Chad,21,3,73,5,33,5,46,5
2020-05-02,Chad,0,0,73,5,33,5,40,5
2020-05-03,Chad,44,5,117,10,77,10,84,10
2020-05-04,Chad,0,0,117,10,71,10,84,10
2020-05-05,Chad,0,0,117,10,71,10,84,10
2020-05-06,Chad,53,7,170,17,118,15,136,17
2020-05-07,Chad,0,0,170,17,118,15,136,17
2020-05-08,Chad,83,10,253,27,180,22,213,27
2020-05-09,Chad,7,1,260,28,187,23,220,28
2020-05-10,Chad,62,3,322,31,205,21,282,31
2020-05-11,Chad,0,0,322,31,205,21,276,31
2020-05-12,Chad,0,0,322,31,205,21,276,31
2020-05-13,Chad,35,9,357,40,187,23,305,38
2020-05-14,Chad,15,2,372,42,202,25,320,40
2020-05-15,Chad,27,4,399,46,146,19,326,41
2020-05-16,Chad,29,2,428,48,168,20,355,43
2020-05-17,Chad,46,2,474,50,152,19,357,40
2020-05-18,Chad,29,3,503,53,181,22,386,43
2020-05-19,Chad,16,0,519,53,197,22,402,43
2020-05-20,Chad,26,3,545,56,188,16,375,39
2020-05-21,Chad,20,1,565,57,193,15,395,40
2020-05-22,Chad,23,1,588,58,189,12,335,31
2020-05-23,Chad,23,1,611,59,183,11,351,31
2020-05-24,Chad,37,1,648,60,174,10,326,29
2020-05-25,Chad,27,0,675,60,172,7,353,29
2020-05-26,Chad,12,1,687,61,168,8,365,30
2020-05-27,Chad,13,1,700,62,155,6,343,22
2020-05-28,Chad,15,2,715,64,150,7,343,22
2020-05-29,Chad,11,1,726,65,138,7,327,19
2020-05-30,Chad,33,0,759,65,148,6,331,17
2020-05-31,Chad,0,0,759,65,111,5,285,15
2020-06-01,Chad,19,0,778,65,103,5,275,12
2020-06-02,Chad,12,1,790,66,103,5,271,13
2020-06-03,Chad,13,0,803,66,103,4,258,10
2020-06-04,Chad,17,0,820,66,105,2,255,9
2020-06-05,Chad,8,0,828,66,102,1,240,8
2020-06-06,Chad,8,2,836,68,77,3,225,9
2020-06-07,Chad,0,1,836,69,77,4,188,9
2020-06-08,Chad,1,0,837,69,59,4,162,9
2020-06-09,Chad,2,1,839,70,49,4,152,9
2020-06-10,Chad,5,1,844,71,41,5,144,9
2020-06-11,Chad,2,1,846,72,26,6,131,8
2020-06-12,Chad,2,0,848,72,20,6,122,7
2020-06-13,Chad,0,0,848,72,12,4,89,7
2020-06-14,Chad,0,0,848,72,12,3,89,7
2020-06-15,Chad,2,1,850,73,13,4,72,8
2020-06-16,Chad,0,0,850,73,11,3,60,7
2020-06-17,Chad,3,1,853,74,9,3,50,8
2020-06-18,Chad,1,0,854,74,8,2,34,8
2020-06-19,Chad,0,0,854,74,6,2,26,8
2020-06-20,Chad,4,0,858,74,10,2,22,6
2020-06-21,Chad,0,0,858,74,10,2,22,5
2020-06-22,Chad,0,0,858,74,8,1,21,5
2020-06-23,Chad,0,0,858,74,8,1,19,4
2020-06-24,Chad,2,0,860,74,7,0,16,3
2020-06-25,Chad,0,0,860,74,6,0,14,2
2020-06-26,Chad,3,0,863,74,9,0,15,2
2020-06-27,Chad,2,0,865,74,7,0,17,2
2020-06-28,Chad,0,0,865,74,7,0,17,2
2020-06-29,Chad,1,0,866,74,8,0,16,1
2020-06-30,Chad,0,0,866,74,8,0,16,1
2020-07-01,Chad,0,0,866,74,6,0,13,0
2020-07-02,Chad,0,0,866,74,6,0,12,0
2020-07-03,Chad,2,0,868,74,5,0,14,0
2020-07-04,Chad,3,0,871,74,6,0,13,0
2020-07-05,Chad,0,0,871,74,6,0,13,0
2020-07-06,Chad,1,0,872,74,6,0,14,0
2020-07-07,Chad,0,0,872,74,6,0,14,0
2020-07-08,Chad,1,0,873,74,7,0,13,0
2020-07-09,Chad,0,0,873,74,7,0,13,0
2020-07-10,Chad,0,0,873,74,5,0,10,0
2020-07-11,Chad,1,0,874,74,3,0,9,0
2020-07-12,Chad,0,0,874,74,3,0,9,0
2020-07-13,Chad,6,1,880,75,8,1,14,1
2020-07-14,Chad,0,0,880,75,8,1,14,1
2020-07-15,Chad,4,0,884,75,11,1,18,1
2020-07-16,Chad,1,0,885,75,12,1,19,1
2020-07-17,Chad,1,0,886,75,13,1,18,1
2020-07-18,Chad,1,0,887,75,13,1,16,1
2020-07-19,Chad,2,0,889,75,15,1,18,1
2020-07-20,Chad,0,0,889,75,9,0,17,1
2020-07-21,Chad,0,0,889,75,9,0,17,1
2020-07-22,Chad,0,0,889,75,5,0,16,1
2020-07-23,Chad,0,0,889,75,4,0,16,1
2020-07-24,Chad,26,0,915,75,29,0,42,1
2020-07-25,Chad,0,0,915,75,28,0,41,1
2020-07-26,Chad,0,0,915,75,26,0,41,1
2020-07-27,Chad,0,0,915,75,26,0,35,0
2020-07-28,Chad,7,0,922,75,33,0,42,0
2020-07-29,Chad,4,0,926,75,37,0,42,0
2020-07-30,Chad,0,0,926,75,37,0,41,0
2020-07-31,Chad,9,0,935,75,20,0,49,0
2020-08-01,Chad,1,0,936,75,21,0,49,0
2020-08-02,Chad,0,0,936,75,21,0,47,0
2020-08-03,Chad,0,0,936,75,21,0,47,0
2020-08-04,Chad,0,0,936,75,14,0,47,0
2020-08-05,Chad,2,0,938,75,12,0,49,0
2020-08-06,Chad,1,0,939,75,13,0,50,0
2020-08-07,Chad,3,1,942,76,7,1,27,1
2020-08-08,Chad,0,0,942,76,6,1,27,1
2020-08-09,Chad,0,0,942,76,6,1,27,1
2020-08-10,Chad,2,0,944,76,8,1,29,1
2020-08-11,Chad,1,0,945,76,9,1,23,1
2020-08-12,Chad,1,0,946,76,8,1,20,1
2020-08-13,Chad,3,0,949,76,10,1,23,1
2020-08-14,Chad,0,0,949,76,7,0,14,1
2020-08-15,Chad,2,0,951,76,9,0,15,1
2020-08-16,Chad,1,0,952,76,10,0,16,1
2020-08-17,Chad,4,0,956,76,12,0,20,1
2020-08-18,Chad,3,0,959,76,14,0,23,1
2020-08-19,Chad,11,0,970,76,24,0,32,1
2020-08-20,Chad,1,0,971,76,22,0,32,1
2020-08-21,Chad,1,0,972,76,23,0,30,0
2020-08-22,Chad,9,0,981,76,30,0,39,0
2020-08-23,Chad,1,0,982,76,30,0,40,0
2020-08-24,Chad,4,0,986,76,30,0,42,0
2020-08-25,Chad,1,0,987,76,28,0,42,0
2020-08-26,Chad,8,1,995,77,25,1,49,1
2020-08-27,Chad,3,0,998,77,27,1,49,1
2020-08-28,Chad,6,0,1004,77,32,1,55,1
2020-08-29,Chad,4,0,1008,77,27,1,57,1
2020-08-30,Chad,0,0,1008,77,26,1,56,1
2020-08-31,Chad,4,0,1012,77,26,1,56,1
2020-04-01,Chile,289,4,2738,12,1816,10,2537,12
2020-04-02,Chile,293,4,3031,16,1889,13,2793,16
2020-04-03,Chile,373,2,3404,18,2098,14,3062,18
2020-04-04,Chile,333,4,3737,22,2127,17,3303,22
2020-04-05,Chile,424,5,4161,27,2252,21,3624,27
2020-04-06,Chile,310,7,4471,34,2332,27,3839,33
2020-04-07,Chile,344,3,4815,37,2366,29,4069,35
2020-04-08,Chile,301,6,5116,43,2378,31,4194,41
2020-04-09,Chile,430,5,5546,48,2515,32,4404,45
2020-04-10,Chile,426,9,5972,57,2568,39,4666,53
2020-04-11,Chile,529,8,6501,65,2764,43,4891,60
2020-04-12,Chile,426,8,6927,73,2766,46,5018,67
2020-04-13,Chile,286,7,7213,80,2742,46,5074,73
2020-04-14,Chile,312,2,7525,82,2710,45,5076,74
2020-04-15,Chile,392,10,7917,92,2801,49,5179,80
2020-04-16,Chile,356,2,8273,94,2727,46,5242,78
2020-04-17,Chile,534,11,8807,105,2835,48,5403,87
2020-04-18,Chile,445,11,9252,116,2751,51,5515,94
2020-04-19,Chile,478,10,9730,126,2803,53,5569,99
2020-04-20,Chile,358,7,10088,133,2875,53,5617,99
2020-04-21,Chile,419,6,10507,139,2982,57,5692,102
2020-04-22,Chile,325,8,10832,147,2915,55,5716,104
2020-04-23,Chile,464,13,11296,160,3023,66,5750,112
2020-04-24,Chile,516,8,11812,168,3005,63,5840,111
2020-04-25,Chile,494,6,12306,174,3054,58,5805,109
2020-04-26,Chile,552,7,12858,181,3128,55,5931,108
2020-04-27,Chile,473,8,13331,189,3243,56,6118,109
2020-04-28,Chile,482,9,13813,198,3306,59,6288,116
2020-04-29,Chile,552,9,14365,207,3533,60,6448,115
2020-04-30,Chile,520,9,14885,216,3589,56,6612,122
2020-05-01,Chile,1138,11,16023,227,4211,59,7216,122
2020-05-02,Chile,985,7,17008,234,4702,60,7756,118
2020-05-03,Chile,1427,13,18435,247,5577,66,8705,121
2020-05-04,Chile,1228,13,19663,260,6332,71,9575,127
2020-05-05,Chile,980,10,20643,270,6830,72,10136,131
2020-05-06,Chile,1373,5,22016,275,7651,68,11184,128
2020-05-07,Chile,1032,6,23048,281,8163,65,11752,121
2020-05-08,Chile,1533,4,24581,285,8558,58,12769,117
2020-05-09,Chile,1391,9,25972,294,8964,60,13666,120
2020-05-10,Chile,1247,10,27219,304,8784,57,14361,123
2020-05-11,Chile,1647,8,28866,312,9203,52,15535,123
2020-05-12,Chile,1197,11,30063,323,9420,53,16250,125
2020-05-13,Chile,1658,12,31721,335,9705,60,17356,128
2020-05-14,Chile,2660,11,34381,346,11333,65,19496,130
2020-05-15,Chile,2659,12,37040,358,12459,73,21017,131
2020-05-16,Chile,2502,36,39542,394,13570,100,22534,160
2020-05-17,Chile,1886,27,41428,421,14209,117,22993,174
2020-05-18,Chile,2353,29,43781,450,14915,138,24118,190
2020-05-19,Chile,2278,28,46059,478,15996,155,25416,208
2020-05-20,Chile,3520,31,49579,509,17858,174,27563,234
2020-05-21,Chile,4038,35,53617,544,19236,198,30569,263
2020-05-22,Chile,3964,45,57581,589,20541,231,33000,304
2020-05-23,Chile,4276,41,61857,630,22315,236,35885,336
2020-05-24,Chile,3536,43,65393,673,23965,252,38174,369
2020-05-25,Chile,3709,45,69102,718,25321,268,40236,406
2020-05-26,Chile,4895,43,73997,761,27938,283,43934,438
2020-05-27,Chile,3964,45,77961,806,28382,297,46240,471
2020-05-28,Chile,4328,35,82289,841,28672,297,47908,495
2020-05-29,Chile,4654,49,86943,890,29362,301,49903,532
2020-05-30,Chile,3695,54,90638,944,28781,314,51096,550
2020-05-31,Chile,4220,53,94858,997,29465,324,53430,576
2020-06-01,Chile,4830,57,99688,1054,30586,336,55907,604
2020-06-02,Chile,5471,59,105159,1113,31162,352,59100,635
2020-06-03,Chile,3527,75,108686,1188,30725,382,59107,679
2020-06-04,Chile,4942,87,113628,1275,31339,434,60011,731
2020-06-05,Chile,4664,81,118292,1356,31349,466,60711,767
2020-06-06,Chile,4207,92,122499,1448,31861,504,60642,818
2020-06-07,Chile,5246,93,127745,1541,32887,544,62352,868
2020-06-08,Chile,6405,649,134150,2190,34462,1136,65048,1472
2020-06-09,Chile,4696,74,138846,2264,33687,1151,64849,1503
2020-06-10,Chile,3913,19,142759,2283,34073,1095,64798,1477
2020-06-11,Chile,5737,192,148496,2475,34868,1200,66207,1634
2020-06-12,Chile,5596,173,154092,2648,35800,1292,67149,1758
2020-06-13,Chile,6754,222,160846,2870,38347,1422,70208,1926
2020-06-14,Chile,6509,231,167355,3101,39610,1560,72497,2104
2020-06-15,Chile,6938,222,174293,3323,40143,1133,74605,2269
2020-06-16,Chile,5143,39,179436,3362,40590,1098,74277,2249
2020-06-17,Chile,5013,21,184449,3383,41690,1100,75763,2195
2020-06-18,Chile,36179,232,220628,3615,72132,1140,107000,2340
2020-06-19,Chile,4475,226,225103,3841,71011,1193,106811,2485
2020-06-20,Chile,6290,252,231393,4093,70547,1223,108894,2645
2020-06-21,Chile,5355,202,236748,4295,69393,1194,109003,2754
2020-06-22,Chile,5607,184,242355,4479,68062,1156,108205,2289
2020-06-23,Chile,4608,23,246963,4502,67527,1140,108117,2238
2020-06-24,Chile,3804,3,250767,4505,66318,1122,108008,2222
2020-06-25,Chile,3649,226,254416,4731,33788,1116,105920,2256
2020-06-26,Chile,4648,172,259064,4903,33961,1062,104972,2255
2020-06-27,Chile,4296,165,263360,5068,31967,975,102514,2198
2020-06-28,Chile,4406,279,267766,5347,31018,1052,100411,2246
2020-06-29,Chile,4216,162,271982,5509,29627,1030,97689,2186
2020-06-30,Chile,4017,66,275999,5575,29036,1073,96563,2213
2020-07-01,Chile,3394,113,279393,5688,28626,1183,94944,2305
2020-07-02,Chile,2650,65,282043,5753,27627,1022,61415,2138
2020-07-03,Chile,2498,167,284541,5920,25477,1017,59438,2079
2020-07-04,Chile,3548,131,288089,6051,24729,983,56696,1958
2020-07-05,Chile,3758,141,291847,6192,24081,845,55099,1897
2020-07-06,Chile,3685,116,295532,6308,23550,799,53177,1829
2020-07-07,Chile,3025,76,298557,6384,22558,809,51594,1882
2020-07-08,Chile,2462,50,301019,6434,21626,746,50252,1929
2020-07-09,Chile,2064,139,303083,6573,21040,820,48667,1842
2020-07-10,Chile,3133,109,306216,6682,21675,762,47152,1779
2020-07-11,Chile,3058,99,309274,6781,21185,730,45914,1713
2020-07-12,Chile,2755,100,312029,6881,20182,689,44263,1534
2020-07-13,Chile,3012,98,315041,6979,19509,671,43059,1470
2020-07-14,Chile,2616,45,317657,7024,19100,640,41658,1449
2020-07-15,Chile,1836,45,319493,7069,18474,635,40100,1381
2020-07-16,Chile,1712,117,321205,7186,18122,613,39162,1433
2020-07-17,Chile,2493,104,323698,7290,17482,608,39157,1370
2020-07-18,Chile,2841,1057,326539,8347,17265,1566,38450,2296
2020-07-19,Chile,2307,98,328846,8445,16817,1564,36999,2253
2020-07-20,Chile,2084,58,330930,8503,15889,1524,35398,2195
2020-07-21,Chile,2099,130,333029,8633,15372,1609,34472,2249
2020-07-22,Chile,1654,44,334683,8677,15190,1608,33664,2243
2020-07-23,Chile,1719,45,336402,8722,15197,1536,33319,2149
2020-07-24,Chile,2357,116,338759,8838,15061,1548,32543,2156
2020-07-25,Chile,2545,76,341304,8914,14765,567,32030,2133
2020-07-26,Chile,2288,106,343592,9020,14746,575,31563,2139
2020-07-27,Chile,2198,92,345790,9112,14860,609,30749,2133
2020-07-28,Chile,2133,75,347923,9187,14894,554,30266,2163
2020-07-29,Chile,1877,53,349800,9240,15117,563,30307,2171
2020-07-30,Chile,1775,38,351575,9278,15173,556,30370,2092
2020-07-31,Chile,1961,99,353536,9377,14777,539,29838,2087
2020-08-01,Chile,2131,80,355667,9457,14363,543,29128,1110
2020-08-02,Chile,1991,76,357658,9533,14066,513,28812,1088
2020-08-03,Chile,2073,75,359731,9608,13941,496,28801,1105
2020-08-04,Chile,1762,99,361493,9707,13570,520,28464,1074
2020-08-05,Chile,1469,38,362962,9745,13162,505,28279,1068
2020-08-06,Chile,1761,47,364723,9792,13148,514,28321,1070
2020-08-07,Chile,1948,97,366671,9889,13135,512,27912,1051
2020-08-08,Chile,2154,69,368825,9958,13158,501,27521,1044
2020-08-09,Chile,2198,53,371023,10011,13365,478,27431,991
2020-08-10,Chile,2033,66,373056,10077,13325,469,27266,965
2020-08-11,Chile,1988,62,375044,10139,13551,432,27121,952
2020-08-12,Chile,1572,39,376616,10178,13654,433,26816,938
2020-08-13,Chile,1552,27,378168,10205,13445,413,26593,927
2020-08-14,Chile,1866,94,380034,10299,13363,410,26498,922
2020-08-15,Chile,2077,41,382111,10340,13286,382,26444,883
2020-08-16,Chile,1791,55,383902,10395,12879,384,26244,862
2020-08-17,Chile,2044,57,385946,10452,12890,375,26215,844
2020-08-18,Chile,1556,61,387502,10513,12458,374,26009,806
2020-08-19,Chile,1353,33,388855,10546,12239,368,25893,801
2020-08-20,Chile,1182,32,390037,10578,11869,373,25314,786
2020-08-21,Chile,1812,93,391849,10671,11815,372,25178,782
2020-08-22,Chile,1920,52,393769,10723,11658,383,24944,765
2020-08-23,Chile,1939,69,395708,10792,11806,397,24685,781
2020-08-24,Chile,1957,60,397665,10852,11719,400,24609,775
2020-08-25,Chile,1903,64,399568,10916,12066,403,24524,777
2020-08-26,Chile,1417,42,400985,10958,12130,412,24369,780
2020-08-27,Chile,1380,32,402365,10990,12328,412,24197,785
2020-08-28,Chile,1737,82,404102,11072,12253,401,24068,773
2020-08-29,Chile,1870,60,405972,11132,12203,409,23861,792
2020-08-30,Chile,2037,49,408009,11181,12301,389,24107,786
2020-08-31,Chile,1965,63,409974,11244,12309,392,24028,792
2020-04-01,China,54,1,82295,3310,664,25,1209,69
2020-04-02,China,100,6,82395,3316,662,25,1265,67
2020-04-03,China,70,10,82465,3326,638,30,1236,73
2020-04-04,China,62,4,82527,3330,581,31,1246,71
2020-04-05,China,48,3,82575,3333,516,29,1229,68
2020-04-06,China,67,2,82642,3335,485,29,1158,61
2020-04-07,China,56,0,82698,3335,457,26,1145,54
2020-04-08,China,86,2,82784,3337,489,27,1153,52
2020-04-09,China,86,2,82870,3339,475,23,1137,48
2020-04-10,China,55,1,82925,3340,460,14,1098,44
2020-04-11,China,79,3,83004,3343,477,13,1058,44
2020-04-12,China,93,0,83097,3343,522,10,1038,39
2020-04-13,China,112,2,83209,3345,567,10,1052,39
2020-04-14,China,94,0,83303,3345,605,10,1062,36
2020-04-15,China,49,1,83352,3346,568,9,1057,36
2020-04-16,China,50,0,83402,3346,532,7,1007,30
2020-04-17,China,352,1290,83754,4636,829,1296,1289,1310
2020-04-18,China,31,0,83785,4636,781,1293,1258,1306
2020-04-19,China,18,0,83803,4636,706,1293,1228,1303
2020-04-20,China,14,0,83817,4636,608,1291,1175,1301
2020-04-21,China,32,0,83849,4636,546,1291,1151,1301
2020-04-22,China,15,0,83864,4636,512,1290,1080,1299
2020-04-23,China,12,0,83876,4636,474,1290,1006,1297
2020-04-24,China,8,0,83884,4636,130,0,959,1296
2020-04-25,China,15,0,83899,4636,114,0,895,1293
2020-04-26,China,10,0,83909,4636,106,0,812,1293
2020-04-27,China,3,1,83912,4637,95,1,703,1292
2020-04-28,China,26,0,83938,4637,89,1,635,1292
2020-04-29,China,2,0,83940,4637,76,1,588,1291
2020-04-30,China,4,0,83944,4637,68,1,542,1291
2020-05-01,China,12,0,83956,4637,72,1,202,1
2020-05-02,China,3,0,83959,4637,60,1,174,1
2020-05-03,China,2,0,83961,4637,52,1,158,1
2020-05-04,China,3,0,83964,4637,52,0,147,1
2020-05-05,China,2,0,83966,4637,28,0,117,1
2020-05-06,China,2,0,83968,4637,28,0,104,1
2020-05-07,China,2,0,83970,4637,26,0,94,1
2020-05-08,China,6,0,83976,4637,20,0,92,1
2020-05-09,China,0,0,83976,4637,17,0,77,1
2020-05-10,China,15,0,83991,4637,30,0,82,1
2020-05-11,China,19,0,84010,4637,46,0,98,0
2020-05-12,China,1,0,84011,4637,45,0,73,0
2020-05-13,China,7,0,84018,4637,50,0,78,0
2020-05-14,China,6,0,84024,4637,54,0,80,0
2020-05-15,China,5,0,84029,4637,53,0,73,0
2020-05-16,China,9,0,84038,4637,62,0,79,0
2020-05-17,China,6,1,84044,4638,53,1,83,1
2020-05-18,China,10,0,84054,4638,44,1,90,1
2020-05-19,China,9,0,84063,4638,52,1,97,1
2020-05-20,China,2,0,84065,4638,47,1,97,1
2020-05-21,China,2,0,84067,4638,43,1,97,1
2020-05-22,China,12,0,84079,4638,50,1,103,1
2020-05-23,China,2,0,84081,4638,43,1,105,1
2020-05-24,China,3,0,84084,4638,40,0,93,1
2020-05-25,China,11,0,84095,4638,41,0,85,1
2020-05-26,China,7,0,84102,4638,39,0,91,1
2020-05-27,China,1,0,84103,4638,38,0,85,1
2020-05-28,China,3,0,84106,4638,39,0,82,1
2020-05-29,China,0,0,84106,4638,27,0,77,1
2020-05-30,China,17,0,84123,4638,42,0,85,1
2020-05-31,China,5,0,84128,4638,44,0,84,0
2020-06-01,China,19,0,84147,4638,52,0,93,0
2020-06-02,China,7,0,84154,4638,52,0,91,0
2020-06-03,China,5,0,84159,4638,56,0,94,0
2020-06-04,China,1,0,84160,4638,54,0,93,0
2020-06-05,China,11,0,84171,4638,65,0,92,0
2020-06-06,China,6,0,84177,4638,54,0,96,0
2020-06-07,China,9,0,84186,4638,58,0,102,0
2020-06-08,China,5,0,84191,4638,44,0,96,0
2020-06-09,China,3,0,84194,4638,40,0,92,0
2020-06-10,China,4,0,84198,4638,39,0,95,0
2020-06-11,China,11,0,84209,4638,49,0,103,0
2020-06-12,China,7,0,84216,4638,45,0,110,0
2020-06-13,China,12,0,84228,4638,51,0,105,0
2020-06-14,China,60,0,84288,4638,102,0,160,0
2020-06-15,China,47,0,84335,4638,144,0,188,0
2020-06-16,China,43,0,84378,4638,184,0,224,0
2020-06-17,China,44,0,84422,4638,224,0,263,0
2020-06-18,China,36,0,84458,4638,249,0,298,0
2020-06-19,China,36,0,84494,4638,278,0,323,0
2020-06-20,China,30,0,84524,4638,296,0,347,0
2020-06-21,China,29,1,84553,4639,265,1,367,1
2020-06-22,China,19,0,84572,4639,237,1,381,1
2020-06-23,China,52,0,84624,4639,246,1,430,1
2020-06-24,China,29,1,84653,4640,231,2,455,2
2020-06-25,China,20,0,84673,4640,215,2,464,2
2020-06-26,China,28,1,84701,4641,207,3,485,3
2020-06-27,China,24,0,84725,4641,201,3,497,3
2020-06-28,China,18,0,84743,4641,190,2,455,3
2020-06-29,China,14,0,84757,4641,185,2,422,3
2020-06-30,China,23,0,84780,4641,156,2,402,3
2020-07-01,China,5,0,84785,4641,132,1,363,3
2020-07-02,China,31,0,84816,4641,143,1,358,3
2020-07-03,China,14,0,84830,4641,129,0,336,3
2020-07-04,China,9,0,84839,4641,114,0,315,3
2020-07-05,China,18,0,84857,4641,114,0,304,2
2020-07-06,China,14,0,84871,4641,114,0,299,2
2020-07-07,China,25,0,84896,4641,116,0,272,2
2020-07-08,China,21,0,84917,4641,132,0,264,1
2020-07-09,China,33,0,84950,4641,134,0,277,1
2020-07-10,China,46,0,84996,4641,166,0,295,0
2020-07-11,China,40,0,85036,4641,197,0,311,0
2020-07-12,China,35,0,85071,4641,214,0,328,0
2020-07-13,China,46,0,85117,4641,246,0,360,0
2020-07-14,China,55,1,85172,4642,276,1,392,1
2020-07-15,China,54,0,85226,4642,309,1,441,1
2020-07-16,China,20,2,85246,4644,296,3,430,3
2020-07-17,China,77,0,85323,4644,327,3,493,3
2020-07-18,China,80,1,85403,4645,367,4,564,4
2020-07-19,China,80,1,85483,4646,412,5,626,5
2020-07-20,China,130,0,85613,4646,496,5,742,5
2020-07-21,China,84,0,85697,4646,525,4,801,5
2020-07-22,China,74,2,85771,4648,545,6,854,7
2020-07-23,China,135,0,85906,4648,660,4,956,7
2020-07-24,China,139,1,86045,4649,722,5,1049,8
2020-07-25,China,157,1,86202,4650,799,5,1166,9
2020-07-26,China,179,2,86381,4652,898,6,1310,11
2020-07-27,China,189,0,86570,4652,957,6,1453,11
2020-07-28,China,213,4,86783,4656,1086,10,1611,14
2020-07-29,China,207,1,86990,4657,1219,9,1764,15
2020-07-30,China,223,2,87213,4659,1307,11,1967,15
2020-07-31,China,276,0,87489,4659,1444,10,2166,15
2020-08-01,China,166,2,87655,4661,1453,11,2252,16
2020-08-02,China,172,6,87827,4667,1446,15,2344,21
2020-08-03,China,158,2,87985,4669,1415,17,2372,23
2020-08-04,China,114,3,88099,4672,1316,16,2402,26
2020-08-05,China,107,4,88206,4676,1216,19,2435,28
2020-08-06,China,122,1,88328,4677,1115,18,2422,29
2020-08-07,China,132,3,88460,4680,971,21,2415,31
2020-08-08,China,120,1,88580,4681,925,20,2378,31
2020-08-09,China,92,0,88672,4681,845,14,2291,29
2020-08-10,China,121,5,88793,4686,808,17,2223,34
2020-08-11,China,113,4,88906,4690,807,18,2123,34
2020-08-12,China,58,3,88964,4693,758,17,1974,36
2020-08-13,China,81,4,89045,4697,717,20,1832,38
2020-08-14,China,99,3,89144,4700,684,20,1655,41
2020-08-15,China,70,1,89214,4701,634,20,1559,40
2020-08-16,China,65,2,89279,4703,607,22,1452,36
2020-08-17,China,96,0,89375,4703,582,17,1390,34
2020-08-18,China,66,0,89441,4703,535,13,1342,31
2020-08-19,China,53,2,89494,4705,530,12,1288,29
2020-08-20,China,33,1,89527,4706,482,9,1199,29
2020-08-21,China,40,3,89567,4709,423,9,1107,29
2020-08-22,China,49,2,89616,4711,402,10,1036,30
2020-08-23,China,38,0,89654,4711,375,8,982,30
2020-08-24,China,41,0,89695,4711,320,8,902,25
2020-08-25,China,23,0,89718,4711,277,8,812,21
2020-08-26,China,34,1,89752,4712,258,7,788,19
2020-08-27,China,32,1,89784,4713,257,7,739,16
2020-08-28,China,30,2,89814,4715,247,6,670,15
2020-08-29,China,22,3,89836,4718,220,7,622,17
2020-08-30,China,27,3,89863,4721,209,10,584,18
2020-08-31,China,32,1,89895,4722,200,11,520,19
2020-04-01,Colombia,108,2,906,16,528,13,841,16
2020-04-02,Colombia,159,1,1065,17,595,13,963,17
2020-04-03,Colombia,96,2,1161,19,670,13,1033,19
2020-04-04,Colombia,106,6,1267,25,728,19,1109,25
2020-04-05,Colombia,139,7,1406,32,798,26,1196,31
2020-04-06,Colombia,79,3,1485,35,783,25,1250,33
2020-04-07,Colombia,94,11,1579,46,781,32,1273,43
2020-04-08,Colombia,201,4,1780,50,874,34,1402,47
2020-04-09,Colombia,274,5,2054,55,989,38,1584,51
2020-04-10,Colombia,169,14,2223,69,1062,50,1732,63
2020-04-11,Colombia,250,11,2473,80,1206,55,1934,74
2020-04-12,Colombia,236,20,2709,100,1303,68,2101,94
2020-04-13,Colombia,67,9,2776,109,1291,74,2074,99
2020-04-14,Colombia,76,3,2852,112,1273,66,2054,98
2020-04-15,Colombia,127,15,2979,127,1199,77,2073,111
2020-04-16,Colombia,126,4,3105,131,1051,76,2040,114
2020-04-17,Colombia,128,13,3233,144,1010,75,2072,125
2020-04-18,Colombia,206,9,3439,153,966,73,2172,128
2020-04-19,Colombia,182,13,3621,166,912,66,2215,134
2020-04-20,Colombia,171,13,3792,179,1016,70,2307,144
2020-04-21,Colombia,185,10,3977,189,1125,77,2398,143
2020-04-22,Colombia,172,7,4149,196,1170,69,2369,146
2020-04-23,Colombia,207,10,4356,206,1251,75,2302,151
2020-04-24,Colombia,205,9,4561,215,1328,71,2338,146
2020-04-25,Colombia,320,10,4881,225,1442,72,2408,145
2020-04-26,Colombia,261,8,5142,233,1521,67,2433,133
2020-04-27,Colombia,237,10,5379,243,1587,64,2603,134
2020-04-28,Colombia,218,10,5597,253,1620,64,2745,141
2020-04-29,Colombia,352,16,5949,269,1800,73,2970,142
2020-04-30,Colombia,262,9,6211,278,1855,72,3106,147
2020-05-01,Colombia,296,15,6507,293,1946,78,3274,149
2020-05-02,Colombia,499,21,7006,314,2125,89,3567,161
2020-05-03,Colombia,279,10,7285,324,2143,91,3664,158
2020-05-04,Colombia,383,16,7668,340,2289,97,3876,161
2020-05-05,Colombia,305,18,7973,358,2376,105,3996,169
2020-05-06,Colombia,640,20,8613,378,2664,109,4464,182
2020-05-07,Colombia,346,19,8959,397,2748,119,4603,191
2020-05-08,Colombia,497,10,9456,407,2949,114,4895,192
2020-05-09,Colombia,595,21,10051,428,3045,114,5170,203
2020-05-10,Colombia,444,17,10495,445,3210,121,5353,212
2020-05-11,Colombia,568,18,11063,463,3395,123,5684,220
2020-05-12,Colombia,550,16,11613,479,3640,121,6016,226
2020-05-13,Colombia,659,14,12272,493,3659,115,6323,224
2020-05-14,Colombia,658,16,12930,509,3971,112,6719,231
2020-05-15,Colombia,680,16,13610,525,4154,118,7103,232
2020-05-16,Colombia,606,21,14216,546,4165,118,7210,232
2020-05-17,Colombia,723,16,14939,562,4444,117,7654,238
2020-05-18,Colombia,635,12,15574,574,4511,111,7906,234
2020-05-19,Colombia,721,18,16295,592,4682,113,8322,234
2020-05-20,Colombia,640,21,16935,613,4663,120,8322,235
2020-05-21,Colombia,752,17,17687,630,4757,121,8728,233
2020-05-22,Colombia,643,22,18330,652,4720,127,8874,245
2020-05-23,Colombia,801,30,19131,682,4915,136,9080,254
2020-05-24,Colombia,1046,23,20177,705,5238,143,9682,260
2020-05-25,Colombia,998,22,21175,727,5601,153,10112,264
2020-05-26,Colombia,806,23,21981,750,5686,158,10368,271
2020-05-27,Colombia,1022,26,23003,776,6068,163,10731,283
2020-05-28,Colombia,1101,27,24104,803,6417,173,11174,294
2020-05-29,Colombia,1262,19,25366,822,7036,170,11756,297
2020-05-30,Colombia,1322,31,26688,853,7557,171,12472,307
2020-05-31,Colombia,1548,37,28236,890,8059,185,13297,328
2020-06-01,Colombia,1147,49,29383,939,8208,212,13809,365
2020-06-02,Colombia,1110,30,30493,969,8512,219,14198,377
2020-06-03,Colombia,1340,40,31833,1009,8830,233,14898,396
2020-06-04,Colombia,1521,36,33354,1045,9250,242,15667,415
2020-06-05,Colombia,1766,42,35120,1087,9754,265,16790,435
2020-06-06,Colombia,1515,58,36635,1145,9947,292,17504,463
2020-06-07,Colombia,1392,60,38027,1205,9791,315,17850,500
2020-06-08,Colombia,1209,54,39236,1259,9853,320,18061,532
2020-06-09,Colombia,1483,49,40719,1308,10226,339,18738,558
2020-06-10,Colombia,1359,64,42078,1372,10245,363,19075,596
2020-06-11,Colombia,1604,61,43682,1433,10328,388,19578,630
2020-06-12,Colombia,0,0,43682,1433,8562,346,18316,611
2020-06-13,Colombia,3176,112,46858,1545,10223,400,20170,692
2020-06-14,Colombia,1888,47,48746,1592,10719,387,20510,702
2020-06-15,Colombia,2193,75,50939,1667,11703,408,21556,728
2020-06-16,Colombia,2124,59,53063,1726,12344,418,22570,757
2020-06-17,Colombia,1868,75,54931,1801,12853,429,23098,792
2020-06-18,Colombia,2115,63,57046,1864,13364,431,23692,819
2020-06-19,Colombia,3171,86,60217,1950,16535,517,25097,863
2020-06-20,Colombia,3059,95,63276,2045,16418,500,26641,900
2020-06-21,Colombia,2357,81,65633,2126,16887,534,27606,921
2020-06-22,Colombia,3019,111,68652,2237,17713,570,29416,978
2020-06-23,Colombia,2531,73,71183,2310,18120,584,30464,1002
2020-06-24,Colombia,2389,94,73572,2404,18641,603,31494,1032
2020-06-25,Colombia,3541,87,77113,2491,20067,627,33431,1058
2020-06-26,Colombia,3486,163,80599,2654,20382,704,36917,1221
2020-06-27,Colombia,3843,157,84442,2811,21166,766,37584,1266
2020-06-28,Colombia,4149,128,88591,2939,22958,813,39845,1347
2020-06-29,Colombia,3178,167,91769,3106,23117,869,40830,1439
2020-06-30,Colombia,3274,117,95043,3223,23860,913,41980,1497
2020-07-01,Colombia,2803,111,97846,3334,24274,930,42915,1533
2020-07-02,Colombia,4163,136,102009,3470,24896,979,44963,1606
2020-07-03,Colombia,4101,171,106110,3641,25511,987,45893,1691
2020-07-04,Colombia,3395,136,109505,3777,25063,966,46229,1732
2020-07-05,Colombia,3884,165,113389,3942,24798,1003,47756,1816
2020-07-06,Colombia,3721,122,117110,4064,25341,958,48458,1827
2020-07-07,Colombia,3171,146,120281,4210,25238,987,49098,1900
2020-07-08,Colombia,4213,149,124494,4359,26648,1025,50922,1955
2020-07-09,Colombia,4144,168,128638,4527,26629,1057,51525,2036
2020-07-10,Colombia,5335,187,133973,4714,27863,1073,53374,2060
2020-07-11,Colombia,6803,211,140776,4925,31271,1148,56334,2114
2020-07-12,Colombia,4586,194,145362,5119,31973,1177,56771,2180
2020-07-13,Colombia,5083,188,150445,5307,33335,1243,58676,2201
2020-07-14,Colombia,3782,148,154227,5455,33946,1245,59184,2232
2020-07-15,Colombia,5671,170,159898,5625,35404,1266,62052,2291
2020-07-16,Colombia,5271,189,165169,5814,36531,1287,63160,2344
2020-07-17,Colombia,8037,215,173206,6029,39233,1315,67096,2388
2020-07-18,Colombia,8934,259,182140,6288,41364,1363,72635,2511
2020-07-19,Colombia,8560,228,190700,6516,45338,1397,77311,2574
2020-07-20,Colombia,6578,220,197278,6736,46833,1429,80168,2672
2020-07-21,Colombia,6727,193,204005,6929,49778,1474,83724,2719
2020-07-22,Colombia,7033,237,211038,7166,51140,1541,86544,2807
2020-07-23,Colombia,7390,207,218428,7373,53259,1559,89790,2846
2020-07-24,Colombia,7945,315,226373,7688,53167,1659,92400,2974
2020-07-25,Colombia,7168,287,233541,7975,51401,1687,92765,3050
2020-07-26,Colombia,7254,294,240795,8269,50095,1753,95433,3150
2020-07-27,Colombia,8181,256,248976,8525,51698,1789,98531,3218
2020-07-28,Colombia,8125,252,257101,8777,53096,1848,102874,3322
2020-07-29,Colombia,10284,297,267385,9074,56347,1908,107487,3449
2020-07-30,Colombia,8670,380,276055,9454,57627,2081,110886,3640
2020-07-31,Colombia,9965,356,286020,9810,59647,2122,112814,3781
2020-08-01,Colombia,9488,295,295508,10105,61967,2130,113368,3817
2020-08-02,Colombia,10673,225,306181,10330,65386,2061,115481,3814
2020-08-03,Colombia,11470,320,317651,10650,68675,2125,120373,3914
2020-08-04,Colombia,10199,367,327850,11017,70749,2240,123845,4088
2020-08-05,Colombia,7129,298,334979,11315,67594,2241,123941,4149
2020-08-06,Colombia,10735,309,345714,11624,69659,2170,127286,4251
2020-08-07,Colombia,11996,315,357710,11939,71690,2129,131337,4251
2020-08-08,Colombia,9486,311,367196,12250,71688,2145,133655,4275
2020-08-09,Colombia,9674,290,376870,12540,70689,2210,136075,4271
2020-08-10,Colombia,10611,302,387481,12842,69830,2192,138505,4317
2020-08-11,Colombia,10142,312,397623,13154,69773,2137,140522,4377
2020-08-12,Colombia,12830,321,410453,13475,75474,2160,143068,4401
2020-08-13,Colombia,12066,362,422519,13837,76805,2213,146464,4383
2020-08-14,Colombia,11286,308,433805,14145,76095,2206,147785,4335
2020-08-15,Colombia,11306,347,445111,14492,77915,2242,149603,4387
2020-08-16,Colombia,11578,318,456689,14810,79819,2270,150508,4480
2020-08-17,Colombia,11643,287,468332,15097,80851,2255,150681,4447
2020-08-18,Colombia,8328,275,476660,15372,79037,2218,148810,4355
2020-08-19,Colombia,12462,247,489122,15619,78669,2144,154143,4304
2020-08-20,Colombia,13056,360,502178,15979,79659,2142,156464,4355
2020-08-21,Colombia,11541,204,513719,16183,79914,2038,156009,4244
2020-08-22,Colombia,8419,385,522138,16568,77027,2076,154942,4318
2020-08-23,Colombia,10965,400,533103,16968,76414,2158,156233,4428
2020-08-24,Colombia,8044,348,541147,17316,72815,2219,153666,4474
2020-08-25,Colombia,10549,296,551696,17612,75036,2240,154073,4458
2020-08-26,Colombia,10432,277,562128,17889,73006,2270,151675,4414
2020-08-27,Colombia,10142,295,572270,18184,70092,2205,149751,4347
2020-08-28,Colombia,9752,284,582022,18468,68303,2285,148217,4323
2020-08-29,Colombia,8498,299,590520,18767,68382,2199,145409,4275
2020-08-30,Colombia,9394,297,599914,19064,66811,2096,143225,4254
2020-08-31,Colombia,8024,300,607938,19364,66791,2048,139606,4267
2020-04-01,Comoros,0,0,0,0,0,0,0,0
2020-04-02,Comoros,0,0,0,0,0,0,0,0
2020-04-03,Comoros,0,0,0,0,0,0,0,0
2020-04-04,Comoros,0,0,0,0,0,0,0,0
2020-04-05,Comoros,0,0,0,0,0,0,0,0
2020-04-06,Comoros,0,0,0,0,0,0,0,0
2020-04-07,Comoros,0,0,0,0,0,0,0,0
2020-04-08,Comoros,0,0,0,0,0,0,0,0
2020-04-09,Comoros,0,0,0,0,0,0,0,0
2020-04-10,Comoros,0,0,0,0,0,0,0,0
2020-04-11,Comoros,0,0,0,0,0,0,0,0
2020-04-12,Comoros,0,0,0,0,0,0,0,0
2020-04-13,Comoros,0,0,0,0,0,0,0,0
2020-04-14,Comoros,0,0,0,0,0,0,0,0
2020-04-15,Comoros,0,0,0,0,0,0,0,0
2020-04-16,Comoros,0,0,0,0,0,0,0,0
2020-04-17,Comoros,0,0,0,0,0,0,0,0
2020-04-18,Comoros,0,0,0,0,0,0,0,0
2020-04-19,Comoros,0,0,0,0,0,0,0,0
2020-04-20,Comoros,0,0,0,0,0,0,0,0
2020-04-21,Comoros,0,0,0,0,0,0,0,0
2020-04-22,Comoros,0,0,0,0,0,0,0,0
2020-04-23,Comoros,0,0,0,0,0,0,0,0
2020-04-24,Comoros,0,0,0,0,0,0,0,0
2020-04-25,Comoros,0,0,0,0,0,0,0,0
2020-04-26,Comoros,0,0,0,0,0,0,0,0
2020-04-27,Comoros,0,0,0,0,0,0,0,0
2020-04-28,Comoros,0,0,0,0,0,0,0,0
2020-04-29,Comoros,0,0,0,0,0,0,0,0
2020-04-30,Comoros,0,0,0,0,0,0,0,0
2020-05-02,Comoros,1,0,1,0,0,0,0,0
2020-05-03,Comoros,0,0,1,0,0,0,0,0
2020-05-04,Comoros,2,0,3,0,0,0,0,0
2020-05-05,Comoros,1,1,4,1,0,0,0,0
2020-05-06,Comoros,0,0,4,1,0,0,0,0
2020-05-07,Comoros,4,0,8,1,0,0,0,0
2020-05-08,Comoros,0,0,8,1,8,1,0,0
2020-05-09,Comoros,0,0,8,1,7,1,0,0
2020-05-10,Comoros,3,0,11,1,10,1,0,0
2020-05-11,Comoros,0,0,11,1,8,1,0,0
2020-05-12,Comoros,0,0,11,1,7,0,0,0
2020-05-13,Comoros,0,0,11,1,7,0,0,0
2020-05-14,Comoros,0,0,11,1,3,0,0,0
2020-05-15,Comoros,0,0,11,1,3,0,11,1
2020-05-16,Comoros,0,0,11,1,3,0,10,1
2020-05-17,Comoros,0,0,11,1,0,0,10,1
2020-05-18,Comoros,0,0,11,1,0,0,8,1
2020-05-19,Comoros,0,0,11,1,0,0,7,0
2020-05-20,Comoros,23,0,34,1,23,0,30,0
2020-05-21,Comoros,0,0,34,1,23,0,26,0
2020-05-22,Comoros,0,0,34,1,23,0,26,0
2020-05-23,Comoros,44,0,78,1,67,0,70,0
2020-05-24,Comoros,0,0,78,1,67,0,67,0
2020-05-25,Comoros,9,0,87,1,76,0,76,0
2020-05-26,Comoros,0,0,87,1,76,0,76,0
2020-05-27,Comoros,0,0,87,1,53,0,76,0
2020-05-28,Comoros,0,1,87,2,53,1,76,1
2020-05-29,Comoros,0,0,87,2,53,1,76,1
2020-05-30,Comoros,0,0,87,2,9,1,76,1
2020-05-31,Comoros,19,0,106,2,28,1,95,1
2020-06-01,Comoros,0,0,106,2,19,1,95,1
2020-06-02,Comoros,0,0,106,2,19,1,95,1
2020-06-03,Comoros,26,0,132,2,45,1,98,1
2020-06-04,Comoros,0,0,132,2,45,0,98,1
2020-06-05,Comoros,0,0,132,2,45,0,98,1
2020-06-06,Comoros,0,0,132,2,45,0,54,1
2020-06-07,Comoros,9,0,141,2,35,0,63,1
2020-06-08,Comoros,0,0,141,2,35,0,54,1
2020-06-09,Comoros,0,0,141,2,35,0,54,1
2020-06-10,Comoros,21,0,162,2,30,0,75,1
2020-06-11,Comoros,0,0,162,2,30,0,75,0
2020-06-12,Comoros,0,0,162,2,30,0,75,0
2020-06-13,Comoros,0,0,162,2,30,0,75,0
2020-06-14,Comoros,14,0,176,2,35,0,70,0
2020-06-15,Comoros,0,0,176,2,35,0,70,0
2020-06-16,Comoros,0,0,176,2,35,0,70,0
2020-06-17,Comoros,21,1,197,3,35,1,65,1
2020-06-18,Comoros,0,0,197,3,35,1,65,1
2020-06-19,Comoros,13,2,210,5,48,3,78,3
2020-06-20,Comoros,0,0,210,5,48,3,78,3
2020-06-21,Comoros,37,0,247,5,71,3,106,3
2020-06-22,Comoros,0,0,247,5,71,3,106,3
2020-06-23,Comoros,0,0,247,5,71,3,106,3
2020-06-24,Comoros,0,2,247,7,50,4,85,5
2020-06-25,Comoros,0,0,247,7,50,4,85,5
2020-06-26,Comoros,0,0,247,7,37,2,85,5
2020-06-27,Comoros,0,0,247,7,37,2,85,5
2020-06-28,Comoros,0,0,247,7,0,2,71,5
2020-06-29,Comoros,25,0,272,7,25,2,96,5
2020-06-30,Comoros,0,0,272,7,25,2,96,5
2020-07-01,Comoros,31,0,303,7,56,0,106,4
2020-07-02,Comoros,0,0,303,7,56,0,106,4
2020-07-03,Comoros,0,0,303,7,56,0,93,2
2020-07-04,Comoros,6,0,309,7,62,0,99,2
2020-07-05,Comoros,0,0,309,7,62,0,62,2
2020-07-06,Comoros,2,0,311,7,39,0,64,2
2020-07-07,Comoros,0,0,311,7,39,0,64,2
2020-07-08,Comoros,2,0,313,7,10,0,66,0
2020-07-09,Comoros,0,0,313,7,10,0,66,0
2020-07-10,Comoros,0,0,313,7,10,0,66,0
2020-07-11,Comoros,0,0,313,7,4,0,66,0
2020-07-12,Comoros,4,0,317,7,8,0,70,0
2020-07-13,Comoros,0,0,317,7,6,0,45,0
2020-07-14,Comoros,0,0,317,7,6,0,45,0
2020-07-15,Comoros,0,0,317,7,4,0,14,0
2020-07-16,Comoros,4,0,321,7,8,0,18,0
2020-07-17,Comoros,7,0,328,7,15,0,25,0
2020-07-18,Comoros,0,0,328,7,15,0,19,0
2020-07-19,Comoros,0,0,328,7,11,0,19,0
2020-07-20,Comoros,6,0,334,7,17,0,23,0
2020-07-21,Comoros,0,0,334,7,17,0,23,0
2020-07-22,Comoros,3,0,337,7,20,0,24,0
2020-07-23,Comoros,0,0,337,7,16,0,24,0
2020-07-24,Comoros,3,0,340,7,12,0,27,0
2020-07-25,Comoros,0,0,340,7,12,0,27,0
2020-07-26,Comoros,0,0,340,7,12,0,23,0
2020-07-27,Comoros,0,0,340,7,6,0,23,0
2020-07-28,Comoros,0,0,340,7,6,0,23,0
2020-07-29,Comoros,0,0,340,7,3,0,23,0
2020-07-30,Comoros,38,0,378,7,41,0,57,0
2020-07-31,Comoros,0,0,378,7,38,0,50,0
2020-08-01,Comoros,4,0,382,7,42,0,54,0
2020-08-02,Comoros,4,0,386,7,46,0,58,0
2020-08-03,Comoros,0,0,386,7,46,0,52,0
2020-08-04,Comoros,0,0,386,7,46,0,52,0
2020-08-05,Comoros,2,0,388,7,48,0,51,0
2020-08-06,Comoros,0,0,388,7,10,0,51,0
2020-08-07,Comoros,8,0,396,7,18,0,56,0
2020-08-08,Comoros,0,0,396,7,14,0,56,0
2020-08-09,Comoros,3,0,399,7,13,0,59,0
2020-08-10,Comoros,0,0,399,7,13,0,59,0
2020-08-11,Comoros,0,0,399,7,13,0,59,0
2020-08-12,Comoros,0,0,399,7,11,0,59,0
2020-08-13,Comoros,0,0,399,7,11,0,21,0
2020-08-14,Comoros,0,0,399,7,3,0,21,0
2020-08-15,Comoros,0,0,399,7,3,0,17,0
2020-08-16,Comoros,4,0,403,7,4,0,17,0
2020-08-17,Comoros,2,0,405,7,6,0,19,0
2020-08-18,Comoros,0,0,405,7,6,0,19,0
2020-08-19,Comoros,0,0,405,7,6,0,17,0
2020-08-20,Comoros,0,0,405,7,6,0,17,0
2020-08-21,Comoros,1,0,406,7,7,0,10,0
2020-08-22,Comoros,0,0,406,7,7,0,10,0
2020-08-23,Comoros,0,0,406,7,3,0,7,0
2020-08-24,Comoros,11,0,417,7,12,0,18,0
2020-08-25,Comoros,0,0,417,7,12,0,18,0
2020-08-26,Comoros,0,0,417,7,12,0,18,0
2020-08-27,Comoros,0,0,417,7,12,0,18,0
2020-08-28,Comoros,0,0,417,7,11,0,18,0
2020-08-29,Comoros,0,0,417,7,11,0,18,0
2020-08-30,Comoros,5,0,422,7,16,0,19,0
2020-08-31,Comoros,1,0,423,7,6,0,18,0
2020-04-01,Congo,3,2,22,2,18,2,21,2
2020-04-02,Congo,0,0,22,2,18,2,19,2
2020-04-03,Congo,19,1,41,3,37,3,38,3
2020-04-04,Congo,0,0,41,3,37,3,38,3
2020-04-05,Congo,4,2,45,5,26,5,41,5
2020-04-06,Congo,0,0,45,5,26,5,41,5
2020-04-07,Congo,0,0,45,5,26,5,41,5
2020-04-08,Congo,0,0,45,5,23,3,41,5
2020-04-09,Congo,15,0,60,5,38,3,56,5
2020-04-10,Congo,0,0,60,5,19,2,56,5
2020-04-11,Congo,0,0,60,5,19,2,56,5
2020-04-12,Congo,0,0,60,5,15,0,41,5
2020-04-13,Congo,10,0,70,5,25,0,51,5
2020-04-14,Congo,0,0,70,5,25,0,51,5
2020-04-15,Congo,4,0,74,5,29,0,52,3
2020-04-16,Congo,43,0,117,5,57,0,95,3
2020-04-17,Congo,0,0,117,5,57,0,76,2
2020-04-18,Congo,26,1,143,6,83,1,102,3
2020-04-19,Congo,0,0,143,6,83,1,98,1
2020-04-20,Congo,17,0,160,6,90,1,115,1
2020-04-21,Congo,0,0,160,6,90,1,115,1
2020-04-22,Congo,5,0,165,6,91,1,120,1
2020-04-23,Congo,21,0,186,6,69,1,126,1
2020-04-24,Congo,0,0,186,6,69,1,126,1
2020-04-25,Congo,14,0,200,6,57,0,140,1
2020-04-26,Congo,0,2,200,8,57,2,140,3
2020-04-27,Congo,0,0,200,8,40,2,130,3
2020-04-28,Congo,7,0,207,8,47,2,137,3
2020-04-29,Congo,0,0,207,8,42,2,133,3
2020-04-30,Congo,13,1,220,9,34,3,103,4
2020-05-01,Congo,0,0,220,9,34,3,103,4
2020-05-02,Congo,9,1,229,10,29,4,86,4
2020-05-03,Congo,0,0,229,10,29,2,86,4
2020-05-04,Congo,0,0,229,10,29,2,69,4
2020-05-05,Congo,7,0,236,10,29,2,76,4
2020-05-06,Congo,0,0,236,10,29,2,71,4
2020-05-07,Congo,28,0,264,10,44,1,78,4
2020-05-08,Congo,10,0,274,10,54,1,88,4
2020-05-09,Congo,13,0,287,10,58,0,87,4
2020-05-10,Congo,0,0,287,10,58,0,87,2
2020-05-11,Congo,0,0,287,10,58,0,87,2
2020-05-12,Congo,46,1,333,11,97,1,126,3
2020-05-13,Congo,0,0,333,11,97,1,126,3
2020-05-14,Congo,8,0,341,11,77,1,121,2
2020-05-15,Congo,50,4,391,15,117,5,171,6
2020-05-16,Congo,0,0,391,15,104,5,162,5
2020-05-17,Congo,21,0,412,15,125,5,183,5
2020-05-18,Congo,0,0,412,15,125,5,183,5
2020-05-19,Congo,0,0,412,15,79,4,176,5
2020-05-20,Congo,8,0,420,15,87,4,184,5
2020-05-21,Congo,0,0,420,15,79,4,156,5
2020-05-22,Congo,49,1,469,16,78,1,195,6
2020-05-23,Congo,0,0,469,16,78,1,182,6
2020-05-24,Congo,18,0,487,16,75,1,200,6
2020-05-25,Congo,0,0,487,16,75,1,200,6
2020-05-26,Congo,44,1,531,17,119,2,198,6
2020-05-27,Congo,38,2,569,19,149,4,236,8
2020-05-28,Congo,2,0,571,19,151,4,230,8
2020-05-29,Congo,0,0,571,19,102,3,180,4
2020-05-30,Congo,16,0,587,19,118,3,196,4
2020-05-31,Congo,0,0,587,19,100,3,175,4
2020-06-01,Congo,24,1,611,20,124,4,199,5
2020-06-02,Congo,0,0,611,20,80,3,199,5
2020-06-03,Congo,0,0,611,20,42,1,191,5
2020-06-04,Congo,7,0,618,20,47,1,198,5
2020-06-05,Congo,17,0,635,20,64,1,166,4
2020-06-06,Congo,4,0,639,20,52,1,170,4
2020-06-07,Congo,44,2,683,22,96,3,196,6
2020-06-08,Congo,0,0,683,22,72,2,196,6
2020-06-09,Congo,0,0,683,22,72,2,152,5
2020-06-10,Congo,45,2,728,24,117,4,159,5
2020-06-11,Congo,17,1,745,25,127,5,174,6
2020-06-12,Congo,0,0,745,25,110,5,174,6
2020-06-13,Congo,0,0,745,25,106,5,158,6
2020-06-14,Congo,34,0,779,25,96,3,192,6
2020-06-15,Congo,0,0,779,25,96,3,168,5
2020-06-16,Congo,104,2,883,27,200,5,272,7
2020-06-17,Congo,0,0,883,27,155,3,272,7
2020-06-18,Congo,0,0,883,27,138,2,265,7
2020-06-19,Congo,0,0,883,27,138,2,248,7
2020-06-20,Congo,0,0,883,27,138,2,244,7
2020-06-21,Congo,130,1,1013,28,234,3,330,6
2020-06-22,Congo,0,0,1013,28,234,3,330,6
2020-06-23,Congo,74,9,1087,37,204,10,404,15
2020-06-24,Congo,0,0,1087,37,204,10,359,13
2020-06-25,Congo,0,0,1087,37,204,10,342,12
2020-06-26,Congo,117,1,1204,38,321,11,459,13
2020-06-27,Congo,0,0,1204,38,321,11,459,13
2020-06-28,Congo,41,2,1245,40,232,12,466,15
2020-06-29,Congo,0,0,1245,40,232,12,466,15
2020-06-30,Congo,0,0,1245,40,158,3,362,13
2020-07-01,Congo,0,0,1245,40,158,3,362,13
2020-07-02,Congo,137,1,1382,41,295,4,499,14
2020-07-03,Congo,0,0,1382,41,178,3,499,14
2020-07-04,Congo,175,3,1557,44,353,6,674,17
2020-07-05,Congo,0,0,1557,44,312,4,544,16
2020-07-06,Congo,0,0,1557,44,312,4,544,16
2020-07-07,Congo,0,0,1557,44,312,4,470,7
2020-07-08,Congo,0,0,1557,44,312,4,470,7
2020-07-09,Congo,264,3,1821,47,439,6,734,10
2020-07-10,Congo,0,0,1821,47,439,6,617,9
2020-07-11,Congo,207,0,2028,47,471,3,824,9
2020-07-12,Congo,0,0,2028,47,471,3,783,7
2020-07-13,Congo,75,0,2103,47,546,3,858,7
2020-07-14,Congo,0,0,2103,47,546,3,858,7
2020-07-15,Congo,119,0,2222,47,665,3,977,7
2020-07-16,Congo,136,1,2358,48,537,1,976,7
2020-07-17,Congo,0,0,2358,48,537,1,976,7
2020-07-18,Congo,275,1,2633,49,605,2,1076,5
2020-07-19,Congo,0,0,2633,49,605,2,1076,5
2020-07-20,Congo,0,0,2633,49,530,2,1076,5
2020-07-21,Congo,218,1,2851,50,748,3,1294,6
2020-07-22,Congo,0,0,2851,50,629,3,1294,6
2020-07-23,Congo,0,0,2851,50,493,2,1030,3
2020-07-24,Congo,187,1,3038,51,680,3,1217,4
2020-07-25,Congo,0,0,3038,51,405,2,1010,4
2020-07-26,Congo,0,0,3038,51,405,2,1010,4
2020-07-27,Congo,0,0,3038,51,405,2,935,4
2020-07-28,Congo,162,3,3200,54,349,4,1097,7
2020-07-29,Congo,0,0,3200,54,349,4,978,7
2020-07-30,Congo,0,0,3200,54,349,4,842,6
2020-07-31,Congo,176,2,3376,56,338,5,1018,8
2020-08-01,Congo,0,0,3376,56,338,5,743,7
2020-08-02,Congo,11,0,3387,56,349,5,754,7
2020-08-03,Congo,0,0,3387,56,349,5,754,7
2020-08-04,Congo,159,2,3546,58,346,4,695,8
2020-08-05,Congo,0,0,3546,58,346,4,695,8
2020-08-06,Congo,0,0,3546,58,346,4,695,8
2020-08-07,Congo,91,0,3637,58,261,2,599,7
2020-08-08,Congo,0,0,3637,58,261,2,599,7
2020-08-09,Congo,27,0,3664,58,277,2,626,7
2020-08-10,Congo,0,0,3664,58,277,2,626,7
2020-08-11,Congo,0,0,3664,58,118,0,464,4
2020-08-12,Congo,81,2,3745,60,199,2,545,6
2020-08-13,Congo,0,0,3745,60,199,2,545,6
2020-08-14,Congo,0,0,3745,60,108,2,369,4
2020-08-15,Congo,0,0,3745,60,108,2,369,4
2020-08-16,Congo,0,0,3745,60,81,2,358,4
2020-08-17,Congo,90,16,3835,76,171,18,448,20
2020-08-18,Congo,0,0,3835,76,171,18,289,18
2020-08-19,Congo,0,0,3835,76,90,16,289,18
2020-08-20,Congo,15,1,3850,77,105,17,304,19
2020-08-21,Congo,0,0,3850,77,105,17,213,19
2020-08-22,Congo,0,0,3850,77,105,17,213,19
2020-08-23,Congo,0,0,3850,77,105,17,186,19
2020-08-24,Congo,0,0,3850,77,15,1,186,19
2020-08-25,Congo,0,0,3850,77,15,1,186,19
2020-08-26,Congo,129,1,3979,78,144,2,234,18
2020-08-27,Congo,0,0,3979,78,129,1,234,18
2020-08-28,Congo,0,0,3979,78,129,1,234,18
2020-08-29,Congo,0,0,3979,78,129,1,234,18
2020-08-30,Congo,0,0,3979,78,129,1,234,18
2020-08-31,Congo,0,0,3979,78,129,1,144,2
2020-04-01,Costa Rica,17,0,347,2,170,0,297,2
2020-04-02,Costa Rica,28,0,375,2,174,0,306,1
2020-04-03,Costa Rica,21,0,396,2,165,0,309,1
2020-04-04,Costa Rica,20,0,416,2,153,0,303,0
2020-04-05,Costa Rica,19,0,435,2,140,0,318,0
2020-04-06,Costa Rica,19,0,454,2,140,0,320,0
2020-04-07,Costa Rica,13,0,467,2,137,0,309,0
2020-04-08,Costa Rica,16,0,483,2,136,0,306,0
2020-04-09,Costa Rica,19,0,502,2,127,0,301,0
2020-04-10,Costa Rica,37,1,539,3,143,1,308,1
2020-04-11,Costa Rica,19,0,558,3,142,1,295,1
2020-04-12,Costa Rica,19,0,577,3,142,1,282,1
2020-04-13,Costa Rica,18,0,595,3,141,1,281,1
2020-04-14,Costa Rica,17,0,612,3,145,1,282,1
2020-04-15,Costa Rica,6,0,618,3,135,1,271,1
2020-04-16,Costa Rica,8,1,626,4,124,2,251,2
2020-04-17,Costa Rica,16,0,642,4,103,1,246,2
2020-04-18,Costa Rica,7,0,649,4,91,1,233,2
2020-04-19,Costa Rica,6,0,655,4,78,1,220,2
2020-04-20,Costa Rica,5,0,660,4,65,1,206,2
2020-04-21,Costa Rica,2,2,662,6,50,3,195,4
2020-04-22,Costa Rica,7,0,669,6,51,3,186,4
2020-04-23,Costa Rica,12,0,681,6,55,2,179,4
2020-04-24,Costa Rica,6,0,687,6,45,2,148,3
2020-04-25,Costa Rica,0,0,687,6,38,2,129,3
2020-04-26,Costa Rica,6,0,693,6,38,2,116,3
2020-04-27,Costa Rica,2,0,695,6,35,2,100,3
2020-04-28,Costa Rica,2,0,697,6,35,0,85,3
2020-04-29,Costa Rica,8,0,705,6,36,0,87,3
2020-04-30,Costa Rica,8,0,713,6,32,0,87,2
2020-05-01,Costa Rica,6,0,719,6,32,0,77,2
2020-05-02,Costa Rica,6,0,725,6,38,0,76,2
2020-05-03,Costa Rica,8,0,733,6,40,0,78,2
2020-05-04,Costa Rica,6,0,739,6,44,0,79,2
2020-05-05,Costa Rica,3,0,742,6,45,0,80,0
2020-05-06,Costa Rica,13,0,755,6,50,0,86,0
2020-05-07,Costa Rica,6,0,761,6,48,0,80,0
2020-05-08,Costa Rica,4,0,765,6,46,0,78,0
2020-05-09,Costa Rica,8,0,773,6,48,0,86,0
2020-05-10,Costa Rica,7,0,780,6,47,0,87,0
2020-05-11,Costa Rica,12,0,792,6,53,0,97,0
2020-05-12,Costa Rica,9,1,801,7,59,1,104,1
2020-05-13,Costa Rica,3,0,804,7,49,1,99,1
2020-05-14,Costa Rica,11,0,815,7,54,1,102,1
2020-05-15,Costa Rica,15,1,830,8,65,2,111,2
2020-05-16,Costa Rica,13,0,843,8,70,2,118,2
2020-05-17,Costa Rica,10,2,853,10,73,4,120,4
2020-05-18,Costa Rica,10,0,863,10,71,4,124,4
2020-05-19,Costa Rica,3,0,866,10,65,3,124,4
2020-05-20,Costa Rica,16,0,882,10,78,3,127,4
2020-05-21,Costa Rica,15,0,897,10,82,3,136,4
2020-05-22,Costa Rica,6,0,903,10,73,2,138,4
2020-05-23,Costa Rica,8,0,911,10,68,2,138,4
2020-05-24,Costa Rica,7,0,918,10,65,0,138,4
2020-05-25,Costa Rica,12,0,930,10,67,0,138,4
2020-05-26,Costa Rica,21,0,951,10,85,0,150,3
2020-05-27,Costa Rica,5,0,956,10,74,0,152,3
2020-05-28,Costa Rica,28,0,984,10,87,0,169,3
2020-05-29,Costa Rica,16,0,1000,10,97,0,170,2
2020-05-30,Costa Rica,22,0,1022,10,111,0,179,2
2020-05-31,Costa Rica,25,0,1047,10,129,0,194,0
2020-06-01,Costa Rica,9,0,1056,10,126,0,193,0
2020-06-02,Costa Rica,28,0,1084,10,133,0,218,0
2020-06-03,Costa Rica,21,0,1105,10,149,0,223,0
2020-06-04,Costa Rica,52,0,1157,10,173,0,260,0
2020-06-05,Costa Rica,37,0,1194,10,194,0,291,0
2020-06-06,Costa Rica,34,0,1228,10,206,0,317,0
2020-06-07,Costa Rica,35,0,1263,10,216,0,345,0
2020-06-08,Costa Rica,55,0,1318,10,262,0,388,0
2020-06-09,Costa Rica,24,0,1342,10,258,0,391,0
2020-06-10,Costa Rica,33,1,1375,11,270,1,419,1
2020-06-11,Costa Rica,86,1,1461,12,304,2,477,2
2020-06-12,Costa Rica,77,0,1538,12,344,2,538,2
2020-06-13,Costa Rica,74,0,1612,12,384,2,590,2
2020-06-14,Costa Rica,50,0,1662,12,399,2,615,2
2020-06-15,Costa Rica,53,0,1715,12,397,2,659,2
2020-06-16,Costa Rica,29,0,1744,12,402,2,660,2
2020-06-17,Costa Rica,25,0,1769,12,394,1,664,2
2020-06-18,Costa Rica,102,0,1871,12,410,0,714,2
2020-06-19,Costa Rica,68,0,1939,12,401,0,745,2
2020-06-20,Costa Rica,119,0,2058,12,446,0,830,2
2020-06-21,Costa Rica,69,0,2127,12,465,0,864,2
2020-06-22,Costa Rica,86,0,2213,12,498,0,895,2
2020-06-23,Costa Rica,64,0,2277,12,533,0,935,2
2020-06-24,Costa Rica,91,0,2368,12,599,0,993,1
2020-06-25,Costa Rica,147,0,2515,12,644,0,1054,0
2020-06-26,Costa Rica,169,0,2684,12,745,0,1146,0
2020-06-27,Costa Rica,152,0,2836,12,778,0,1224,0
2020-06-28,Costa Rica,143,0,2979,12,852,0,1317,0
2020-06-29,Costa Rica,151,3,3130,15,917,3,1415,3
2020-06-30,Costa Rica,139,0,3269,15,992,3,1525,3
2020-07-01,Costa Rica,190,1,3459,16,1091,4,1690,4
2020-07-02,Costa Rica,294,1,3753,17,1238,5,1882,5
2020-07-03,Costa Rica,270,0,4023,17,1339,5,2084,5
2020-07-04,Costa Rica,288,1,4311,18,1475,6,2253,6
2020-07-05,Costa Rica,310,0,4621,18,1642,6,2494,6
2020-07-06,Costa Rica,375,1,4996,19,1866,4,2783,7
2020-07-07,Costa Rica,245,4,5241,23,1972,8,2964,11
2020-07-08,Costa Rica,245,0,5486,23,2027,7,3118,11
2020-07-09,Costa Rica,350,1,5836,24,2083,7,3321,12
2020-07-10,Costa Rica,649,1,6485,25,2462,8,3801,13
2020-07-11,Costa Rica,360,1,6845,26,2534,8,4009,14
2020-07-12,Costa Rica,386,2,7231,28,2610,10,4252,16
2020-07-13,Costa Rica,365,2,7596,30,2600,11,4466,15
2020-07-14,Costa Rica,440,1,8036,31,2795,8,4767,16
2020-07-15,Costa Rica,446,5,8482,36,2996,13,5023,20
2020-07-16,Costa Rica,504,4,8986,40,3150,16,5233,23
2020-07-17,Costa Rica,560,2,9546,42,3061,17,5523,25
2020-07-18,Costa Rica,423,5,9969,47,3124,21,5658,29
2020-07-19,Costa Rica,582,7,10551,54,3320,26,5930,36
2020-07-20,Costa Rica,563,8,11114,62,3518,32,6118,43
2020-07-21,Costa Rica,420,4,11534,66,3498,35,6293,43
2020-07-22,Costa Rica,277,2,11811,68,3329,32,6325,45
2020-07-23,Costa Rica,550,3,12361,71,3375,31,6525,47
2020-07-24,Costa Rica,768,9,13129,80,3583,38,6644,55
2020-07-25,Costa Rica,540,7,13669,87,3700,40,6824,61
2020-07-26,Costa Rica,931,11,14600,98,4049,44,7369,70
2020-07-27,Costa Rica,629,6,15229,104,4115,42,7633,74
2020-07-28,Costa Rica,612,11,15841,115,4307,49,7805,84
2020-07-29,Costa Rica,503,10,16344,125,4533,57,7862,89
2020-07-30,Costa Rica,456,8,16800,133,4439,62,7814,93
2020-07-31,Costa Rica,490,7,17290,140,4161,60,7744,98
2020-08-01,Costa Rica,530,10,17820,150,4151,63,7851,103
2020-08-02,Costa Rica,367,4,18187,154,3587,56,7636,100
2020-08-03,Costa Rica,788,8,18975,162,3746,58,7861,100
2020-08-04,Costa Rica,427,9,19402,171,3561,56,7868,105
2020-08-05,Costa Rica,435,10,19837,181,3493,56,8026,113
2020-08-06,Costa Rica,580,10,20417,191,3617,58,8056,120
2020-08-07,Costa Rica,653,9,21070,200,3780,60,7941,120
2020-08-08,Costa Rica,1011,18,22081,218,4261,68,8412,131
2020-08-09,Costa Rica,1,10,22082,228,3895,74,7482,130
2020-08-10,Costa Rica,1204,7,23286,235,4311,73,8057,131
2020-08-11,Costa Rica,586,9,23872,244,4470,73,8031,129
2020-08-12,Costa Rica,636,11,24508,255,4671,74,8164,130
2020-08-13,Costa Rica,549,8,25057,263,4640,72,8257,130
2020-08-14,Costa Rica,1072,9,26129,272,5059,72,8839,132
2020-08-15,Costa Rica,802,9,26931,281,4850,63,9111,131
2020-08-16,Costa Rica,806,10,27737,291,5655,63,9550,137
2020-08-17,Costa Rica,728,3,28465,294,5179,59,9490,132
2020-08-18,Costa Rica,619,10,29084,304,5212,60,9682,133
2020-08-19,Costa Rica,559,10,29643,314,5135,59,9806,133
2020-08-20,Costa Rica,766,7,30409,321,5352,58,9992,130
2020-08-21,Costa Rica,666,12,31075,333,4946,61,10005,133
2020-08-22,Costa Rica,1059,7,32134,340,5203,59,10053,122
2020-08-23,Costa Rica,950,8,33084,348,5347,57,11002,120
2020-08-24,Costa Rica,736,7,33820,355,5355,61,10534,120
2020-08-25,Costa Rica,643,7,34463,362,5379,58,10591,118
2020-08-26,Costa Rica,842,14,35305,376,5662,62,10797,121
2020-08-27,Costa Rica,1002,10,36307,386,5898,65,11250,123
2020-08-28,Costa Rica,985,11,37292,397,6217,64,11163,125
2020-08-29,Costa Rica,1193,10,38485,407,6351,67,11554,126
2020-08-30,Costa Rica,1214,11,39699,418,6615,70,11962,127
2020-08-31,Costa Rica,0,0,39699,418,5879,63,11234,124
2020-04-01,Cote d'Ivoire,0,0,168,1,95,1,163,1
2020-04-02,Cote d'Ivoire,22,0,190,1,110,1,184,1
2020-04-03,Cote d'Ivoire,4,0,194,1,98,1,185,1
2020-04-04,Cote d'Ivoire,24,0,218,1,117,1,204,1
2020-04-05,Cote d'Ivoire,27,1,245,2,105,2,228,2
2020-04-06,Cote d'Ivoire,16,1,261,3,96,2,236,3
2020-04-07,Cote d'Ivoire,62,0,323,3,155,2,298,3
2020-04-08,Cote d'Ivoire,26,0,349,3,181,2,276,3
2020-04-09,Cote d'Ivoire,35,0,384,3,194,2,304,3
2020-04-10,Cote d'Ivoire,60,0,444,3,250,2,348,3
2020-04-11,Cote d'Ivoire,36,0,480,3,262,2,379,3
2020-04-12,Cote d'Ivoire,53,1,533,4,288,2,393,4
2020-04-13,Cote d'Ivoire,41,1,574,5,313,2,409,4
2020-04-14,Cote d'Ivoire,52,1,626,6,303,3,458,5
2020-04-15,Cote d'Ivoire,0,0,626,6,277,3,458,5
2020-04-16,Cote d'Ivoire,28,0,654,6,270,3,464,5
2020-04-17,Cote d'Ivoire,34,0,688,6,244,3,494,5
2020-04-18,Cote d'Ivoire,54,0,742,6,262,3,524,5
2020-04-19,Cote d'Ivoire,59,2,801,8,268,4,556,6
2020-04-20,Cote d'Ivoire,46,1,847,9,273,4,586,6
2020-04-21,Cote d'Ivoire,32,1,879,10,253,4,556,7
2020-04-22,Cote d'Ivoire,37,3,916,13,290,7,567,10
2020-04-23,Cote d'Ivoire,36,1,952,14,298,8,568,11
2020-04-24,Cote d'Ivoire,52,0,1004,14,316,8,560,11
2020-04-25,Cote d'Ivoire,73,0,1077,14,335,8,597,11
2020-04-26,Cote d'Ivoire,34,0,1111,14,310,6,578,10
2020-04-27,Cote d'Ivoire,39,0,1150,14,303,5,576,9
2020-04-28,Cote d'Ivoire,14,0,1164,14,285,4,538,8
2020-04-29,Cote d'Ivoire,19,0,1183,14,267,1,557,8
2020-04-30,Cote d'Ivoire,55,0,1238,14,286,0,584,8
2020-05-01,Cote d'Ivoire,37,0,1275,14,271,0,587,8
2020-05-02,Cote d'Ivoire,58,1,1333,15,256,1,591,9
2020-05-03,Cote d'Ivoire,29,0,1362,15,251,1,561,7
2020-05-04,Cote d'Ivoire,36,2,1398,17,248,3,551,8
2020-05-05,Cote d'Ivoire,34,0,1432,17,268,3,553,7
2020-05-06,Cote d'Ivoire,32,1,1464,18,281,4,548,5
2020-05-07,Cote d'Ivoire,52,0,1516,18,278,4,564,4
2020-05-08,Cote d'Ivoire,55,2,1571,20,296,6,567,6
2020-05-09,Cote d'Ivoire,31,0,1602,20,269,5,525,6
2020-05-10,Cote d'Ivoire,65,1,1667,21,305,6,556,7
2020-05-11,Cote d'Ivoire,33,0,1700,21,302,4,550,7
2020-05-12,Cote d'Ivoire,30,0,1730,21,298,4,566,7
2020-05-13,Cote d'Ivoire,127,0,1857,21,393,3,674,7
2020-05-14,Cote d'Ivoire,55,3,1912,24,396,6,674,10
2020-05-15,Cote d'Ivoire,59,0,1971,24,400,4,696,10
2020-05-16,Cote d'Ivoire,46,0,2017,24,415,4,684,9
2020-05-17,Cote d'Ivoire,44,1,2061,25,394,4,699,10
2020-05-18,Cote d'Ivoire,48,2,2109,27,409,6,711,10
2020-05-19,Cote d'Ivoire,10,1,2119,28,389,7,687,11
2020-05-20,Cote d'Ivoire,34,0,2153,28,296,7,689,10
2020-05-21,Cote d'Ivoire,78,1,2231,29,319,5,715,11
2020-05-22,Cote d'Ivoire,0,0,2231,29,260,5,660,9
2020-05-23,Cote d'Ivoire,70,0,2301,29,284,5,699,9
2020-05-24,Cote d'Ivoire,65,1,2366,30,305,5,699,9
2020-05-25,Cote d'Ivoire,10,0,2376,30,267,3,676,9
2020-05-26,Cote d'Ivoire,47,0,2423,30,304,2,693,9
2020-05-27,Cote d'Ivoire,54,0,2477,30,324,2,620,9
2020-05-28,Cote d'Ivoire,79,1,2556,31,325,2,644,7
2020-05-29,Cote d'Ivoire,85,1,2641,32,410,3,670,8
2020-05-30,Cote d'Ivoire,109,0,2750,32,449,3,733,8
2020-05-31,Cote d'Ivoire,49,1,2799,33,433,3,738,8
2020-06-01,Cote d'Ivoire,34,0,2833,33,457,3,724,6
2020-06-02,Cote d'Ivoire,118,0,2951,33,528,3,832,5
2020-06-03,Cote d'Ivoire,73,0,3024,33,547,3,871,5
2020-06-04,Cote d'Ivoire,0,0,3024,33,468,2,793,4
2020-06-05,Cote d'Ivoire,238,2,3262,35,621,3,1031,6
2020-06-06,Cote d'Ivoire,169,1,3431,36,681,4,1130,7
2020-06-07,Cote d'Ivoire,126,0,3557,36,758,3,1191,6
2020-06-08,Cote d'Ivoire,182,0,3739,36,906,3,1363,6
2020-06-09,Cote d'Ivoire,142,2,3881,38,930,5,1458,8
2020-06-10,Cote d'Ivoire,114,0,3995,38,971,5,1518,8
2020-06-11,Cote d'Ivoire,186,3,4181,41,1157,8,1625,10
2020-06-12,Cote d'Ivoire,223,0,4404,41,1142,6,1763,9
2020-06-13,Cote d'Ivoire,280,4,4684,45,1253,9,1934,13
2020-06-14,Cote d'Ivoire,164,0,4848,45,1291,9,2049,12
2020-06-15,Cote d'Ivoire,236,0,5084,45,1345,9,2251,12
2020-06-16,Cote d'Ivoire,355,1,5439,46,1558,8,2488,13
2020-06-17,Cote d'Ivoire,240,0,5679,46,1684,8,2655,13
2020-06-18,Cote d'Ivoire,384,2,6063,48,1882,7,3039,15
2020-06-19,Cote d'Ivoire,0,0,6063,48,1659,7,2801,13
2020-06-20,Cote d'Ivoire,381,1,6444,49,1760,4,3013,13
2020-06-21,Cote d'Ivoire,430,0,6874,49,2026,4,3317,13
2020-06-22,Cote d'Ivoire,618,2,7492,51,2408,6,3753,15
2020-06-23,Cote d'Ivoire,0,3,7492,54,2053,8,3611,16
2020-06-24,Cote d'Ivoire,412,4,7904,58,2225,12,3909,20
2020-06-25,Cote d'Ivoire,0,0,7904,58,1841,10,3723,17
2020-06-26,Cote d'Ivoire,260,0,8164,58,2101,10,3760,17
2020-06-27,Cote d'Ivoire,170,2,8334,60,1890,11,3650,15
2020-06-28,Cote d'Ivoire,405,4,8739,64,1865,15,3891,19
2020-06-29,Cote d'Ivoire,205,2,8944,66,1452,15,3860,21
2020-06-30,Cote d'Ivoire,270,0,9214,66,1722,12,3775,20
2020-07-01,Cote d'Ivoire,285,2,9499,68,1595,10,3820,22
2020-07-02,Cote d'Ivoire,203,0,9702,68,1798,10,3639,20
2020-07-03,Cote d'Ivoire,290,0,9992,68,1828,10,3929,20
2020-07-04,Cote d'Ivoire,252,2,10244,70,1910,10,3800,21
2020-07-05,Cote d'Ivoire,218,2,10462,72,1723,8,3588,23
2020-07-06,Cote d'Ivoire,310,2,10772,74,1828,8,3280,23
2020-07-07,Cote d'Ivoire,194,1,10966,75,1752,9,3474,21
2020-07-08,Cote d'Ivoire,0,0,10966,75,1467,7,3062,17
2020-07-09,Cote d'Ivoire,538,3,11504,78,1802,10,3600,20
2020-07-10,Cote d'Ivoire,246,1,11750,79,1758,11,3586,21
2020-07-11,Cote d'Ivoire,302,2,12052,81,1808,11,3718,21
2020-07-12,Cote d'Ivoire,391,1,12443,82,1981,10,3704,18
2020-07-13,Cote d'Ivoire,323,2,12766,84,1994,10,3822,18
2020-07-14,Cote d'Ivoire,106,0,12872,84,1906,9,3658,18
2020-07-15,Cote d'Ivoire,165,3,13037,87,2071,12,3538,19
2020-07-16,Cote d'Ivoire,366,0,13403,87,1899,9,3701,19
2020-07-17,Cote d'Ivoire,151,0,13554,87,1804,8,3562,19
2020-07-18,Cote d'Ivoire,142,0,13696,87,1644,6,3452,17
2020-07-19,Cote d'Ivoire,216,4,13912,91,1469,9,3450,19
2020-07-20,Cote d'Ivoire,207,1,14119,92,1353,8,3347,18
2020-07-21,Cote d'Ivoire,193,0,14312,92,1440,8,3346,17
2020-07-22,Cote d'Ivoire,219,1,14531,93,1494,6,3565,18
2020-07-23,Cote d'Ivoire,0,0,14531,93,1128,6,3027,15
2020-07-24,Cote d'Ivoire,470,0,15001,93,1447,6,3251,14
2020-07-25,Cote d'Ivoire,252,1,15253,94,1557,7,3201,13
2020-07-26,Cote d'Ivoire,241,0,15494,94,1582,3,3051,12
2020-07-27,Cote d'Ivoire,102,2,15596,96,1477,4,2830,12
2020-07-28,Cote d'Ivoire,59,0,15655,96,1343,4,2783,12
2020-07-29,Cote d'Ivoire,58,2,15713,98,1182,5,2676,11
2020-07-30,Cote d'Ivoire,100,1,15813,99,1282,6,2410,12
2020-07-31,Cote d'Ivoire,165,1,15978,100,977,7,2424,13
2020-08-01,Cote d'Ivoire,69,2,16047,102,794,8,2351,15
2020-08-02,Cote d'Ivoire,62,0,16109,102,615,8,2197,11
2020-08-03,Cote d'Ivoire,73,0,16182,102,586,6,2063,10
2020-08-04,Cote d'Ivoire,38,0,16220,102,565,6,1908,10
2020-08-05,Cote d'Ivoire,73,1,16293,103,580,5,1762,10
2020-08-06,Cote d'Ivoire,56,0,16349,103,536,4,1818,10
2020-08-07,Cote d'Ivoire,98,0,16447,103,469,3,1446,10
2020-08-08,Cote d'Ivoire,77,1,16524,104,477,2,1271,10
2020-08-09,Cote d'Ivoire,96,0,16620,104,511,2,1126,10
2020-08-10,Cote d'Ivoire,95,1,16715,105,533,3,1119,9
2020-08-11,Cote d'Ivoire,83,0,16798,105,578,3,1143,9
2020-08-12,Cote d'Ivoire,49,0,16847,105,554,2,1134,7
2020-08-13,Cote d'Ivoire,0,0,16847,105,498,2,1034,6
2020-08-14,Cote d'Ivoire,42,0,16889,105,442,2,911,5
2020-08-15,Cote d'Ivoire,46,1,16935,106,411,2,888,4
2020-08-16,Cote d'Ivoire,58,2,16993,108,373,4,884,6
2020-08-17,Cote d'Ivoire,33,2,17026,110,311,5,844,8
2020-08-18,Cote d'Ivoire,0,0,17026,110,228,5,806,8
2020-08-19,Cote d'Ivoire,124,0,17150,110,303,5,857,7
2020-08-20,Cote d'Ivoire,82,1,17232,111,385,6,883,8
2020-08-21,Cote d'Ivoire,17,1,17249,112,360,7,802,9
2020-08-22,Cote d'Ivoire,61,0,17310,112,375,6,786,8
2020-08-23,Cote d'Ivoire,64,1,17374,113,381,5,754,9
2020-08-24,Cote d'Ivoire,97,0,17471,113,445,3,756,8
2020-08-25,Cote d'Ivoire,35,1,17506,114,480,4,708,9
2020-08-26,Cote d'Ivoire,56,0,17562,114,412,4,715,9
2020-08-27,Cote d'Ivoire,41,0,17603,114,371,3,756,9
2020-08-28,Cote d'Ivoire,99,1,17702,115,453,3,813,10
2020-08-29,Cote d'Ivoire,95,0,17797,115,487,3,862,9
2020-08-30,Cote d'Ivoire,96,0,17893,115,519,2,900,7
2020-08-31,Cote d'Ivoire,55,0,17948,115,477,2,922,5
2020-04-01,Croatia,77,0,867,6,485,5,798,6
2020-04-02,Croatia,96,0,963,6,545,5,882,6
2020-04-03,Croatia,48,1,1011,7,516,5,907,7
2020-04-04,Croatia,68,1,1079,8,493,5,953,8
2020-04-05,Croatia,47,4,1126,12,469,7,920,12
2020-04-06,Croatia,56,3,1182,15,469,9,947,15
2020-04-07,Croatia,40,1,1222,16,432,10,916,16
2020-04-08,Croatia,60,2,1282,18,415,12,900,17
2020-04-09,Croatia,61,1,1343,19,380,13,925,18
2020-04-10,Croatia,64,1,1407,20,396,13,912,18
2020-04-11,Croatia,88,1,1495,21,416,13,909,18
2020-04-12,Croatia,39,0,1534,21,408,9,877,16
2020-04-13,Croatia,66,2,1600,23,418,8,887,17
2020-04-14,Croatia,50,2,1650,25,428,9,860,19
2020-04-15,Croatia,54,6,1704,31,422,13,837,25
2020-04-16,Croatia,37,3,1741,34,398,15,778,28
2020-04-17,Croatia,50,1,1791,35,384,15,780,28
2020-04-18,Croatia,23,1,1814,36,319,15,735,28
2020-04-19,Croatia,18,3,1832,39,298,18,706,27
2020-04-20,Croatia,39,8,1871,47,271,24,689,32
2020-04-21,Croatia,10,0,1881,47,231,22,659,31
2020-04-22,Croatia,27,1,1908,48,204,17,626,30
2020-04-23,Croatia,42,0,1950,48,209,14,607,29
2020-04-24,Croatia,31,2,1981,50,190,15,574,30
2020-04-25,Croatia,28,1,2009,51,195,15,514,30
2020-04-26,Croatia,7,3,2016,54,184,15,482,33
2020-04-27,Croatia,14,1,2030,55,159,8,430,32
2020-04-28,Croatia,9,4,2039,59,158,12,389,34
2020-04-29,Croatia,8,4,2047,63,139,15,343,32
2020-04-30,Croatia,15,4,2062,67,112,19,321,33
2020-05-01,Croatia,14,2,2076,69,95,19,285,34
2020-05-02,Croatia,9,6,2085,75,76,24,271,39
2020-05-03,Croatia,3,2,2088,77,72,23,256,38
2020-05-04,Croatia,8,2,2096,79,66,24,225,32
2020-05-05,Croatia,5,1,2101,80,62,21,220,33
2020-05-06,Croatia,11,3,2112,83,65,20,204,35
2020-05-07,Croatia,7,2,2119,85,57,18,169,37
2020-05-08,Croatia,6,1,2125,86,49,17,144,36
2020-05-09,Croatia,36,0,2161,86,76,11,152,35
2020-05-10,Croatia,15,1,2176,87,88,10,160,33
2020-05-11,Croatia,11,3,2187,90,91,11,157,35
2020-05-12,Croatia,9,1,2196,91,95,11,157,32
2020-05-13,Croatia,11,0,2207,91,95,8,160,28
2020-05-14,Croatia,6,3,2213,94,94,9,151,27
2020-05-15,Croatia,8,0,2221,94,96,8,145,25
2020-05-16,Croatia,1,1,2222,95,61,9,137,20
2020-05-17,Croatia,2,0,2224,95,48,8,136,18
2020-05-18,Croatia,2,0,2226,95,39,5,130,16
2020-05-19,Croatia,2,0,2228,95,32,4,127,15
2020-05-20,Croatia,4,1,2232,96,25,5,120,13
2020-05-21,Croatia,2,0,2234,96,21,2,115,11
2020-05-22,Croatia,3,1,2237,97,16,3,112,11
2020-05-23,Croatia,6,2,2243,99,21,4,82,13
2020-05-24,Croatia,0,0,2243,99,19,4,67,12
2020-05-25,Croatia,1,0,2244,99,18,4,57,9
2020-05-26,Croatia,0,1,2244,100,16,5,48,9
2020-05-27,Croatia,0,1,2244,101,12,5,37,10
2020-05-28,Croatia,0,0,2244,101,10,5,31,7
2020-05-29,Croatia,1,1,2245,102,8,5,24,8
2020-05-30,Croatia,0,1,2245,103,2,4,23,8
2020-05-31,Croatia,1,0,2246,103,3,4,22,8
2020-06-01,Croatia,0,0,2246,103,2,4,20,8
2020-06-02,Croatia,0,0,2246,103,2,3,18,8
2020-06-03,Croatia,0,0,2246,103,2,2,14,7
2020-06-04,Croatia,0,0,2246,103,2,2,12,7
2020-06-05,Croatia,1,0,2247,103,2,1,10,6
2020-06-06,Croatia,0,0,2247,103,2,0,4,4
2020-06-07,Croatia,0,1,2247,104,1,1,4,5
2020-06-08,Croatia,0,0,2247,104,1,1,3,5
2020-06-09,Croatia,0,0,2247,104,1,1,3,4
2020-06-10,Croatia,0,2,2247,106,1,3,3,5
2020-06-11,Croatia,2,0,2249,106,3,3,5,5
2020-06-12,Croatia,0,0,2249,106,2,3,4,4
2020-06-13,Croatia,0,1,2249,107,2,4,4,4
2020-06-14,Croatia,2,0,2251,107,4,3,5,4
2020-06-15,Croatia,1,0,2252,107,5,3,6,4
2020-06-16,Croatia,2,0,2254,107,7,3,8,4
2020-06-17,Croatia,1,0,2255,107,8,1,9,4
2020-06-18,Croatia,3,0,2258,107,9,1,12,4
2020-06-19,Croatia,11,0,2269,107,20,1,22,4
2020-06-20,Croatia,11,0,2280,107,31,0,33,4
2020-06-21,Croatia,19,0,2299,107,48,0,52,3
2020-06-22,Croatia,18,0,2317,107,65,0,70,3
2020-06-23,Croatia,19,0,2336,107,82,0,89,3
2020-06-24,Croatia,30,0,2366,107,111,0,119,1
2020-06-25,Croatia,22,0,2388,107,130,0,139,1
2020-06-26,Croatia,95,0,2483,107,214,0,234,1
2020-06-27,Croatia,56,0,2539,107,259,0,290,0
2020-06-28,Croatia,85,0,2624,107,325,0,373,0
2020-06-29,Croatia,67,0,2691,107,374,0,439,0
2020-06-30,Croatia,34,0,2725,107,389,0,471,0
2020-07-01,Croatia,52,0,2777,107,411,0,522,0
2020-07-02,Croatia,54,1,2831,108,443,1,573,1
2020-07-03,Croatia,81,2,2912,110,429,3,643,3
2020-07-04,Croatia,96,2,3008,112,469,5,728,5
2020-07-05,Croatia,86,1,3094,113,470,6,795,6
2020-07-06,Croatia,57,0,3151,113,460,6,834,6
2020-07-07,Croatia,69,0,3220,113,495,6,884,6
2020-07-08,Croatia,52,0,3272,113,495,6,906,6
2020-07-09,Croatia,53,1,3325,114,494,6,937,7
2020-07-10,Croatia,91,1,3416,115,504,5,933,8
2020-07-11,Croatia,116,2,3532,117,524,5,993,10
2020-07-12,Croatia,140,1,3672,118,578,5,1048,11
2020-07-13,Croatia,50,1,3722,119,571,6,1031,12
2020-07-14,Croatia,53,0,3775,119,555,6,1050,12
2020-07-15,Croatia,52,0,3827,119,555,6,1050,12
2020-07-16,Croatia,126,0,3953,119,628,5,1122,11
2020-07-17,Croatia,86,0,4039,119,623,4,1127,9
2020-07-18,Croatia,98,1,4137,120,605,3,1129,8
2020-07-19,Croatia,98,0,4235,120,563,2,1141,7
2020-07-20,Croatia,119,0,4354,120,632,1,1203,7
2020-07-21,Croatia,16,2,4370,122,595,3,1150,9
2020-07-22,Croatia,52,0,4422,122,595,3,1150,9
2020-07-23,Croatia,108,3,4530,125,577,6,1205,11
2020-07-24,Croatia,104,3,4634,128,595,9,1218,13
2020-07-25,Croatia,81,0,4715,128,578,8,1183,11
2020-07-26,Croatia,77,5,4792,133,557,13,1120,15
2020-07-27,Croatia,65,3,4857,136,503,16,1135,17
2020-07-28,Croatia,24,3,4881,139,511,17,1106,20
2020-07-29,Croatia,42,1,4923,140,501,18,1096,21
2020-07-30,Croatia,70,1,4993,141,463,16,1040,22
2020-07-31,Croatia,78,3,5071,144,437,16,1032,25
2020-08-01,Croatia,67,1,5138,145,423,17,1001,25
2020-08-02,Croatia,86,0,5224,145,432,12,989,25
2020-08-03,Croatia,36,4,5260,149,403,13,906,29
2020-08-04,Croatia,36,4,5296,153,415,14,926,31
2020-08-05,Croatia,22,1,5318,154,395,14,896,32
2020-08-06,Croatia,58,0,5376,154,383,13,846,29
2020-08-07,Croatia,28,1,5404,155,333,11,770,27
2020-08-08,Croatia,62,0,5466,155,328,10,751,27
2020-08-09,Croatia,77,2,5543,157,319,12,751,24
2020-08-10,Croatia,61,0,5604,157,344,8,747,21
2020-08-11,Croatia,45,1,5649,158,353,5,768,19
2020-08-12,Croatia,91,2,5740,160,422,6,817,20
2020-08-13,Croatia,130,0,5870,160,494,6,877,19
2020-08-14,Croatia,180,1,6050,161,646,6,979,17
2020-08-15,Croatia,208,2,6258,163,792,8,1120,18
2020-08-16,Croatia,162,2,6420,165,877,8,1196,20
2020-08-17,Croatia,151,1,6571,166,967,9,1311,17
2020-08-18,Croatia,85,0,6656,166,1007,8,1360,13
2020-08-19,Croatia,199,0,6855,166,1115,6,1537,12
2020-08-20,Croatia,219,2,7074,168,1204,8,1698,14
2020-08-21,Croatia,255,0,7329,168,1279,7,1925,13
2020-08-22,Croatia,265,1,7594,169,1336,6,2128,14
2020-08-23,Croatia,306,1,7900,170,1480,5,2357,13
2020-08-24,Croatia,275,1,8175,171,1604,5,2571,14
2020-08-25,Croatia,136,2,8311,173,1655,7,2662,15
2020-08-26,Croatia,219,2,8530,175,1675,9,2790,15
2020-08-27,Croatia,358,0,8888,175,1814,7,3018,15
2020-08-28,Croatia,304,2,9192,177,1863,9,3142,16
2020-08-29,Croatia,357,3,9549,180,1955,11,3291,17
2020-08-30,Croatia,312,3,9861,183,1961,13,3441,18
2020-08-31,Croatia,262,1,10123,184,1948,13,3552,18
2020-04-01,Cuba,16,2,186,6,138,5,179,6
2020-04-02,Cuba,26,0,212,6,155,5,201,5
2020-04-03,Cuba,21,0,233,6,166,4,217,5
2020-04-04,Cuba,36,0,269,6,189,4,248,5
2020-04-05,Cuba,19,0,288,6,169,3,263,5
2020-04-06,Cuba,32,2,320,8,181,5,285,7
2020-04-07,Cuba,30,1,350,9,180,5,310,8
2020-04-08,Cuba,46,2,396,11,210,5,348,10
2020-04-09,Cuba,61,1,457,12,245,6,400,11
2020-04-10,Cuba,58,3,515,15,282,9,448,13
2020-04-11,Cuba,49,0,564,15,295,9,484,13
2020-04-12,Cuba,56,1,620,16,332,10,501,13
2020-04-13,Cuba,49,2,669,18,349,10,530,15
2020-04-14,Cuba,57,3,726,21,376,12,556,17
2020-04-15,Cuba,40,0,766,21,370,10,580,15
2020-04-16,Cuba,48,3,814,24,357,12,602,18
2020-04-17,Cuba,48,3,862,27,347,12,629,21
2020-04-18,Cuba,61,4,923,31,359,16,654,25
2020-04-19,Cuba,63,1,986,32,366,16,698,26
2020-04-20,Cuba,49,2,1035,34,366,16,715,26
2020-04-21,Cuba,52,2,1087,36,361,15,737,27
2020-04-22,Cuba,50,2,1137,38,371,17,741,27
2020-04-23,Cuba,52,2,1189,40,375,16,732,28
2020-04-24,Cuba,46,3,1235,43,373,16,720,28
2020-04-25,Cuba,50,6,1285,49,362,18,721,34
2020-04-26,Cuba,52,2,1337,51,351,19,717,35
2020-04-27,Cuba,32,3,1369,54,334,20,700,36
2020-04-28,Cuba,20,2,1389,56,302,20,663,35
2020-04-29,Cuba,48,2,1437,58,300,20,671,37
2020-04-30,Cuba,30,0,1467,58,278,18,653,34
2020-05-01,Cuba,34,3,1501,61,266,18,639,34
2020-05-02,Cuba,36,3,1537,64,252,15,614,33
2020-05-03,Cuba,74,2,1611,66,274,15,625,34
2020-05-04,Cuba,38,1,1649,67,280,13,614,33
2020-05-05,Cuba,19,2,1668,69,279,13,581,33
2020-05-06,Cuba,17,0,1685,69,248,11,548,31
2020-05-07,Cuba,18,0,1703,69,236,11,514,29
2020-05-08,Cuba,26,4,1729,73,228,12,494,30
2020-05-09,Cuba,12,1,1741,74,204,10,456,25
2020-05-10,Cuba,13,0,1754,74,143,8,417,23
2020-05-11,Cuba,12,3,1766,77,117,10,397,23
2020-05-12,Cuba,17,0,1783,77,115,8,394,21
2020-05-13,Cuba,21,1,1804,78,119,9,367,20
2020-05-14,Cuba,6,1,1810,79,107,10,343,21
2020-05-15,Cuba,20,0,1830,79,101,6,329,18
2020-05-16,Cuba,10,0,1840,79,99,5,303,15
2020-05-17,Cuba,22,0,1862,79,108,5,251,13
2020-05-18,Cuba,10,0,1872,79,106,2,223,12
2020-05-19,Cuba,9,0,1881,79,98,2,213,10
2020-05-20,Cuba,6,0,1887,79,83,1,202,10
2020-05-21,Cuba,13,0,1900,79,90,0,197,10
2020-05-22,Cuba,8,1,1908,80,78,1,179,7
2020-05-23,Cuba,8,1,1916,81,76,2,175,7
2020-05-24,Cuba,15,0,1931,81,69,2,177,7
2020-05-25,Cuba,10,1,1941,82,69,3,175,5
2020-05-26,Cuba,6,0,1947,82,66,3,164,5
2020-05-27,Cuba,16,0,1963,82,76,3,159,4
2020-05-28,Cuba,11,0,1974,82,74,3,164,3
2020-05-29,Cuba,9,0,1983,82,75,2,153,3
2020-05-30,Cuba,22,0,2005,82,89,1,165,3
2020-05-31,Cuba,20,1,2025,83,94,2,163,4
2020-06-01,Cuba,20,0,2045,83,104,1,173,4
2020-06-02,Cuba,38,0,2083,83,136,1,202,4
2020-06-03,Cuba,9,0,2092,83,129,1,205,4
2020-06-04,Cuba,15,0,2107,83,133,1,207,4
2020-06-05,Cuba,12,0,2119,83,136,1,211,3
2020-06-06,Cuba,14,0,2133,83,128,1,217,2
2020-06-07,Cuba,40,0,2173,83,148,0,242,2
2020-06-08,Cuba,18,0,2191,83,146,0,250,1
2020-06-09,Cuba,9,0,2200,83,117,0,253,1
2020-06-10,Cuba,5,0,2205,83,113,0,242,1
2020-06-11,Cuba,6,0,2211,83,104,0,237,1
2020-06-12,Cuba,8,1,2219,84,100,1,236,2
2020-06-13,Cuba,14,0,2233,84,100,1,228,2
2020-06-14,Cuba,5,0,2238,84,65,1,213,1
2020-06-15,Cuba,10,0,2248,84,57,1,203,1
2020-06-16,Cuba,14,0,2262,84,62,1,179,1
2020-06-17,Cuba,11,0,2273,84,68,1,181,1
2020-06-18,Cuba,7,0,2280,84,69,1,173,1
2020-06-19,Cuba,15,1,2295,85,76,1,176,2
2020-06-20,Cuba,10,0,2305,85,72,1,172,2
2020-06-21,Cuba,4,0,2309,85,71,1,136,2
2020-06-22,Cuba,3,0,2312,85,64,1,121,2
2020-06-23,Cuba,3,0,2315,85,53,1,115,2
2020-06-24,Cuba,3,0,2318,85,45,1,113,2
2020-06-25,Cuba,1,0,2319,85,39,1,108,2
2020-06-26,Cuba,2,0,2321,85,26,0,102,1
2020-06-27,Cuba,4,0,2325,85,20,0,92,1
2020-06-28,Cuba,5,1,2330,86,21,1,92,2
2020-06-29,Cuba,2,0,2332,86,20,1,84,2
2020-06-30,Cuba,8,0,2340,86,25,1,78,2
2020-07-01,Cuba,1,0,2341,86,23,1,68,2
2020-07-02,Cuba,7,0,2348,86,29,1,68,2
2020-07-03,Cuba,5,0,2353,86,32,1,58,1
2020-07-04,Cuba,8,0,2361,86,36,1,56,1
2020-07-05,Cuba,8,0,2369,86,39,0,60,1
2020-07-06,Cuba,3,0,2372,86,40,0,60,1
2020-07-07,Cuba,8,0,2380,86,40,0,65,1
2020-07-08,Cuba,15,0,2395,86,54,0,77,1
2020-07-09,Cuba,4,0,2399,86,51,0,80,1
2020-07-10,Cuba,4,0,2403,86,50,0,82,1
2020-07-11,Cuba,10,0,2413,86,52,0,88,1
2020-07-12,Cuba,7,1,2420,87,51,1,90,1
2020-07-13,Cuba,6,0,2426,87,54,1,94,1
2020-07-14,Cuba,2,0,2428,87,48,1,88,1
2020-07-15,Cuba,4,0,2432,87,37,1,91,1
2020-07-16,Cuba,6,0,2438,87,39,1,90,1
2020-07-17,Cuba,2,0,2440,87,37,1,87,1
2020-07-18,Cuba,4,0,2444,87,31,1,83,1
2020-07-19,Cuba,1,0,2445,87,25,0,76,1
2020-07-20,Cuba,1,0,2446,87,20,0,74,1
2020-07-21,Cuba,0,0,2446,87,18,0,66,1
2020-07-22,Cuba,3,0,2449,87,17,0,54,1
2020-07-23,Cuba,13,0,2462,87,24,0,63,1
2020-07-24,Cuba,4,0,2466,87,26,0,63,1
2020-07-25,Cuba,3,0,2469,87,25,0,56,1
2020-07-26,Cuba,9,0,2478,87,33,0,58,0
2020-07-27,Cuba,17,0,2495,87,49,0,69,0
2020-07-28,Cuba,37,0,2532,87,86,0,104,0
2020-07-29,Cuba,23,0,2555,87,106,0,123,0
2020-07-30,Cuba,33,0,2588,87,126,0,150,0
2020-07-31,Cuba,9,0,2597,87,131,0,157,0
2020-08-01,Cuba,11,0,2608,87,139,0,164,0
2020-08-02,Cuba,25,0,2633,87,155,0,188,0
2020-08-03,Cuba,13,0,2646,87,151,0,200,0
2020-08-04,Cuba,24,0,2670,87,138,0,224,0
2020-08-05,Cuba,31,1,2701,88,146,1,252,1
2020-08-06,Cuba,25,0,2726,88,138,1,264,1
2020-08-07,Cuba,49,0,2775,88,178,1,309,1
2020-08-08,Cuba,54,0,2829,88,221,1,360,1
2020-08-09,Cuba,59,0,2888,88,255,1,410,1
2020-08-10,Cuba,65,0,2953,88,307,1,458,1
2020-08-11,Cuba,93,0,3046,88,376,1,514,1
2020-08-12,Cuba,47,0,3093,88,392,0,538,1
2020-08-13,Cuba,35,0,3128,88,402,0,540,1
2020-08-14,Cuba,46,0,3174,88,399,0,577,1
2020-08-15,Cuba,55,0,3229,88,400,0,621,1
2020-08-16,Cuba,63,0,3292,88,404,0,659,1
2020-08-17,Cuba,24,0,3316,88,363,0,670,1
2020-08-18,Cuba,48,0,3364,88,318,0,694,1
2020-08-19,Cuba,44,0,3408,88,315,0,707,0
2020-08-20,Cuba,74,0,3482,88,354,0,756,0
2020-08-21,Cuba,83,0,3565,88,391,0,790,0
2020-08-22,Cuba,17,1,3582,89,353,1,753,1
2020-08-23,Cuba,35,0,3617,89,325,1,729,1
2020-08-24,Cuba,65,2,3682,91,366,3,729,3
2020-08-25,Cuba,35,0,3717,91,353,3,671,3
2020-08-26,Cuba,27,0,3744,91,336,3,651,3
2020-08-27,Cuba,15,1,3759,92,277,4,631,4
2020-08-28,Cuba,47,0,3806,92,241,4,632,4
2020-08-29,Cuba,60,0,3866,92,284,3,637,4
2020-08-30,Cuba,59,2,3925,94,308,5,633,6
2020-08-31,Cuba,48,0,3973,94,291,3,657,6
2020-04-01,Curacao,2,0,11,1,5,1,10,1
2020-04-02,Curacao,0,0,11,1,5,0,10,1
2020-04-03,Curacao,0,0,11,1,4,0,8,1
2020-04-04,Curacao,0,0,11,1,3,0,8,1
2020-04-05,Curacao,0,0,11,1,3,0,8,1
2020-04-06,Curacao,0,0,11,1,2,0,8,1
2020-04-07,Curacao,2,0,13,1,4,0,7,1
2020-04-08,Curacao,0,0,13,1,2,0,7,1
2020-04-09,Curacao,1,0,14,1,3,0,8,0
2020-04-10,Curacao,0,0,14,1,3,0,7,0
2020-04-11,Curacao,0,0,14,1,3,0,6,0
2020-04-12,Curacao,0,0,14,1,3,0,6,0
2020-04-13,Curacao,0,0,14,1,3,0,5,0
2020-04-14,Curacao,0,0,14,1,1,0,5,0
2020-04-15,Curacao,0,0,14,1,1,0,3,0
2020-04-16,Curacao,0,0,14,1,0,0,3,0
2020-04-17,Curacao,0,0,14,1,0,0,3,0
2020-04-18,Curacao,0,0,14,1,0,0,3,0
2020-04-19,Curacao,0,0,14,1,0,0,3,0
2020-04-20,Curacao,0,0,14,1,0,0,3,0
2020-04-21,Curacao,0,0,14,1,0,0,1,0
2020-04-22,Curacao,0,0,14,1,0,0,1,0
2020-04-23,Curacao,0,0,14,1,0,0,0,0
2020-04-24,Curacao,0,0,14,1,0,0,0,0
2020-04-25,Curacao,2,0,16,1,2,0,2,0
2020-04-26,Curacao,0,0,16,1,2,0,2,0
2020-04-27,Curacao,0,0,16,1,2,0,2,0
2020-04-28,Curacao,0,0,16,1,2,0,2,0
2020-04-29,Curacao,0,0,16,1,2,0,2,0
2020-04-30,Curacao,0,0,16,1,2,0,2,0
2020-05-01,Curacao,0,0,16,1,2,0,2,0
2020-05-02,Curacao,0,0,16,1,0,0,2,0
2020-05-03,Curacao,0,0,16,1,0,0,2,0
2020-05-04,Curacao,0,0,16,1,0,0,2,0
2020-05-05,Curacao,0,0,16,1,0,0,2,0
2020-05-06,Curacao,0,0,16,1,0,0,2,0
2020-05-07,Curacao,0,0,16,1,0,0,2,0
2020-05-08,Curacao,0,0,16,1,0,0,2,0
2020-05-09,Curacao,0,0,16,1,0,0,0,0
2020-05-10,Curacao,0,0,16,1,0,0,0,0
2020-05-11,Curacao,0,0,16,1,0,0,0,0
2020-05-12,Curacao,0,0,16,1,0,0,0,0
2020-05-13,Curacao,0,0,16,1,0,0,0,0
2020-05-14,Curacao,0,0,16,1,0,0,0,0
2020-05-15,Curacao,0,0,16,1,0,0,0,0
2020-05-16,Curacao,0,0,16,1,0,0,0,0
2020-05-17,Curacao,0,0,16,1,0,0,0,0
2020-05-18,Curacao,0,0,16,1,0,0,0,0
2020-05-19,Curacao,0,0,16,1,0,0,0,0
2020-05-20,Curacao,0,0,16,1,0,0,0,0
2020-05-21,Curacao,0,0,16,1,0,0,0,0
2020-05-22,Curacao,0,0,16,1,0,0,0,0
2020-05-23,Curacao,0,0,16,1,0,0,0,0
2020-05-24,Curacao,0,0,16,1,0,0,0,0
2020-05-25,Curacao,1,0,17,1,1,0,1,0
2020-05-26,Curacao,1,0,18,1,2,0,2,0
2020-05-27,Curacao,0,0,18,1,2,0,2,0
2020-05-28,Curacao,0,0,18,1,2,0,2,0
2020-05-29,Curacao,1,0,19,1,3,0,3,0
2020-05-30,Curacao,0,0,19,1,3,0,3,0
2020-05-31,Curacao,0,0,19,1,3,0,3,0
2020-06-01,Curacao,0,0,19,1,2,0,3,0
2020-06-02,Curacao,1,0,20,1,2,0,4,0
2020-06-03,Curacao,0,0,20,1,2,0,4,0
2020-06-04,Curacao,0,0,20,1,2,0,4,0
2020-06-05,Curacao,1,0,21,1,2,0,5,0
2020-06-06,Curacao,0,0,21,1,2,0,5,0
2020-06-07,Curacao,0,0,21,1,2,0,5,0
2020-06-08,Curacao,0,0,21,1,2,0,4,0
2020-06-09,Curacao,0,0,21,1,1,0,3,0
2020-06-10,Curacao,0,0,21,1,1,0,3,0
2020-06-11,Curacao,0,0,21,1,1,0,3,0
2020-06-12,Curacao,1,0,22,1,1,0,3,0
2020-06-13,Curacao,0,0,22,1,1,0,3,0
2020-06-14,Curacao,0,0,22,1,1,0,3,0
2020-06-15,Curacao,0,0,22,1,1,0,3,0
2020-06-16,Curacao,0,0,22,1,1,0,2,0
2020-06-17,Curacao,0,0,22,1,1,0,2,0
2020-06-18,Curacao,1,0,23,1,2,0,3,0
2020-06-19,Curacao,0,0,23,1,1,0,2,0
2020-06-20,Curacao,0,0,23,1,1,0,2,0
2020-06-21,Curacao,0,0,23,1,1,0,2,0
2020-06-22,Curacao,0,0,23,1,1,0,2,0
2020-06-23,Curacao,0,0,23,1,1,0,2,0
2020-06-24,Curacao,1,0,24,1,2,0,3,0
2020-06-25,Curacao,0,0,24,1,1,0,3,0
2020-06-26,Curacao,0,0,24,1,1,0,2,0
2020-06-27,Curacao,0,0,24,1,1,0,2,0
2020-06-28,Curacao,0,0,24,1,1,0,2,0
2020-06-29,Curacao,0,0,24,1,1,0,2,0
2020-06-30,Curacao,0,0,24,1,1,0,2,0
2020-07-01,Curacao,1,0,25,1,1,0,3,0
2020-07-02,Curacao,0,0,25,1,1,0,2,0
2020-07-03,Curacao,0,0,25,1,1,0,2,0
2020-07-04,Curacao,0,0,25,1,1,0,2,0
2020-07-05,Curacao,0,0,25,1,1,0,2,0
2020-07-06,Curacao,0,0,25,1,1,0,2,0
2020-07-07,Curacao,0,0,25,1,1,0,2,0
2020-07-08,Curacao,0,0,25,1,0,0,1,0
2020-07-09,Curacao,0,0,25,1,0,0,1,0
2020-07-10,Curacao,0,0,25,1,0,0,1,0
2020-07-11,Curacao,0,0,25,1,0,0,1,0
2020-07-12,Curacao,0,0,25,1,0,0,1,0
2020-07-13,Curacao,0,0,25,1,0,0,1,0
2020-07-14,Curacao,1,0,26,1,1,0,2,0
2020-07-15,Curacao,0,0,26,1,1,0,1,0
2020-07-16,Curacao,0,0,26,1,1,0,1,0
2020-07-17,Curacao,0,0,26,1,1,0,1,0
2020-07-18,Curacao,0,0,26,1,1,0,1,0
2020-07-19,Curacao,0,0,26,1,1,0,1,0
2020-07-20,Curacao,2,0,28,1,3,0,3,0
2020-07-21,Curacao,0,0,28,1,2,0,3,0
2020-07-22,Curacao,0,0,28,1,2,0,3,0
2020-07-23,Curacao,0,0,28,1,2,0,3,0
2020-07-24,Curacao,0,0,28,1,2,0,3,0
2020-07-25,Curacao,1,0,29,1,3,0,4,0
2020-07-26,Curacao,0,0,29,1,3,0,4,0
2020-07-27,Curacao,0,0,29,1,1,0,4,0
2020-07-28,Curacao,0,0,29,1,1,0,3,0
2020-07-29,Curacao,0,0,29,1,1,0,3,0
2020-07-30,Curacao,0,0,29,1,1,0,3,0
2020-07-31,Curacao,0,0,29,1,1,0,3,0
2020-08-01,Curacao,0,0,29,1,0,0,3,0
2020-08-02,Curacao,0,0,29,1,0,0,3,0
2020-08-03,Curacao,0,0,29,1,0,0,1,0
2020-08-04,Curacao,0,0,29,1,0,0,1,0
2020-08-05,Curacao,0,0,29,1,0,0,1,0
2020-08-06,Curacao,2,0,31,1,2,0,3,0
2020-08-07,Curacao,0,0,31,1,2,0,3,0
2020-08-08,Curacao,0,0,31,1,2,0,2,0
2020-08-09,Curacao,0,0,31,1,2,0,2,0
2020-08-10,Curacao,0,0,31,1,2,0,2,0
2020-08-11,Curacao,1,0,32,1,3,0,3,0
2020-08-12,Curacao,0,0,32,1,3,0,3,0
2020-08-13,Curacao,0,0,32,1,1,0,3,0
2020-08-14,Curacao,0,0,32,1,1,0,3,0
2020-08-15,Curacao,0,0,32,1,1,0,3,0
2020-08-16,Curacao,1,0,33,1,2,0,4,0
2020-08-17,Curacao,1,0,34,1,3,0,5,0
2020-08-18,Curacao,1,0,35,1,3,0,6,0
2020-08-19,Curacao,0,0,35,1,3,0,6,0
2020-08-20,Curacao,0,0,35,1,3,0,4,0
2020-08-21,Curacao,0,0,35,1,3,0,4,0
2020-08-22,Curacao,2,0,37,1,5,0,6,0
2020-08-23,Curacao,0,0,37,1,4,0,6,0
2020-08-24,Curacao,6,0,43,1,9,0,12,0
2020-08-25,Curacao,4,0,47,1,12,0,15,0
2020-08-26,Curacao,0,0,47,1,12,0,15,0
2020-08-27,Curacao,2,0,49,1,14,0,17,0
2020-08-28,Curacao,4,0,53,1,18,0,21,0
2020-08-29,Curacao,4,0,57,1,20,0,25,0
2020-08-30,Curacao,0,0,57,1,20,0,24,0
2020-08-31,Curacao,0,0,57,1,14,0,23,0
2020-04-01,Cyprus,32,1,262,8,138,5,222,8
2020-04-02,Cyprus,58,1,320,9,188,6,262,9
2020-04-03,Cyprus,36,0,356,9,210,6,298,9
2020-04-04,Cyprus,40,0,396,9,234,4,329,9
2020-04-05,Cyprus,30,0,426,9,247,4,342,9
2020-04-06,Cyprus,20,0,446,9,232,3,351,9
2020-04-07,Cyprus,19,0,465,9,235,2,349,9
2020-04-08,Cyprus,29,0,494,9,232,1,370,6
2020-04-09,Cyprus,32,0,526,9,206,0,394,6
2020-04-10,Cyprus,38,1,564,10,208,1,418,7
2020-04-11,Cyprus,31,0,595,10,199,1,433,5
2020-04-12,Cyprus,21,0,616,10,190,1,437,5
2020-04-13,Cyprus,17,1,633,11,187,2,419,5
2020-04-14,Cyprus,29,1,662,12,197,3,432,5
2020-04-15,Cyprus,33,0,695,12,201,3,433,4
2020-04-16,Cyprus,20,0,715,12,189,3,395,3
2020-04-17,Cyprus,20,0,735,12,171,2,379,3
2020-04-18,Cyprus,0,0,735,12,140,2,339,3
2020-04-19,Cyprus,26,0,761,12,145,2,335,3
2020-04-20,Cyprus,6,0,767,12,134,1,321,3
2020-04-21,Cyprus,5,0,772,12,110,0,307,3
2020-04-22,Cyprus,12,0,784,12,89,0,290,3
2020-04-23,Cyprus,6,2,790,14,75,2,264,5
2020-04-24,Cyprus,5,0,795,14,60,2,231,4
2020-04-25,Cyprus,9,0,804,14,69,2,209,4
2020-04-26,Cyprus,6,0,810,14,49,2,194,4
2020-04-27,Cyprus,7,0,817,14,50,2,184,3
2020-04-28,Cyprus,5,1,822,15,50,3,160,3
2020-04-29,Cyprus,15,0,837,15,53,3,142,3
2020-04-30,Cyprus,6,0,843,15,53,1,128,3
2020-05-01,Cyprus,7,0,850,15,55,1,115,3
2020-05-02,Cyprus,7,0,857,15,53,1,122,3
2020-05-03,Cyprus,7,0,864,15,54,1,103,3
2020-05-04,Cyprus,8,0,872,15,55,1,105,3
2020-05-05,Cyprus,2,0,874,15,52,0,102,3
2020-05-06,Cyprus,4,0,878,15,41,0,94,3
2020-05-07,Cyprus,5,0,883,15,40,0,93,1
2020-05-08,Cyprus,6,0,889,15,39,0,94,1
2020-05-09,Cyprus,2,0,891,15,34,0,87,1
2020-05-10,Cyprus,1,0,892,15,28,0,82,1
2020-05-11,Cyprus,6,1,898,16,26,1,81,2
2020-05-12,Cyprus,3,0,901,16,27,1,79,1
2020-05-13,Cyprus,2,0,903,16,25,1,66,1
2020-05-14,Cyprus,2,1,905,17,22,2,62,2
2020-05-15,Cyprus,2,0,907,17,18,2,57,2
2020-05-16,Cyprus,3,0,910,17,19,2,53,2
2020-05-17,Cyprus,4,0,914,17,22,2,50,2
2020-05-18,Cyprus,2,0,916,17,18,1,44,2
2020-05-19,Cyprus,1,0,917,17,16,1,43,2
2020-05-20,Cyprus,1,0,918,17,15,1,40,2
2020-05-21,Cyprus,4,0,922,17,17,0,39,2
2020-05-22,Cyprus,1,0,923,17,16,0,34,2
2020-05-23,Cyprus,4,0,927,17,17,0,36,2
2020-05-24,Cyprus,0,0,927,17,13,0,35,2
2020-05-25,Cyprus,8,0,935,17,19,0,37,1
2020-05-26,Cyprus,2,0,937,17,20,0,36,1
2020-05-27,Cyprus,2,0,939,17,21,0,36,1
2020-05-28,Cyprus,0,0,939,17,17,0,34,0
2020-05-29,Cyprus,2,0,941,17,18,0,34,0
2020-05-30,Cyprus,0,0,941,17,14,0,31,0
2020-05-31,Cyprus,2,0,943,17,16,0,29,0
2020-06-01,Cyprus,1,0,944,17,9,0,28,0
2020-06-02,Cyprus,5,0,949,17,12,0,32,0
2020-06-03,Cyprus,3,0,952,17,13,0,34,0
2020-06-04,Cyprus,6,0,958,17,19,0,36,0
2020-06-05,Cyprus,0,0,958,17,17,0,35,0
2020-06-06,Cyprus,2,0,960,17,19,0,33,0
2020-06-07,Cyprus,0,1,960,18,17,1,33,1
2020-06-08,Cyprus,4,0,964,18,20,1,29,1
2020-06-09,Cyprus,6,0,970,18,21,1,33,1
2020-06-10,Cyprus,2,0,972,18,20,1,33,1
2020-06-11,Cyprus,2,0,974,18,16,1,35,1
2020-06-12,Cyprus,1,0,975,18,17,1,34,1
2020-06-13,Cyprus,5,0,980,18,20,1,39,1
2020-06-14,Cyprus,0,0,980,18,20,0,37,1
2020-06-15,Cyprus,3,0,983,18,19,0,39,1
2020-06-16,Cyprus,2,0,985,18,15,0,36,1
2020-06-17,Cyprus,0,0,985,18,13,0,33,1
2020-06-18,Cyprus,0,0,985,18,11,0,27,1
2020-06-19,Cyprus,0,1,985,19,10,1,27,2
2020-06-20,Cyprus,0,0,985,19,5,1,25,2
2020-06-21,Cyprus,0,0,985,19,5,1,25,1
2020-06-22,Cyprus,1,0,986,19,3,1,22,1
2020-06-23,Cyprus,2,0,988,19,3,1,18,1
2020-06-24,Cyprus,2,0,990,19,5,1,18,1
2020-06-25,Cyprus,1,0,991,19,6,1,17,1
2020-06-26,Cyprus,1,0,992,19,7,0,17,1
2020-06-27,Cyprus,0,0,992,19,7,0,12,1
2020-06-28,Cyprus,2,0,994,19,9,0,14,1
2020-06-29,Cyprus,0,0,994,19,8,0,11,1
2020-06-30,Cyprus,2,0,996,19,8,0,11,1
2020-07-01,Cyprus,2,0,998,19,8,0,13,1
2020-07-02,Cyprus,1,0,999,19,8,0,14,1
2020-07-03,Cyprus,0,0,999,19,7,0,14,0
2020-07-04,Cyprus,0,0,999,19,7,0,14,0
2020-07-05,Cyprus,3,0,1002,19,8,0,17,0
2020-07-06,Cyprus,1,0,1003,19,9,0,17,0
2020-07-07,Cyprus,1,0,1004,19,8,0,16,0
2020-07-08,Cyprus,1,0,1005,19,7,0,15,0
2020-07-09,Cyprus,3,0,1008,19,9,0,17,0
2020-07-10,Cyprus,2,0,1010,19,11,0,18,0
2020-07-11,Cyprus,3,0,1013,19,14,0,21,0
2020-07-12,Cyprus,1,0,1014,19,12,0,20,0
2020-07-13,Cyprus,7,0,1021,19,18,0,27,0
2020-07-14,Cyprus,1,0,1022,19,18,0,26,0
2020-07-15,Cyprus,0,0,1022,19,17,0,24,0
2020-07-16,Cyprus,1,0,1023,19,15,0,24,0
2020-07-17,Cyprus,8,0,1031,19,21,0,32,0
2020-07-18,Cyprus,0,0,1031,19,18,0,32,0
2020-07-19,Cyprus,6,0,1037,19,23,0,35,0
2020-07-20,Cyprus,1,0,1038,19,17,0,35,0
2020-07-21,Cyprus,0,0,1038,19,16,0,34,0
2020-07-22,Cyprus,2,0,1040,19,18,0,35,0
2020-07-23,Cyprus,0,0,1040,19,17,0,32,0
2020-07-24,Cyprus,5,0,1045,19,14,0,35,0
2020-07-25,Cyprus,2,0,1047,19,16,0,34,0
2020-07-26,Cyprus,6,0,1053,19,16,0,39,0
2020-07-27,Cyprus,4,0,1057,19,19,0,36,0
2020-07-28,Cyprus,3,0,1060,19,22,0,38,0
2020-07-29,Cyprus,7,0,1067,19,27,0,45,0
2020-07-30,Cyprus,13,0,1080,19,40,0,57,0
2020-07-31,Cyprus,4,0,1084,19,39,0,53,0
2020-08-01,Cyprus,30,0,1114,19,67,0,83,0
2020-08-02,Cyprus,10,0,1124,19,71,0,87,0
2020-08-03,Cyprus,26,0,1150,19,93,0,112,0
2020-08-04,Cyprus,5,0,1155,19,95,0,117,0
2020-08-05,Cyprus,25,0,1180,19,113,0,140,0
2020-08-06,Cyprus,15,0,1195,19,115,0,155,0
2020-08-07,Cyprus,13,0,1208,19,124,0,163,0
2020-08-08,Cyprus,14,0,1222,19,108,0,175,0
2020-08-09,Cyprus,11,0,1233,19,109,0,180,0
2020-08-10,Cyprus,9,0,1242,19,92,0,185,0
2020-08-11,Cyprus,10,0,1252,19,97,0,192,0
2020-08-12,Cyprus,25,1,1277,20,97,1,210,1
2020-08-13,Cyprus,14,0,1291,20,96,1,211,1
2020-08-14,Cyprus,14,0,1305,20,97,1,221,1
2020-08-15,Cyprus,13,0,1318,20,96,1,204,1
2020-08-16,Cyprus,14,0,1332,20,99,1,208,1
2020-08-17,Cyprus,0,0,1332,20,90,1,182,1
2020-08-18,Cyprus,19,0,1351,20,99,1,196,1
2020-08-19,Cyprus,8,0,1359,20,82,0,179,1
2020-08-20,Cyprus,26,1,1385,21,94,1,190,2
2020-08-21,Cyprus,10,0,1395,21,90,1,187,2
2020-08-22,Cyprus,11,0,1406,21,88,1,184,2
2020-08-23,Cyprus,11,0,1417,21,85,1,184,2
2020-08-24,Cyprus,4,0,1421,21,89,1,179,2
2020-08-25,Cyprus,30,0,1451,21,100,1,199,2
2020-08-26,Cyprus,23,0,1474,21,115,1,197,1
2020-08-27,Cyprus,7,0,1481,21,96,0,190,1
2020-08-28,Cyprus,0,0,1481,21,86,0,176,1
2020-08-29,Cyprus,0,0,1481,21,75,0,163,1
2020-08-30,Cyprus,2,0,1483,21,66,0,151,1
2020-08-31,Cyprus,4,0,1487,21,66,0,155,1
2020-04-01,Czech Republic,306,7,3308,31,1914,28,2874,31
2020-04-02,Czech Republic,281,8,3589,39,1935,33,3067,39
2020-04-03,Czech Republic,269,5,3858,44,1796,35,3164,44
2020-04-04,Czech Republic,332,9,4190,53,1911,44,3286,53
2020-04-05,Czech Republic,282,6,4472,59,1809,48,3477,59
2020-04-06,Czech Republic,115,8,4587,67,1758,51,3422,66
2020-04-07,Czech Republic,235,11,4822,78,1820,54,3586,77
2020-04-08,Czech Republic,195,10,5017,88,1709,57,3623,85
2020-04-09,Czech Republic,295,11,5312,99,1723,60,3658,93
2020-04-10,Czech Republic,257,13,5569,112,1711,68,3507,103
2020-04-11,Czech Republic,163,7,5732,119,1542,66,3453,110
2020-04-12,Czech Republic,170,10,5902,129,1430,70,3239,118
2020-04-13,Czech Republic,89,9,5991,138,1404,71,3162,122
2020-04-14,Czech Republic,68,5,6059,143,1237,65,3057,119
2020-04-15,Czech Republic,82,18,6141,161,1124,73,2833,130
2020-04-16,Czech Republic,162,5,6303,166,991,67,2714,127
2020-04-17,Czech Republic,130,3,6433,169,864,57,2575,125
2020-04-18,Czech Republic,116,4,6549,173,817,54,2359,120
2020-04-19,Czech Republic,105,8,6654,181,752,52,2182,122
2020-04-20,Czech Republic,133,7,6787,188,796,50,2200,121
2020-04-21,Czech Republic,127,8,6914,196,855,53,2092,118
2020-04-22,Czech Republic,127,5,7041,201,900,40,2024,113
2020-04-23,Czech Republic,95,9,7136,210,833,44,1824,111
2020-04-24,Czech Republic,52,3,7188,213,755,44,1619,101
2020-04-25,Czech Republic,85,2,7273,215,724,42,1541,96
2020-04-26,Czech Republic,79,3,7352,218,698,37,1450,89
2020-04-27,Czech Republic,52,3,7404,221,617,33,1413,83
2020-04-28,Czech Republic,45,2,7449,223,535,27,1390,80
2020-04-29,Czech Republic,55,4,7504,227,463,26,1363,66
2020-04-30,Czech Republic,75,0,7579,227,443,17,1276,61
2020-05-01,Czech Republic,103,9,7682,236,494,23,1249,67
2020-05-02,Czech Republic,55,4,7737,240,464,25,1188,67
2020-05-03,Czech Republic,18,5,7755,245,403,27,1101,64
2020-05-04,Czech Republic,26,3,7781,248,377,27,994,60
2020-05-05,Czech Republic,38,4,7819,252,370,29,905,56
2020-05-06,Czech Republic,77,5,7896,257,392,30,855,56
2020-05-07,Czech Republic,78,5,7974,262,395,35,838,52
2020-05-08,Czech Republic,57,8,8031,270,349,34,843,57
2020-05-09,Czech Republic,46,3,8077,273,340,33,804,58
2020-05-10,Czech Republic,18,3,8095,276,340,31,743,58
2020-05-11,Czech Republic,28,4,8123,280,342,32,719,59
2020-05-12,Czech Republic,53,2,8176,282,357,30,727,59
2020-05-13,Czech Republic,45,1,8221,283,325,26,717,56
2020-05-14,Czech Republic,48,7,8269,290,295,28,690,63
2020-05-15,Czech Republic,82,3,8351,293,320,23,669,57
2020-05-16,Czech Republic,55,2,8406,295,329,22,669,55
2020-05-17,Czech Republic,49,1,8455,296,360,20,700,51
2020-05-18,Czech Republic,20,1,8475,297,352,17,694,49
2020-05-19,Czech Republic,111,0,8586,297,410,15,767,45
2020-05-20,Czech Republic,61,5,8647,302,426,19,751,45
2020-05-21,Czech Republic,74,2,8721,304,452,14,747,42
2020-05-22,Czech Republic,33,2,8754,306,403,13,723,36
2020-05-23,Czech Republic,59,6,8813,312,407,17,736,39
2020-05-24,Czech Republic,77,2,8890,314,435,18,795,38
2020-05-25,Czech Republic,67,1,8957,315,482,18,834,35
2020-05-26,Czech Republic,47,2,9004,317,418,20,828,35
2020-05-27,Czech Republic,46,0,9050,317,403,15,829,34
2020-05-28,Czech Republic,36,0,9086,317,365,13,817,27
2020-05-29,Czech Republic,54,2,9140,319,386,13,789,26
2020-05-30,Czech Republic,56,0,9196,319,383,7,790,24
2020-05-31,Czech Republic,34,0,9230,319,340,5,775,23
2020-06-01,Czech Republic,43,1,9273,320,316,5,798,23
2020-06-02,Czech Republic,29,1,9302,321,298,4,716,24
2020-06-03,Czech Republic,62,2,9364,323,314,6,717,21
2020-06-04,Czech Republic,74,1,9438,324,352,7,717,20
2020-06-05,Czech Republic,56,2,9494,326,354,7,740,20
2020-06-06,Czech Republic,35,1,9529,327,333,8,716,15
2020-06-07,Czech Republic,38,0,9567,327,337,8,677,13
2020-06-08,Czech Republic,61,0,9628,327,355,7,671,12
2020-06-09,Czech Republic,69,1,9697,328,395,7,693,11
2020-06-10,Czech Republic,54,0,9751,328,387,5,701,11
2020-06-11,Czech Republic,73,0,9824,328,386,4,738,11
2020-06-12,Czech Republic,62,1,9886,329,392,3,746,10
2020-06-13,Czech Republic,52,0,9938,329,409,2,742,10
2020-06-14,Czech Republic,53,0,9991,329,424,2,761,10
2020-06-15,Czech Republic,33,0,10024,329,396,2,751,9
2020-06-16,Czech Republic,40,1,10064,330,367,2,762,9
2020-06-17,Czech Republic,47,1,10111,331,360,3,747,8
2020-06-18,Czech Republic,51,2,10162,333,338,5,724,9
2020-06-19,Czech Republic,68,1,10230,334,344,5,736,8
2020-06-20,Czech Republic,176,1,10406,335,468,6,877,8
2020-06-21,Czech Republic,42,1,10448,336,457,7,881,9
2020-06-22,Czech Republic,50,0,10498,336,474,7,870,9
2020-06-23,Czech Republic,63,0,10561,336,497,6,864,8
2020-06-24,Czech Republic,89,3,10650,339,539,8,899,11
2020-06-25,Czech Republic,127,4,10777,343,615,10,953,15
2020-06-26,Czech Republic,93,2,10870,345,640,11,984,16
2020-06-27,Czech Republic,168,0,11038,345,632,10,1100,16
2020-06-28,Czech Republic,260,2,11298,347,850,11,1307,18
2020-06-29,Czech Republic,305,1,11603,348,1105,12,1579,19
2020-06-30,Czech Republic,202,0,11805,348,1244,12,1741,18
2020-07-01,Czech Republic,149,1,11954,349,1304,10,1843,18
2020-07-02,Czech Republic,92,0,12046,349,1269,6,1884,16
2020-07-03,Czech Republic,132,2,12178,351,1308,6,1948,17
2020-07-04,Czech Republic,141,1,12319,352,1281,7,1913,17
2020-07-05,Czech Republic,121,-1,12440,351,1142,4,1992,15
2020-07-06,Czech Republic,75,-3,12515,348,912,0,2017,12
2020-07-07,Czech Republic,51,2,12566,350,761,2,2005,14
2020-07-08,Czech Republic,119,1,12685,351,731,2,2035,12
2020-07-09,Czech Republic,129,0,12814,351,768,2,2037,8
2020-07-10,Czech Republic,105,1,12919,352,741,1,2049,7
2020-07-11,Czech Republic,143,0,13062,352,743,0,2024,7
2020-07-12,Czech Republic,53,0,13115,352,675,1,1817,5
2020-07-13,Czech Republic,59,0,13174,352,659,4,1571,4
2020-07-14,Czech Republic,64,1,13238,353,672,3,1433,5
2020-07-15,Czech Republic,103,2,13341,355,656,4,1387,6
2020-07-16,Czech Republic,134,0,13475,355,661,4,1429,6
2020-07-17,Czech Republic,137,0,13612,355,693,3,1434,4
2020-07-18,Czech Republic,130,3,13742,358,680,6,1423,6
2020-07-19,Czech Republic,113,0,13855,358,740,6,1415,7
2020-07-20,Czech Republic,90,1,13945,359,771,7,1430,11
2020-07-21,Czech Republic,153,0,14098,359,860,6,1532,9
2020-07-22,Czech Republic,226,1,14324,360,983,5,1639,9
2020-07-23,Czech Republic,246,4,14570,364,1095,9,1756,13
2020-07-24,Czech Republic,230,1,14800,365,1188,10,1881,13
2020-07-25,Czech Republic,281,3,15081,368,1339,10,2019,16
2020-07-26,Czech Republic,131,0,15212,368,1357,10,2097,16
2020-07-27,Czech Republic,112,3,15324,371,1379,12,2150,19
2020-07-28,Czech Republic,192,2,15516,373,1418,14,2278,20
2020-07-29,Czech Republic,283,0,15799,373,1475,13,2458,18
2020-07-30,Czech Republic,294,1,16093,374,1523,10,2618,19
2020-07-31,Czech Republic,249,5,16342,379,1542,14,2730,24
2020-08-01,Czech Republic,232,3,16574,382,1493,14,2832,24
2020-08-02,Czech Republic,125,1,16699,383,1487,15,2844,25
2020-08-03,Czech Republic,101,0,16800,383,1476,12,2855,24
2020-08-04,Czech Republic,208,0,17008,383,1492,10,2910,24
2020-08-05,Czech Republic,278,0,17286,383,1487,10,2962,23
2020-08-06,Czech Republic,243,5,17529,388,1436,14,2959,24
2020-08-07,Czech Republic,211,1,17740,389,1398,10,2940,24
2020-08-08,Czech Republic,320,0,18060,389,1486,7,2979,21
2020-08-09,Czech Republic,175,0,18235,389,1536,6,3023,21
2020-08-10,Czech Republic,120,0,18355,389,1555,6,3031,18
2020-08-11,Czech Republic,139,0,18494,389,1486,6,2978,16
2020-08-12,Czech Republic,289,2,18783,391,1497,8,2984,18
2020-08-13,Czech Republic,292,0,19075,391,1546,3,2982,17
2020-08-14,Czech Republic,326,0,19401,391,1661,2,3059,12
2020-08-15,Czech Republic,292,3,19693,394,1633,5,3119,12
2020-08-16,Czech Republic,198,1,19891,395,1656,6,3192,12
2020-08-17,Czech Republic,121,2,20012,397,1657,8,3212,14
2020-08-18,Czech Republic,190,2,20202,399,1708,10,3194,16
2020-08-19,Czech Republic,281,2,20483,401,1700,10,3197,18
2020-08-20,Czech Republic,315,3,20798,404,1723,13,3269,16
2020-08-21,Czech Republic,247,2,21045,406,1644,15,3305,17
2020-08-22,Czech Republic,506,5,21551,411,1858,17,3491,22
2020-08-23,Czech Republic,239,0,21790,411,1899,16,3555,22
2020-08-24,Czech Republic,133,1,21923,412,1911,15,3568,23
2020-08-25,Czech Republic,258,3,22181,415,1979,16,3687,26
2020-08-26,Czech Republic,367,1,22548,416,2065,15,3765,25
2020-08-27,Czech Republic,403,2,22951,418,2153,14,3876,27
2020-08-28,Czech Republic,349,0,23300,418,2255,12,3899,27
2020-08-29,Czech Republic,477,1,23777,419,2226,8,4084,25
2020-08-30,Czech Republic,317,2,24094,421,2304,10,4203,26
2020-08-31,Czech Republic,273,2,24367,423,2444,11,4355,26
2020-04-01,Democratic Republic of Congo,0,0,98,8,53,5,95,8
2020-04-02,Democratic Republic of Congo,25,3,123,11,78,8,109,11
2020-04-03,Democratic Republic of Congo,0,0,123,11,69,7,109,11
2020-04-04,Democratic Republic of Congo,11,2,134,13,76,9,120,13
2020-04-05,Democratic Republic of Congo,20,5,154,18,96,12,131,17
2020-04-06,Democratic Republic of Congo,0,0,154,18,73,10,128,16
2020-04-07,Democratic Republic of Congo,7,0,161,18,63,10,135,16
2020-04-08,Democratic Republic of Congo,19,0,180,18,82,10,135,15
2020-04-09,Democratic Republic of Congo,3,2,183,20,60,9,138,17
2020-04-10,Democratic Republic of Congo,32,0,215,20,92,9,161,16
2020-04-11,Democratic Republic of Congo,8,0,223,20,89,7,165,16
2020-04-12,Democratic Republic of Congo,11,0,234,20,80,2,176,14
2020-04-13,Democratic Republic of Congo,0,0,234,20,80,2,153,12
2020-04-14,Democratic Republic of Congo,1,0,235,20,74,2,137,12
2020-04-15,Democratic Republic of Congo,19,1,254,21,74,3,156,13
2020-04-16,Democratic Republic of Congo,13,1,267,22,84,2,144,11
2020-04-17,Democratic Republic of Congo,20,1,287,23,72,3,164,12
2020-04-18,Democratic Republic of Congo,20,2,307,25,84,5,173,12
2020-04-19,Democratic Republic of Congo,20,0,327,25,93,5,173,7
2020-04-20,Democratic Republic of Congo,5,0,332,25,98,5,178,7
2020-04-21,Democratic Republic of Congo,18,0,350,25,115,5,189,7
2020-04-22,Democratic Republic of Congo,9,0,359,25,105,4,179,7
2020-04-23,Democratic Republic of Congo,18,0,377,25,110,3,194,5
2020-04-24,Democratic Republic of Congo,17,0,394,25,107,2,179,5
2020-04-25,Democratic Republic of Congo,22,3,416,28,109,3,193,8
2020-04-26,Democratic Republic of Congo,26,0,442,28,115,3,208,8
2020-04-27,Democratic Republic of Congo,17,0,459,28,127,3,225,8
2020-04-28,Democratic Republic of Congo,12,2,471,30,121,5,236,10
2020-04-29,Democratic Republic of Congo,20,0,491,30,132,5,237,9
2020-04-30,Democratic Republic of Congo,9,1,500,31,123,6,233,9
2020-05-01,Democratic Republic of Congo,72,0,572,31,178,6,285,8
2020-05-02,Democratic Republic of Congo,32,1,604,32,188,4,297,7
2020-05-03,Democratic Republic of Congo,70,1,674,33,232,5,347,8
2020-05-04,Democratic Republic of Congo,10,1,684,34,225,6,352,9
2020-05-05,Democratic Republic of Congo,0,0,684,34,213,4,334,9
2020-05-06,Democratic Republic of Congo,21,0,705,34,214,4,346,9
2020-05-07,Democratic Republic of Congo,158,2,863,36,363,5,486,11
2020-05-08,Democratic Republic of Congo,34,0,897,36,325,5,503,11
2020-05-09,Democratic Republic of Congo,40,3,937,39,333,7,521,11
2020-05-10,Democratic Republic of Congo,54,2,991,41,317,8,549,13
2020-05-11,Democratic Republic of Congo,33,0,1024,41,340,7,565,13
2020-05-12,Democratic Republic of Congo,78,3,1102,44,418,10,631,14
2020-05-13,Democratic Republic of Congo,67,6,1169,50,464,16,678,20
2020-05-14,Democratic Republic of Congo,73,0,1242,50,379,14,742,19
2020-05-15,Democratic Republic of Congo,56,0,1298,50,401,14,726,19
2020-05-16,Democratic Republic of Congo,71,10,1369,60,432,21,765,28
2020-05-17,Democratic Republic of Congo,85,0,1454,60,463,19,780,27
2020-05-18,Democratic Republic of Congo,0,0,1454,60,430,19,770,26
2020-05-19,Democratic Republic of Congo,175,1,1629,61,527,17,945,27
2020-05-20,Democratic Republic of Congo,102,0,1731,61,562,11,1026,27
2020-05-21,Democratic Republic of Congo,104,0,1835,61,593,11,972,25
2020-05-22,Democratic Republic of Congo,110,2,1945,63,647,13,1048,27
2020-05-23,Democratic Republic of Congo,80,0,2025,63,656,3,1088,24
2020-05-24,Democratic Republic of Congo,116,0,2141,63,687,3,1150,22
2020-05-25,Democratic Republic of Congo,156,4,2297,67,843,7,1273,26
2020-05-26,Democratic Republic of Congo,0,0,2297,67,668,6,1195,23
2020-05-27,Democratic Republic of Congo,248,0,2545,67,814,6,1376,17
2020-05-28,Democratic Republic of Congo,114,1,2659,68,824,7,1417,18
2020-05-29,Democratic Republic of Congo,173,1,2832,69,887,6,1534,19
2020-05-30,Democratic Republic of Congo,1,0,2833,69,808,6,1464,9
2020-05-31,Democratic Republic of Congo,133,0,2966,69,825,6,1512,9
2020-06-01,Democratic Republic of Congo,83,2,3049,71,752,4,1595,11
2020-06-02,Democratic Republic of Congo,145,1,3194,72,897,5,1565,11
2020-06-03,Democratic Republic of Congo,131,0,3325,72,780,5,1594,11
2020-06-04,Democratic Republic of Congo,169,3,3494,75,835,7,1659,14
2020-06-05,Democratic Republic of Congo,149,3,3643,78,811,9,1698,15
2020-06-06,Democratic Republic of Congo,121,3,3764,81,931,12,1739,18
2020-06-07,Democratic Republic of Congo,114,0,3878,81,912,12,1737,18
2020-06-08,Democratic Republic of Congo,138,4,4016,85,967,14,1719,18
2020-06-09,Democratic Republic of Congo,89,2,4105,87,911,15,1808,20
2020-06-10,Democratic Republic of Congo,153,2,4258,89,933,17,1713,22
2020-06-11,Democratic Republic of Congo,131,6,4389,95,895,20,1730,27
2020-06-12,Democratic Republic of Congo,125,2,4514,97,871,19,1682,28
2020-06-13,Democratic Republic of Congo,122,3,4636,100,872,19,1803,31
2020-06-14,Democratic Republic of Congo,87,5,4723,105,845,24,1757,36
2020-06-15,Democratic Republic of Congo,54,1,4777,106,761,21,1728,35
2020-06-16,Democratic Republic of Congo,60,6,4837,112,732,25,1643,40
2020-06-17,Democratic Republic of Congo,137,0,4974,112,716,23,1649,40
2020-06-18,Democratic Republic of Congo,125,3,5099,115,710,20,1605,40
2020-06-19,Democratic Republic of Congo,183,2,5282,117,768,20,1639,39
2020-06-20,Democratic Republic of Congo,194,4,5476,121,840,21,1712,40
2020-06-21,Democratic Republic of Congo,195,3,5671,124,948,19,1793,43
2020-06-22,Democratic Republic of Congo,155,6,5826,130,1049,24,1810,45
2020-06-23,Democratic Republic of Congo,99,5,5925,135,1088,23,1820,48
2020-06-24,Democratic Republic of Congo,102,0,6027,135,1053,23,1769,46
2020-06-25,Democratic Republic of Congo,0,0,6027,135,928,20,1638,40
2020-06-26,Democratic Republic of Congo,384,7,6411,142,1129,25,1897,45
2020-06-27,Democratic Republic of Congo,141,7,6552,149,1076,28,1916,49
2020-06-28,Democratic Republic of Congo,0,0,6552,149,881,25,1829,44
2020-06-29,Democratic Republic of Congo,274,8,6826,157,1000,27,2049,51
2020-06-30,Democratic Republic of Congo,113,10,6939,167,1014,32,2102,55
2020-07-01,Democratic Republic of Congo,99,2,7038,169,1011,34,2064,57
2020-07-02,Democratic Republic of Congo,83,5,7121,174,1094,39,2022,59
2020-07-03,Democratic Republic of Congo,67,1,7188,175,777,33,1906,58
2020-07-04,Democratic Republic of Congo,0,0,7188,175,636,26,1712,54
2020-07-05,Democratic Republic of Congo,190,6,7378,181,826,32,1707,57
2020-07-06,Democratic Republic of Congo,32,0,7410,181,584,24,1584,51
2020-07-07,Democratic Republic of Congo,22,1,7432,182,493,15,1507,47
2020-07-08,Democratic Republic of Congo,228,0,7660,182,622,13,1633,47
2020-07-09,Democratic Republic of Congo,77,2,7737,184,616,10,1710,49
2020-07-10,Democratic Republic of Congo,108,4,7845,188,657,13,1434,46
2020-07-11,Democratic Republic of Congo,59,0,7904,188,716,13,1352,39
2020-07-12,Democratic Republic of Congo,66,0,7970,188,592,7,1418,39
2020-07-13,Democratic Republic of Congo,62,0,8032,188,622,7,1206,31
2020-07-14,Democratic Republic of Congo,42,1,8074,189,642,7,1135,22
2020-07-15,Democratic Republic of Congo,61,0,8135,189,475,7,1097,20
2020-07-16,Democratic Republic of Congo,27,2,8162,191,425,7,1041,17
2020-07-17,Democratic Republic of Congo,36,1,8198,192,353,4,1010,17
2020-07-18,Democratic Republic of Congo,50,0,8248,192,344,4,1060,17
2020-07-19,Democratic Republic of Congo,75,0,8323,192,353,4,945,11
2020-07-20,Democratic Republic of Congo,79,1,8402,193,370,5,992,12
2020-07-21,Democratic Republic of Congo,40,1,8442,194,368,5,1010,12
2020-07-22,Democratic Republic of Congo,91,1,8533,195,398,6,873,13
2020-07-23,Democratic Republic of Congo,92,2,8625,197,463,6,888,13
2020-07-24,Democratic Republic of Congo,94,3,8719,200,521,8,874,12
2020-07-25,Democratic Republic of Congo,47,0,8766,200,518,8,862,12
2020-07-26,Democratic Republic of Congo,34,3,8800,203,477,11,830,15
2020-07-27,Democratic Republic of Congo,31,1,8831,204,429,11,799,16
2020-07-28,Democratic Republic of Congo,13,4,8844,208,402,14,770,19
2020-07-29,Democratic Republic of Congo,29,0,8873,208,340,13,738,19
2020-07-30,Democratic Republic of Congo,58,5,8931,213,306,16,769,22
2020-07-31,Democratic Republic of Congo,79,1,9010,214,291,14,812,22
2020-08-01,Democratic Republic of Congo,60,0,9070,214,304,14,822,22
2020-08-02,Democratic Republic of Congo,13,0,9083,214,283,11,760,22
2020-08-03,Democratic Republic of Congo,31,0,9114,214,283,10,712,21
2020-08-04,Democratic Republic of Congo,18,0,9132,214,288,6,690,20
2020-08-05,Democratic Republic of Congo,45,0,9177,214,304,6,644,19
2020-08-06,Democratic Republic of Congo,75,0,9252,214,321,1,627,17
2020-08-07,Democratic Republic of Congo,56,0,9308,214,298,0,589,14
2020-08-08,Democratic Republic of Congo,46,3,9354,217,284,3,588,17
2020-08-09,Democratic Republic of Congo,99,6,9453,223,370,9,653,20
2020-08-10,Democratic Republic of Congo,0,0,9453,223,339,9,622,19
2020-08-11,Democratic Republic of Congo,35,0,9488,223,356,9,644,15
2020-08-12,Democratic Republic of Congo,10,1,9498,224,321,10,625,16
2020-08-13,Democratic Republic of Congo,39,1,9537,225,285,11,606,12
2020-08-14,Democratic Republic of Congo,51,9,9588,234,280,20,578,20
2020-08-15,Democratic Republic of Congo,16,4,9604,238,250,21,534,24
2020-08-16,Democratic Republic of Congo,33,1,9637,239,184,16,554,25
2020-08-17,Democratic Republic of Congo,38,0,9675,239,222,16,561,25
2020-08-18,Democratic Republic of Congo,30,3,9705,242,217,19,573,28
2020-08-19,Democratic Republic of Congo,15,0,9720,242,222,18,543,28
2020-08-20,Democratic Republic of Congo,20,3,9740,245,203,20,488,31
2020-08-21,Democratic Republic of Congo,16,1,9756,246,168,12,448,32
2020-08-22,Democratic Republic of Congo,45,1,9801,247,197,9,447,30
2020-08-23,Democratic Republic of Congo,9,3,9810,250,173,11,357,27
2020-08-24,Democratic Republic of Congo,19,0,9829,250,154,11,376,27
2020-08-25,Democratic Republic of Congo,12,0,9841,250,136,8,353,27
2020-08-26,Democratic Republic of Congo,49,0,9890,250,170,8,392,26
2020-08-27,Democratic Republic of Congo,21,3,9911,253,171,8,374,28
2020-08-28,Democratic Republic of Congo,3,1,9914,254,158,8,326,20
2020-08-29,Democratic Republic of Congo,79,0,9993,254,192,7,389,16
2020-08-30,Democratic Republic of Congo,14,3,10007,257,197,7,370,18
2020-08-31,Democratic Republic of Congo,37,0,10044,257,215,7,369,18
2020-04-01,Denmark,283,13,2860,90,1269,58,1836,86
2020-04-02,Denmark,247,14,3107,104,1383,70,1992,100
2020-04-03,Denmark,279,19,3386,123,1509,82,2235,117
2020-04-04,Denmark,371,16,3757,139,1711,87,2502,130
2020-04-05,Denmark,320,22,4077,161,1876,96,2751,148
2020-04-06,Denmark,292,18,4369,179,1974,107,2974,166
2020-04-07,Denmark,312,8,4681,187,2104,110,3221,163
2020-04-08,Denmark,390,16,5071,203,2211,113,3480,171
2020-04-09,Denmark,331,15,5402,218,2295,114,3678,184
2020-04-10,Denmark,233,19,5635,237,2249,114,3758,196
2020-04-11,Denmark,184,10,5819,247,2062,108,3773,195
2020-04-12,Denmark,177,13,5996,260,1919,99,3795,195
2020-04-13,Denmark,178,13,6174,273,1805,94,3779,201
2020-04-14,Denmark,144,12,6318,285,1637,98,3741,208
2020-04-15,Denmark,193,14,6511,299,1440,96,3651,209
2020-04-16,Denmark,170,10,6681,309,1279,91,3574,205
2020-04-17,Denmark,198,12,6879,321,1244,84,3493,198
2020-04-18,Denmark,194,15,7073,336,1254,89,3316,197
2020-04-19,Denmark,169,10,7242,346,1246,86,3165,185
2020-04-20,Denmark,142,9,7384,355,1210,82,3015,176
2020-04-21,Denmark,131,9,7515,364,1197,79,2834,177
2020-04-22,Denmark,180,6,7695,370,1184,71,2624,167
2020-04-23,Denmark,217,14,7912,384,1231,75,2510,166
2020-04-24,Denmark,161,10,8073,394,1194,73,2438,157
2020-04-25,Denmark,137,9,8210,403,1137,67,2391,156
2020-04-26,Denmark,235,15,8445,418,1203,72,2449,158
2020-04-27,Denmark,130,4,8575,422,1191,67,2401,149
2020-04-28,Denmark,123,5,8698,427,1183,63,2380,142
2020-04-29,Denmark,153,7,8851,434,1156,64,2340,135
2020-04-30,Denmark,157,9,9008,443,1096,59,2327,134
2020-05-01,Denmark,150,9,9158,452,1085,58,2279,131
2020-05-02,Denmark,153,10,9311,462,1101,59,2238,126
2020-05-03,Denmark,96,11,9407,473,962,55,2165,127
2020-05-04,Denmark,116,8,9523,481,948,59,2139,126
2020-05-05,Denmark,147,9,9670,490,972,63,2155,126
2020-05-06,Denmark,151,7,9821,497,970,63,2126,127
2020-05-07,Denmark,162,3,9983,500,975,57,2071,116
2020-05-08,Denmark,100,6,10083,506,925,54,2010,112
2020-05-09,Denmark,135,6,10218,512,907,50,2008,109
2020-05-10,Denmark,101,4,10319,516,912,43,1874,98
2020-05-11,Denmark,110,3,10429,519,906,38,1854,97
2020-05-12,Denmark,84,5,10513,524,843,34,1815,97
2020-05-13,Denmark,78,4,10591,528,770,31,1740,94
2020-05-14,Denmark,76,6,10667,534,684,34,1659,91
2020-05-15,Denmark,46,4,10713,538,630,32,1555,86
2020-05-16,Denmark,78,0,10791,538,573,26,1480,76
2020-05-17,Denmark,67,5,10858,543,539,27,1451,70
2020-05-18,Denmark,69,4,10927,547,498,28,1404,66
2020-05-19,Denmark,41,1,10968,548,455,24,1298,58
2020-05-20,Denmark,76,3,11044,551,453,23,1223,54
2020-05-21,Denmark,73,3,11117,554,450,20,1134,54
2020-05-22,Denmark,65,7,11182,561,469,23,1099,55
2020-05-23,Denmark,48,0,11230,561,439,23,1012,49
2020-05-24,Denmark,59,0,11289,561,431,18,970,45
2020-05-25,Denmark,71,1,11360,562,433,15,931,43
2020-05-26,Denmark,27,1,11387,563,419,15,874,39
2020-05-27,Denmark,41,0,11428,563,384,12,837,35
2020-05-28,Denmark,52,2,11480,565,363,11,813,31
2020-05-29,Denmark,32,3,11512,568,330,7,799,30
2020-05-30,Denmark,81,0,11593,568,363,7,802,30
2020-05-31,Denmark,40,3,11633,571,344,10,775,28
2020-06-01,Denmark,36,3,11669,574,309,12,742,27
2020-06-02,Denmark,30,2,11699,576,312,13,731,28
2020-06-03,Denmark,35,4,11734,580,306,17,690,29
2020-06-04,Denmark,37,0,11771,580,291,15,654,26
2020-06-05,Denmark,40,2,11811,582,299,14,629,21
2020-06-06,Denmark,64,4,11875,586,282,18,645,25
2020-06-07,Denmark,49,1,11924,587,291,16,635,26
2020-06-08,Denmark,24,2,11948,589,279,15,588,27
2020-06-09,Denmark,14,4,11962,593,263,17,575,30
2020-06-10,Denmark,39,0,12001,593,267,13,573,30
2020-06-11,Denmark,15,0,12016,593,245,13,536,28
2020-06-12,Denmark,19,0,12035,593,224,11,523,25
2020-06-13,Denmark,64,1,12099,594,224,8,506,26
2020-06-14,Denmark,40,3,12139,597,215,10,506,26
2020-06-15,Denmark,54,0,12193,597,245,8,524,23
2020-06-16,Denmark,24,1,12217,598,255,5,518,22
2020-06-17,Denmark,33,0,12250,598,249,5,516,18
2020-06-18,Denmark,44,0,12294,598,278,5,523,18
2020-06-19,Denmark,50,2,12344,600,309,7,533,18
2020-06-20,Denmark,47,0,12391,600,292,6,516,14
2020-06-21,Denmark,0,0,12391,600,252,3,467,13
2020-06-22,Denmark,0,0,12391,600,198,3,443,11
2020-06-23,Denmark,136,2,12527,602,310,4,565,9
2020-06-24,Denmark,34,1,12561,603,311,5,560,10
2020-06-25,Denmark,54,0,12615,603,321,5,599,10
2020-06-26,Denmark,21,0,12636,603,292,3,601,10
2020-06-27,Denmark,39,1,12675,604,284,4,576,10
2020-06-28,Denmark,0,0,12675,604,284,4,536,7
2020-06-29,Denmark,0,0,12675,604,284,4,482,7
2020-06-30,Denmark,76,1,12751,605,224,3,534,7
2020-07-01,Denmark,17,0,12768,605,207,2,518,7
2020-07-02,Denmark,26,1,12794,606,179,3,500,8
2020-07-03,Denmark,21,0,12815,606,179,3,471,6
2020-07-04,Denmark,17,0,12832,606,157,2,441,6
2020-07-05,Denmark,0,0,12832,606,157,2,441,6
2020-07-06,Denmark,0,0,12832,606,157,2,441,6
2020-07-07,Denmark,46,1,12878,607,127,2,351,5
2020-07-08,Denmark,10,2,12888,609,120,4,327,6
2020-07-09,Denmark,12,0,12900,609,106,3,285,6
2020-07-10,Denmark,16,0,12916,609,101,3,280,6
2020-07-11,Denmark,30,0,12946,609,114,3,271,5
2020-07-12,Denmark,0,0,12946,609,114,3,271,5
2020-07-13,Denmark,0,0,12946,609,114,3,271,5
2020-07-14,Denmark,91,1,13037,610,159,3,286,5
2020-07-15,Denmark,24,0,13061,610,173,1,293,5
2020-07-16,Denmark,31,0,13092,610,192,1,298,4
2020-07-17,Denmark,32,0,13124,610,208,1,309,4
2020-07-18,Denmark,49,1,13173,611,227,2,341,5
2020-07-19,Denmark,0,0,13173,611,227,2,341,5
2020-07-20,Denmark,0,0,13173,611,227,2,341,5
2020-07-21,Denmark,89,0,13262,611,225,1,384,4
2020-07-22,Denmark,40,0,13302,611,241,1,414,2
2020-07-23,Denmark,48,0,13350,611,258,1,450,2
2020-07-24,Denmark,40,1,13390,612,266,2,474,3
2020-07-25,Denmark,48,1,13438,613,265,2,492,4
2020-07-26,Denmark,0,0,13438,613,265,2,492,4
2020-07-27,Denmark,0,0,13438,613,265,2,492,4
2020-07-28,Denmark,109,0,13547,613,285,2,510,3
2020-07-29,Denmark,30,0,13577,613,275,2,516,3
2020-07-30,Denmark,57,1,13634,614,284,3,542,4
2020-07-31,Denmark,91,1,13725,615,335,3,601,5
2020-08-01,Denmark,64,0,13789,615,351,2,616,4
2020-08-02,Denmark,0,0,13789,615,351,2,616,4
2020-08-03,Denmark,0,0,13789,615,351,2,616,4
2020-08-04,Denmark,207,1,13996,616,449,3,734,5
2020-08-05,Denmark,77,0,14073,616,496,3,771,5
2020-08-06,Denmark,112,0,14185,616,551,2,835,5
2020-08-07,Denmark,121,1,14306,617,581,2,916,5
2020-08-08,Denmark,136,0,14442,617,653,2,1004,4
2020-08-09,Denmark,0,0,14442,617,653,2,1004,4
2020-08-10,Denmark,0,0,14442,617,653,2,1004,4
2020-08-11,Denmark,373,3,14815,620,819,4,1268,7
2020-08-12,Denmark,144,1,14959,621,886,5,1382,8
2020-08-13,Denmark,111,0,15070,621,885,5,1436,7
2020-08-14,Denmark,144,0,15214,621,908,4,1489,6
2020-08-15,Denmark,165,0,15379,621,937,4,1590,6
2020-08-16,Denmark,104,0,15483,621,1041,4,1694,6
2020-08-17,Denmark,134,0,15617,621,1175,4,1828,6
2020-08-18,Denmark,123,0,15740,621,925,1,1744,5
2020-08-19,Denmark,115,0,15855,621,896,0,1782,5
2020-08-20,Denmark,85,0,15940,621,870,0,1755,5
2020-08-21,Denmark,116,0,16056,621,842,0,1750,4
2020-08-22,Denmark,71,0,16127,621,748,0,1685,4
2020-08-23,Denmark,0,0,16127,621,644,0,1685,4
2020-08-24,Denmark,0,0,16127,621,510,0,1685,4
2020-08-25,Denmark,270,2,16397,623,657,2,1582,3
2020-08-26,Denmark,83,0,16480,623,625,2,1521,2
2020-08-27,Denmark,57,0,16537,623,597,2,1467,2
2020-08-28,Denmark,90,1,16627,624,571,3,1413,3
2020-08-29,Denmark,73,0,16700,624,573,3,1321,3
2020-08-30,Denmark,0,0,16700,624,573,3,1217,3
2020-08-31,Denmark,0,0,16700,624,573,3,1083,3
2020-04-01,Djibouti,5,0,31,0,28,0,31,0
2020-04-02,Djibouti,3,0,34,0,22,0,33,0
2020-04-03,Djibouti,7,0,41,0,29,0,40,0
2020-04-04,Djibouti,0,0,41,0,28,0,40,0
2020-04-05,Djibouti,10,0,51,0,36,0,50,0
2020-04-06,Djibouti,8,0,59,0,40,0,58,0
2020-04-07,Djibouti,31,0,90,0,64,0,87,0
2020-04-08,Djibouti,31,0,121,0,90,0,118,0
2020-04-09,Djibouti,14,0,135,0,101,0,123,0
2020-04-10,Djibouti,5,1,140,1,99,1,128,1
2020-04-11,Djibouti,10,0,150,1,109,1,137,1
2020-04-12,Djibouti,37,1,187,2,136,2,172,2
2020-04-13,Djibouti,27,0,214,2,155,2,195,2
2020-04-14,Djibouti,84,0,298,2,208,2,272,2
2020-04-15,Djibouti,65,0,363,2,242,2,332,2
2020-04-16,Djibouti,72,0,435,2,300,2,401,2
2020-04-17,Djibouti,156,0,591,2,451,1,550,2
2020-04-18,Djibouti,141,0,732,2,582,1,691,2
2020-04-19,Djibouti,0,0,732,2,545,0,681,2
2020-04-20,Djibouti,114,0,846,2,632,0,787,2
2020-04-21,Djibouti,0,0,846,2,548,0,756,2
2020-04-22,Djibouti,99,0,945,2,582,0,824,2
2020-04-23,Djibouti,29,0,974,2,539,0,839,2
2020-04-24,Djibouti,12,0,986,2,395,0,846,1
2020-04-25,Djibouti,13,0,999,2,267,0,849,1
2020-04-26,Djibouti,9,0,1008,2,276,0,821,0
2020-04-27,Djibouti,15,0,1023,2,177,0,809,0
2020-04-28,Djibouti,12,0,1035,2,189,0,737,0
2020-04-29,Djibouti,37,0,1072,2,127,0,709,0
2020-04-30,Djibouti,5,0,1077,2,103,0,642,0
2020-05-01,Djibouti,12,0,1089,2,103,0,498,0
2020-05-02,Djibouti,8,0,1097,2,98,0,365,0
2020-05-03,Djibouti,15,0,1112,2,104,0,380,0
2020-05-04,Djibouti,0,0,1112,2,89,0,266,0
2020-05-05,Djibouti,4,0,1116,2,81,0,270,0
2020-05-06,Djibouti,4,0,1120,2,48,0,175,0
2020-05-07,Djibouti,0,1,1120,3,43,1,146,1
2020-05-08,Djibouti,13,0,1133,3,44,1,147,1
2020-05-09,Djibouti,2,0,1135,3,38,1,136,1
2020-05-10,Djibouti,54,0,1189,3,77,1,181,1
2020-05-11,Djibouti,21,0,1210,3,98,1,187,1
2020-05-12,Djibouti,17,0,1227,3,111,1,192,1
2020-05-13,Djibouti,29,0,1256,3,136,1,184,1
2020-05-14,Djibouti,12,0,1268,3,148,0,191,1
2020-05-15,Djibouti,16,0,1284,3,151,0,195,1
2020-05-16,Djibouti,25,1,1309,4,174,1,212,2
2020-05-17,Djibouti,22,0,1331,4,142,1,219,2
2020-05-18,Djibouti,70,0,1401,4,191,1,289,2
2020-05-19,Djibouti,117,3,1518,7,291,4,402,5
2020-05-20,Djibouti,0,0,1518,7,262,4,398,5
2020-05-21,Djibouti,310,2,1828,9,560,6,708,6
2020-05-22,Djibouti,219,1,2047,10,763,7,914,7
2020-05-23,Djibouti,223,0,2270,10,961,6,1135,7
2020-05-24,Djibouti,0,0,2270,10,939,6,1081,7
2020-05-25,Djibouti,0,0,2270,10,869,6,1060,7
2020-05-26,Djibouti,198,4,2468,14,950,7,1241,11
2020-05-27,Djibouti,0,0,2468,14,950,7,1212,11
2020-05-28,Djibouti,229,4,2697,18,869,9,1429,15
2020-05-29,Djibouti,217,2,2914,20,867,10,1630,17
2020-05-30,Djibouti,0,0,2914,20,644,10,1605,16
2020-05-31,Djibouti,280,2,3194,22,924,12,1863,18
2020-06-01,Djibouti,160,2,3354,24,1084,14,1953,20
2020-06-02,Djibouti,215,0,3569,24,1101,10,2051,17
2020-06-03,Djibouti,210,1,3779,25,1311,11,2261,18
2020-06-04,Djibouti,156,1,3935,26,1238,8,2107,17
2020-06-05,Djibouti,119,0,4054,26,1140,6,2007,16
2020-06-06,Djibouti,69,0,4123,26,1209,6,1853,16
2020-06-07,Djibouti,46,0,4169,26,975,4,1899,16
2020-06-08,Djibouti,38,2,4207,28,853,4,1937,18
2020-06-09,Djibouti,71,3,4278,31,709,7,1810,17
2020-06-10,Djibouti,53,3,4331,34,552,9,1863,20
2020-06-11,Djibouti,42,0,4373,34,438,8,1676,16
2020-06-12,Djibouti,25,3,4398,37,344,11,1484,17
2020-06-13,Djibouti,43,1,4441,38,318,12,1527,18
2020-06-14,Djibouti,8,3,4449,41,280,15,1255,19
2020-06-15,Djibouti,16,2,4465,43,258,15,1111,19
2020-06-16,Djibouti,36,0,4501,43,223,12,932,19
2020-06-17,Djibouti,38,0,4539,43,208,9,760,18
2020-06-18,Djibouti,6,0,4545,43,172,9,610,17
2020-06-19,Djibouti,12,0,4557,43,159,6,503,17
2020-06-20,Djibouti,8,2,4565,45,124,7,442,19
2020-06-21,Djibouti,0,0,4565,45,116,4,396,19
2020-06-22,Djibouti,17,0,4582,45,117,2,375,17
2020-06-23,Djibouti,17,3,4599,48,98,5,321,17
2020-06-24,Djibouti,18,1,4617,49,78,6,286,15
2020-06-25,Djibouti,13,3,4630,52,85,9,257,18
2020-06-26,Djibouti,5,0,4635,52,78,9,237,15
2020-06-27,Djibouti,8,0,4643,52,78,7,202,14
2020-06-28,Djibouti,0,0,4643,52,78,7,194,11
2020-06-29,Djibouti,0,0,4643,52,61,7,178,9
2020-06-30,Djibouti,13,1,4656,53,57,5,155,10
2020-07-01,Djibouti,26,1,4682,54,65,5,143,11
2020-07-02,Djibouti,22,1,4704,55,74,3,159,12
2020-07-03,Djibouti,11,0,4715,55,80,3,158,12
2020-07-04,Djibouti,21,0,4736,55,93,3,171,10
2020-07-05,Djibouti,0,0,4736,55,93,3,171,10
2020-07-06,Djibouti,56,0,4792,55,149,3,210,10
2020-07-07,Djibouti,30,0,4822,55,166,2,223,7
2020-07-08,Djibouti,56,0,4878,55,196,1,261,6
2020-07-09,Djibouti,11,0,4889,55,185,0,259,3
2020-07-10,Djibouti,66,1,4955,56,240,1,320,4
2020-07-11,Djibouti,0,0,4955,56,219,1,312,4
2020-07-12,Djibouti,0,0,4955,56,219,1,312,4
2020-07-13,Djibouti,17,0,4972,56,180,1,329,4
2020-07-14,Djibouti,5,0,4977,56,155,1,321,3
2020-07-15,Djibouti,2,0,4979,56,101,1,297,2
2020-07-16,Djibouti,6,0,4985,56,96,1,281,1
2020-07-17,Djibouti,8,0,4993,56,38,0,278,1
2020-07-18,Djibouti,10,0,5003,56,48,0,267,1
2020-07-19,Djibouti,0,0,5003,56,48,0,267,1
2020-07-20,Djibouti,8,0,5011,56,39,0,219,1
2020-07-21,Djibouti,9,0,5020,56,43,0,198,1
2020-07-22,Djibouti,7,0,5027,56,48,0,149,1
2020-07-23,Djibouti,3,2,5030,58,45,2,141,3
2020-07-24,Djibouti,1,0,5031,58,38,2,76,2
2020-07-25,Djibouti,8,0,5039,58,36,2,84,2
2020-07-26,Djibouti,0,0,5039,58,36,2,84,2
2020-07-27,Djibouti,11,0,5050,58,39,2,78,2
2020-07-28,Djibouti,9,0,5059,58,39,2,82,2
2020-07-29,Djibouti,9,0,5068,58,41,2,89,2
2020-07-30,Djibouti,13,0,5081,58,51,0,96,2
2020-07-31,Djibouti,0,0,5081,58,50,0,88,2
2020-08-01,Djibouti,0,0,5081,58,42,0,78,2
2020-08-02,Djibouti,0,0,5081,58,42,0,78,2
2020-08-03,Djibouti,80,1,5161,59,111,1,150,3
2020-08-04,Djibouti,79,0,5240,59,181,1,220,3
2020-08-05,Djibouti,8,0,5248,59,180,1,221,3
2020-08-06,Djibouti,82,0,5330,59,249,1,300,1
2020-08-07,Djibouti,4,0,5334,59,253,1,303,1
2020-08-08,Djibouti,4,0,5338,59,257,1,299,1
2020-08-09,Djibouti,0,0,5338,59,257,1,299,1
2020-08-10,Djibouti,6,0,5344,59,183,0,294,1
2020-08-11,Djibouti,3,0,5347,59,107,0,288,1
2020-08-12,Djibouti,1,0,5348,59,100,0,280,1
2020-08-13,Djibouti,10,0,5358,59,28,0,277,1
2020-08-14,Djibouti,0,0,5358,59,24,0,277,1
2020-08-15,Djibouti,9,0,5367,59,29,0,286,1
2020-08-16,Djibouti,0,0,5367,59,29,0,286,1
2020-08-17,Djibouti,2,0,5369,59,25,0,208,0
2020-08-18,Djibouti,3,0,5372,59,25,0,132,0
2020-08-19,Djibouti,2,0,5374,59,26,0,126,0
2020-08-20,Djibouti,0,0,5374,59,16,0,44,0
2020-08-21,Djibouti,0,0,5374,59,16,0,40,0
2020-08-22,Djibouti,8,1,5382,60,15,1,44,1
2020-08-23,Djibouti,0,0,5382,60,15,1,44,1
2020-08-24,Djibouti,0,0,5382,60,13,1,38,1
2020-08-25,Djibouti,1,0,5383,60,11,1,36,1
2020-08-26,Djibouti,0,0,5383,60,9,1,35,1
2020-08-27,Djibouti,0,0,5383,60,9,1,25,1
2020-08-28,Djibouti,0,0,5383,60,9,1,25,1
2020-08-29,Djibouti,0,0,5383,60,1,0,16,1
2020-08-30,Djibouti,2,0,5385,60,3,0,18,1
2020-08-31,Djibouti,0,0,5385,60,3,0,16,1
2020-04-01,Dominica,0,0,11,0,9,0,0,0
2020-04-02,Dominica,1,0,12,0,5,0,0,0
2020-04-03,Dominica,0,0,12,0,1,0,0,0
2020-04-04,Dominica,2,0,14,0,3,0,0,0
2020-04-05,Dominica,0,0,14,0,3,0,14,0
2020-04-06,Dominica,0,0,14,0,3,0,13,0
2020-04-07,Dominica,1,0,15,0,4,0,14,0
2020-04-08,Dominica,0,0,15,0,4,0,13,0
2020-04-09,Dominica,0,0,15,0,3,0,8,0
2020-04-10,Dominica,1,0,16,0,4,0,5,0
2020-04-11,Dominica,0,0,16,0,2,0,5,0
2020-04-12,Dominica,0,0,16,0,2,0,5,0
2020-04-13,Dominica,0,0,16,0,2,0,5,0
2020-04-14,Dominica,0,0,16,0,1,0,5,0
2020-04-15,Dominica,0,0,16,0,1,0,5,0
2020-04-16,Dominica,0,0,16,0,1,0,4,0
2020-04-17,Dominica,0,0,16,0,0,0,4,0
2020-04-18,Dominica,0,0,16,0,0,0,2,0
2020-04-19,Dominica,0,0,16,0,0,0,2,0
2020-04-20,Dominica,0,0,16,0,0,0,2,0
2020-04-21,Dominica,0,0,16,0,0,0,1,0
2020-04-22,Dominica,0,0,16,0,0,0,1,0
2020-04-23,Dominica,0,0,16,0,0,0,1,0
2020-04-24,Dominica,0,0,16,0,0,0,0,0
2020-04-25,Dominica,0,0,16,0,0,0,0,0
2020-04-26,Dominica,0,0,16,0,0,0,0,0
2020-04-27,Dominica,0,0,16,0,0,0,0,0
2020-04-28,Dominica,0,0,16,0,0,0,0,0
2020-04-29,Dominica,0,0,16,0,0,0,0,0
2020-04-30,Dominica,0,0,16,0,0,0,0,0
2020-05-01,Dominica,0,0,16,0,0,0,0,0
2020-05-02,Dominica,0,0,16,0,0,0,0,0
2020-05-03,Dominica,0,0,16,0,0,0,0,0
2020-05-04,Dominica,0,0,16,0,0,0,0,0
2020-05-05,Dominica,0,0,16,0,0,0,0,0
2020-05-06,Dominica,0,0,16,0,0,0,0,0
2020-05-07,Dominica,0,0,16,0,0,0,0,0
2020-05-08,Dominica,0,0,16,0,0,0,0,0
2020-05-09,Dominica,0,0,16,0,0,0,0,0
2020-05-10,Dominica,0,0,16,0,0,0,0,0
2020-05-11,Dominica,0,0,16,0,0,0,0,0
2020-05-12,Dominica,0,0,16,0,0,0,0,0
2020-05-13,Dominica,0,0,16,0,0,0,0,0
2020-05-14,Dominica,0,0,16,0,0,0,0,0
2020-05-15,Dominica,0,0,16,0,0,0,0,0
2020-05-16,Dominica,0,0,16,0,0,0,0,0
2020-05-17,Dominica,0,0,16,0,0,0,0,0
2020-05-18,Dominica,0,0,16,0,0,0,0,0
2020-05-19,Dominica,0,0,16,0,0,0,0,0
2020-05-20,Dominica,0,0,16,0,0,0,0,0
2020-05-21,Dominica,0,0,16,0,0,0,0,0
2020-05-22,Dominica,0,0,16,0,0,0,0,0
2020-05-23,Dominica,0,0,16,0,0,0,0,0
2020-05-24,Dominica,0,0,16,0,0,0,0,0
2020-05-25,Dominica,0,0,16,0,0,0,0,0
2020-05-26,Dominica,0,0,16,0,0,0,0,0
2020-05-27,Dominica,0,0,16,0,0,0,0,0
2020-05-28,Dominica,0,0,16,0,0,0,0,0
2020-05-29,Dominica,0,0,16,0,0,0,0,0
2020-05-30,Dominica,0,0,16,0,0,0,0,0
2020-05-31,Dominica,0,0,16,0,0,0,0,0
2020-06-01,Dominica,0,0,16,0,0,0,0,0
2020-06-02,Dominica,2,0,18,0,2,0,2,0
2020-06-03,Dominica,0,0,18,0,2,0,2,0
2020-06-04,Dominica,0,0,18,0,2,0,2,0
2020-06-05,Dominica,0,0,18,0,2,0,2,0
2020-06-06,Dominica,0,0,18,0,2,0,2,0
2020-06-07,Dominica,0,0,18,0,2,0,2,0
2020-06-08,Dominica,0,0,18,0,2,0,2,0
2020-06-09,Dominica,0,0,18,0,0,0,2,0
2020-06-10,Dominica,0,0,18,0,0,0,2,0
2020-06-11,Dominica,0,0,18,0,0,0,2,0
2020-06-12,Dominica,0,0,18,0,0,0,2,0
2020-06-13,Dominica,0,0,18,0,0,0,2,0
2020-06-14,Dominica,0,0,18,0,0,0,2,0
2020-06-15,Dominica,0,0,18,0,0,0,2,0
2020-06-16,Dominica,0,0,18,0,0,0,0,0
2020-06-17,Dominica,0,0,18,0,0,0,0,0
2020-06-18,Dominica,0,0,18,0,0,0,0,0
2020-06-19,Dominica,0,0,18,0,0,0,0,0
2020-06-20,Dominica,0,0,18,0,0,0,0,0
2020-06-21,Dominica,0,0,18,0,0,0,0,0
2020-06-22,Dominica,0,0,18,0,0,0,0,0
2020-06-23,Dominica,0,0,18,0,0,0,0,0
2020-06-24,Dominica,0,0,18,0,0,0,0,0
2020-06-25,Dominica,0,0,18,0,0,0,0,0
2020-06-26,Dominica,0,0,18,0,0,0,0,0
2020-06-27,Dominica,0,0,18,0,0,0,0,0
2020-06-28,Dominica,0,0,18,0,0,0,0,0
2020-06-29,Dominica,0,0,18,0,0,0,0,0
2020-06-30,Dominica,0,0,18,0,0,0,0,0
2020-07-01,Dominica,0,0,18,0,0,0,0,0
2020-07-02,Dominica,0,0,18,0,0,0,0,0
2020-07-03,Dominica,0,0,18,0,0,0,0,0
2020-07-04,Dominica,0,0,18,0,0,0,0,0
2020-07-05,Dominica,0,0,18,0,0,0,0,0
2020-07-06,Dominica,0,0,18,0,0,0,0,0
2020-07-07,Dominica,0,0,18,0,0,0,0,0
2020-07-08,Dominica,0,0,18,0,0,0,0,0
2020-07-09,Dominica,0,0,18,0,0,0,0,0
2020-07-10,Dominica,0,0,18,0,0,0,0,0
2020-07-11,Dominica,0,0,18,0,0,0,0,0
2020-07-12,Dominica,0,0,18,0,0,0,0,0
2020-07-13,Dominica,0,0,18,0,0,0,0,0
2020-07-14,Dominica,0,0,18,0,0,0,0,0
2020-07-15,Dominica,0,0,18,0,0,0,0,0
2020-07-16,Dominica,0,0,18,0,0,0,0,0
2020-07-17,Dominica,0,0,18,0,0,0,0,0
2020-07-18,Dominica,0,0,18,0,0,0,0,0
2020-07-19,Dominica,0,0,18,0,0,0,0,0
2020-07-20,Dominica,0,0,18,0,0,0,0,0
2020-07-21,Dominica,0,0,18,0,0,0,0,0
2020-07-22,Dominica,0,0,18,0,0,0,0,0
2020-07-23,Dominica,0,0,18,0,0,0,0,0
2020-07-24,Dominica,0,0,18,0,0,0,0,0
2020-07-25,Dominica,0,0,18,0,0,0,0,0
2020-07-26,Dominica,0,0,18,0,0,0,0,0
2020-07-27,Dominica,0,0,18,0,0,0,0,0
2020-07-28,Dominica,0,0,18,0,0,0,0,0
2020-07-29,Dominica,0,0,18,0,0,0,0,0
2020-07-30,Dominica,0,0,18,0,0,0,0,0
2020-07-31,Dominica,0,0,18,0,0,0,0,0
2020-08-01,Dominica,0,0,18,0,0,0,0,0
2020-08-02,Dominica,0,0,18,0,0,0,0,0
2020-08-03,Dominica,0,0,18,0,0,0,0,0
2020-08-04,Dominica,0,0,18,0,0,0,0,0
2020-08-05,Dominica,0,0,18,0,0,0,0,0
2020-08-06,Dominica,0,0,18,0,0,0,0,0
2020-08-07,Dominica,0,0,18,0,0,0,0,0
2020-08-08,Dominica,0,0,18,0,0,0,0,0
2020-08-09,Dominica,0,0,18,0,0,0,0,0
2020-08-10,Dominica,0,0,18,0,0,0,0,0
2020-08-11,Dominica,0,0,18,0,0,0,0,0
2020-08-12,Dominica,0,0,18,0,0,0,0,0
2020-08-13,Dominica,0,0,18,0,0,0,0,0
2020-08-14,Dominica,0,0,18,0,0,0,0,0
2020-08-15,Dominica,0,0,18,0,0,0,0,0
2020-08-16,Dominica,0,0,18,0,0,0,0,0
2020-08-17,Dominica,0,0,18,0,0,0,0,0
2020-08-18,Dominica,0,0,18,0,0,0,0,0
2020-08-19,Dominica,0,0,18,0,0,0,0,0
2020-08-20,Dominica,0,0,18,0,0,0,0,0
2020-08-21,Dominica,0,0,18,0,0,0,0,0
2020-08-22,Dominica,1,0,19,0,1,0,1,0
2020-08-23,Dominica,0,0,19,0,1,0,1,0
2020-08-24,Dominica,0,0,19,0,1,0,1,0
2020-08-25,Dominica,1,0,20,0,2,0,2,0
2020-08-26,Dominica,0,0,20,0,2,0,2,0
2020-08-27,Dominica,0,0,20,0,2,0,2,0
2020-08-28,Dominica,0,0,20,0,2,0,2,0
2020-08-29,Dominica,0,0,20,0,1,0,2,0
2020-08-30,Dominica,0,0,20,0,1,0,2,0
2020-08-31,Dominica,0,0,20,0,1,0,2,0
2020-04-01,Dominican Republic,208,9,1109,51,797,45,1098,51
2020-04-02,Dominican Republic,175,6,1284,57,892,47,1263,57
2020-04-03,Dominican Republic,96,3,1380,60,892,50,1359,60
2020-04-04,Dominican Republic,108,8,1488,68,907,48,1454,66
2020-04-05,Dominican Republic,90,9,1578,77,859,49,1466,74
2020-04-06,Dominican Republic,167,5,1745,82,886,43,1543,79
2020-04-07,Dominican Republic,83,4,1828,86,927,44,1583,83
2020-04-08,Dominican Republic,128,12,1956,98,847,47,1644,92
2020-04-09,Dominican Republic,155,10,2111,108,827,51,1719,98
2020-04-10,Dominican Republic,238,10,2349,118,969,58,1861,108
2020-04-11,Dominican Republic,271,8,2620,126,1132,58,2039,106
2020-04-12,Dominican Republic,139,9,2759,135,1181,58,2040,107
2020-04-13,Dominican Republic,208,38,2967,173,1222,91,2108,134
2020-04-14,Dominican Republic,200,4,3167,177,1339,91,2266,135
2020-04-15,Dominican Republic,119,6,3286,183,1330,85,2177,132
2020-04-16,Dominican Republic,328,6,3614,189,1503,81,2330,132
2020-04-17,Dominican Republic,141,7,3755,196,1406,78,2375,136
2020-04-18,Dominican Republic,371,4,4126,200,1506,74,2638,132
2020-04-19,Dominican Republic,209,17,4335,217,1576,82,2757,140
2020-04-20,Dominican Republic,345,9,4680,226,1713,53,2935,144
2020-04-21,Dominican Republic,284,9,4964,235,1797,58,3136,149
2020-04-22,Dominican Republic,80,10,5044,245,1758,62,3088,147
2020-04-23,Dominican Republic,256,15,5300,260,1686,71,3189,152
2020-04-24,Dominican Republic,243,5,5543,265,1788,69,3194,147
2020-04-25,Dominican Republic,206,2,5749,267,1623,67,3129,141
2020-04-26,Dominican Republic,177,6,5926,273,1591,56,3167,138
2020-04-27,Dominican Republic,209,5,6135,278,1455,52,3168,105
2020-04-28,Dominican Republic,0,0,6135,278,1171,43,2968,101
2020-04-29,Dominican Republic,281,8,6416,286,1372,41,3130,103
2020-04-30,Dominican Republic,236,7,6652,293,1352,33,3038,104
2020-05-01,Dominican Republic,320,8,6972,301,1429,36,3217,105
2020-05-02,Dominican Republic,316,12,7288,313,1539,46,3162,113
2020-05-03,Dominican Republic,290,13,7578,326,1652,53,3243,109
2020-05-04,Dominican Republic,376,7,7954,333,1819,55,3274,107
2020-05-05,Dominican Republic,281,13,8235,346,2100,68,3271,111
2020-05-06,Dominican Republic,245,8,8480,354,2064,68,3436,109
2020-05-07,Dominican Republic,327,8,8807,362,2155,69,3507,102
2020-05-08,Dominican Republic,288,11,9095,373,2123,72,3552,108
2020-05-09,Dominican Republic,281,7,9376,380,2088,67,3627,113
2020-05-10,Dominican Republic,506,5,9882,385,2304,59,3956,112
2020-05-11,Dominican Republic,465,3,10347,388,2393,55,4212,110
2020-05-12,Dominican Republic,287,5,10634,393,2399,47,4499,115
2020-05-13,Dominican Republic,266,9,10900,402,2420,48,4484,116
2020-05-14,Dominican Republic,296,7,11196,409,2389,47,4544,116
2020-05-15,Dominican Republic,124,13,11320,422,2225,49,4348,121
2020-05-16,Dominican Republic,419,2,11739,424,2363,44,4451,111
2020-05-17,Dominican Republic,154,0,11893,424,2011,39,4315,98
2020-05-18,Dominican Republic,421,4,12314,428,1967,40,4360,95
2020-05-19,Dominican Republic,411,6,12725,434,2091,41,4490,88
2020-05-20,Dominican Republic,498,7,13223,441,2323,39,4743,87
2020-05-21,Dominican Republic,254,5,13477,446,2281,37,4670,84
2020-05-22,Dominican Republic,180,2,13657,448,2337,26,4562,75
2020-05-23,Dominican Republic,332,8,13989,456,2250,32,4613,76
2020-05-24,Dominican Republic,433,2,14422,458,2529,34,4540,73
2020-05-25,Dominican Republic,0,0,14422,458,2108,30,4075,70
2020-05-26,Dominican Republic,651,2,15073,460,2348,26,4439,67
2020-05-27,Dominican Republic,191,8,15264,468,2041,27,4364,66
2020-05-28,Dominican Republic,459,6,15723,474,2246,28,4527,65
2020-05-29,Dominican Republic,345,11,16068,485,2411,37,4748,63
2020-05-30,Dominican Republic,463,3,16531,488,2542,32,4792,64
2020-05-31,Dominican Republic,377,10,16908,498,2486,40,5015,74
2020-06-01,Dominican Republic,377,4,17285,502,2863,44,4971,74
2020-06-02,Dominican Republic,287,0,17572,502,2499,42,4847,68
2020-06-03,Dominican Republic,180,13,17752,515,2488,47,4529,74
2020-06-04,Dominican Republic,288,1,18040,516,2317,42,4563,70
2020-06-05,Dominican Republic,279,4,18319,520,2251,35,4662,72
2020-06-06,Dominican Republic,389,5,18708,525,2177,37,4719,69
2020-06-07,Dominican Republic,487,11,19195,536,2287,38,4773,78
2020-06-08,Dominican Republic,405,2,19600,538,2315,36,5178,80
2020-06-09,Dominican Republic,526,1,20126,539,2554,37,5053,79
2020-06-10,Dominican Republic,289,5,20415,544,2663,29,5151,76
2020-06-11,Dominican Republic,393,6,20808,550,2768,34,5085,76
2020-06-12,Dominican Republic,629,11,21437,561,3118,41,5369,76
2020-06-13,Dominican Republic,571,7,22008,568,3300,43,5477,80
2020-06-14,Dominican Republic,564,9,22572,577,3377,41,5664,79
2020-06-15,Dominican Republic,390,15,22962,592,3362,54,5677,90
2020-06-16,Dominican Republic,309,13,23271,605,3145,66,5699,103
2020-06-17,Dominican Republic,415,10,23686,615,3271,71,5934,100
2020-06-18,Dominican Republic,419,18,24105,633,3297,83,6065,117
2020-06-19,Dominican Republic,540,2,24645,635,3208,74,6326,115
2020-06-20,Dominican Republic,423,12,25068,647,3060,79,6360,122
2020-06-21,Dominican Republic,710,8,25778,655,3206,78,6583,119
2020-06-22,Dominican Republic,899,7,26677,662,3715,70,7077,124
2020-06-23,Dominican Republic,693,7,27370,669,4099,64,7244,130
2020-06-24,Dominican Republic,566,6,27936,675,4250,60,7521,131
2020-06-25,Dominican Republic,695,16,28631,691,4526,58,7823,141
2020-06-26,Dominican Republic,510,7,29141,698,4496,63,7704,137
2020-06-27,Dominican Republic,623,14,29764,712,4696,65,7756,144
2020-06-28,Dominican Republic,855,6,30619,718,4841,63,8047,141
2020-06-29,Dominican Republic,754,8,31373,726,4696,64,8411,134
2020-06-30,Dominican Republic,443,7,31816,733,4446,64,8545,128
2020-07-01,Dominican Republic,752,14,32568,747,4632,72,8882,132
2020-07-02,Dominican Republic,819,7,33387,754,4756,63,9282,121
2020-07-03,Dominican Republic,810,11,34197,765,5056,67,9552,130
2020-07-04,Dominican Republic,951,10,35148,775,5384,63,10080,128
2020-07-05,Dominican Republic,1036,11,36184,786,5565,68,10406,131
2020-07-06,Dominican Republic,1241,8,37425,794,6052,68,10748,132
2020-07-07,Dominican Republic,703,10,38128,804,6312,71,10758,135
2020-07-08,Dominican Republic,302,17,38430,821,5862,74,10494,146
2020-07-09,Dominican Republic,1158,8,39588,829,6201,75,10957,138
2020-07-10,Dominican Republic,1202,13,40790,842,6593,77,11649,144
2020-07-11,Dominican Republic,1125,22,41915,864,6767,89,12151,152
2020-07-12,Dominican Republic,1199,16,43114,880,6930,94,12495,162
2020-07-13,Dominican Republic,1418,17,44532,897,7107,103,13159,171
2020-07-14,Dominican Republic,974,6,45506,903,7378,99,13690,170
2020-07-15,Dominican Republic,799,7,46305,910,7875,89,13737,163
2020-07-16,Dominican Republic,1366,19,47671,929,8083,100,14284,175
2020-07-17,Dominican Republic,1072,12,48743,941,7953,99,14546,176
2020-07-18,Dominican Republic,1370,1,50113,942,8198,78,14965,167
2020-07-19,Dominican Republic,1406,29,51519,971,8405,91,15335,185
2020-07-20,Dominican Republic,1336,10,52855,981,8323,84,15430,187
2020-07-21,Dominican Republic,1101,12,53956,993,8450,90,15828,189
2020-07-22,Dominican Republic,841,6,54797,999,8492,89,16367,178
2020-07-23,Dominican Republic,1246,6,56043,1005,8372,76,16455,176
2020-07-24,Dominican Republic,1572,1,57615,1006,8872,65,16825,164
2020-07-25,Dominican Republic,1462,30,59077,1036,8964,94,17162,172
2020-07-26,Dominican Republic,1819,19,60896,1055,9377,84,17782,175
2020-07-27,Dominican Republic,2012,8,62908,1063,10053,82,18376,166
2020-07-28,Dominican Republic,1248,20,64156,1083,10200,90,18650,180
2020-07-29,Dominican Republic,534,18,64690,1101,9893,102,18385,191
2020-07-30,Dominican Republic,1492,22,66182,1123,10139,118,18511,194
2020-07-31,Dominican Republic,1733,23,67915,1146,10300,140,19172,205
2020-08-01,Dominican Republic,1734,14,69649,1160,10572,124,19536,218
2020-08-02,Dominican Republic,1766,10,71415,1170,10519,115,19896,199
2020-08-03,Dominican Republic,828,8,72243,1178,9335,115,19388,197
2020-08-04,Dominican Republic,874,5,73117,1183,8961,100,19161,190
2020-08-05,Dominican Republic,1178,30,74295,1213,9605,112,19498,214
2020-08-06,Dominican Republic,1365,9,75660,1222,9478,99,19617,217
2020-08-07,Dominican Republic,876,24,76536,1246,8621,100,18921,240
2020-08-08,Dominican Republic,1173,13,77709,1259,8060,99,18632,223
2020-08-09,Dominican Republic,1069,30,78778,1289,7363,119,17882,234
2020-08-10,Dominican Republic,954,20,79732,1309,7489,131,16824,246
2020-08-11,Dominican Republic,767,19,80499,1328,7382,145,16343,245
2020-08-12,Dominican Republic,595,18,81094,1346,6799,133,16404,245
2020-08-13,Dominican Republic,1130,25,82224,1371,6564,149,16042,248
2020-08-14,Dominican Republic,910,22,83134,1393,6598,147,15219,247
2020-08-15,Dominican Republic,1354,16,84488,1409,6779,150,14839,249
2020-08-16,Dominican Republic,1057,29,85545,1438,6767,149,14130,268
2020-08-17,Dominican Republic,764,15,86309,1453,6577,144,14066,275
2020-08-18,Dominican Republic,428,28,86737,1481,6238,153,13620,298
2020-08-19,Dominican Republic,386,8,87123,1489,6029,143,12828,276
2020-08-20,Dominican Republic,1004,12,88127,1501,5903,130,12467,279
2020-08-21,Dominican Republic,883,4,89010,1505,5876,112,12474,259
2020-08-22,Dominican Republic,857,28,89867,1533,5379,124,12158,274
2020-08-23,Dominican Republic,694,21,90561,1554,5016,116,11783,265
2020-08-24,Dominican Republic,600,13,91161,1567,4852,114,11429,258
2020-08-25,Dominican Republic,447,6,91608,1573,4871,92,11109,245
2020-08-26,Dominican Republic,609,12,92217,1585,5094,96,11123,239
2020-08-27,Dominican Republic,340,28,92557,1613,4430,112,10333,242
2020-08-28,Dominican Republic,407,17,92964,1630,3954,125,9830,237
2020-08-29,Dominican Republic,426,18,93390,1648,3523,115,8902,239
2020-08-30,Dominican Republic,342,25,93732,1673,3171,119,8187,235
2020-08-31,Dominican Republic,509,8,94241,1681,3080,114,7932,228
2020-04-01,Ecuador,336,17,2302,79,1220,52,2191,77
2020-04-02,Ecuador,456,41,2758,120,1547,91,2590,117
2020-04-03,Ecuador,405,0,3163,120,1760,86,2964,117
2020-04-04,Ecuador,205,25,3368,145,1741,104,2942,138
2020-04-05,Ecuador,97,27,3465,172,1630,124,2933,165
2020-04-06,Ecuador,181,8,3646,180,1756,122,2857,166
2020-04-07,Ecuador,101,11,3747,191,1781,129,2766,173
2020-04-08,Ecuador,248,29,3995,220,1693,141,2913,193
2020-04-09,Ecuador,455,22,4450,242,1692,122,3239,213
2020-04-10,Ecuador,515,30,4965,272,1802,152,3562,238
2020-04-11,Ecuador,2196,25,7161,297,3793,152,5534,256
2020-04-12,Ecuador,96,18,7257,315,3792,143,5422,267
2020-04-13,Ecuador,209,18,7466,333,3820,153,5576,275
2020-04-14,Ecuador,63,22,7529,355,3782,164,5563,293
2020-04-15,Ecuador,74,0,7603,355,3608,135,5301,276
2020-04-16,Ecuador,255,33,7858,388,3408,146,5100,268
2020-04-17,Ecuador,367,15,8225,403,3260,131,5062,283
2020-04-18,Ecuador,225,18,8450,421,1289,124,5082,276
2020-04-19,Ecuador,572,35,9022,456,1765,141,5557,284
2020-04-20,Ecuador,446,18,9468,474,2002,141,5822,294
2020-04-21,Ecuador,660,33,10128,507,2599,152,6381,316
2020-04-22,Ecuador,270,13,10398,520,2795,165,6403,300
2020-04-23,Ecuador,452,17,10850,537,2992,149,6400,295
2020-04-24,Ecuador,333,23,11183,560,2958,157,6218,288
2020-04-25,Ecuador,0,16,11183,576,2733,155,4022,279
2020-04-26,Ecuador,0,0,11183,576,2161,120,3926,261
2020-04-27,Ecuador,11536,0,22719,576,13251,102,15253,243
2020-04-28,Ecuador,521,87,23240,663,13112,156,15711,308
2020-04-29,Ecuador,1018,208,24258,871,13860,351,16655,516
2020-04-30,Ecuador,417,12,24675,883,13825,346,16817,495
2020-05-01,Ecuador,259,17,24934,900,13751,340,16709,497
2020-05-02,Ecuador,1402,163,26336,1063,15153,487,17886,642
2020-05-03,Ecuador,1128,308,27464,1371,16281,795,18442,915
2020-05-04,Ecuador,2074,193,29538,1564,6819,988,20070,1090
2020-05-05,Ecuador,2343,5,31881,1569,8641,906,21753,1062
2020-05-06,Ecuador,0,0,31881,1569,7623,698,21483,1049
2020-05-07,Ecuador,-2461,49,29420,1618,4745,735,18570,1081
2020-05-08,Ecuador,878,36,30298,1654,5364,754,19115,1094
2020-05-09,Ecuador,-1480,50,28818,1704,2482,641,17635,1128
2020-05-10,Ecuador,253,13,29071,1717,1607,346,17888,1141
2020-05-11,Ecuador,488,410,29559,2127,21,563,6840,1551
2020-05-12,Ecuador,-50,18,29509,2145,-2372,576,6269,1482
2020-05-13,Ecuador,910,182,30419,2327,-1462,758,6161,1456
2020-05-14,Ecuador,67,7,30486,2334,1066,716,5811,1451
2020-05-15,Ecuador,16,4,30502,2338,204,684,5568,1438
2020-05-16,Ecuador,965,256,31467,2594,2649,890,5131,1531
2020-05-17,Ecuador,1296,94,32763,2688,3692,971,5299,1317
2020-05-18,Ecuador,419,48,33182,2736,3623,609,3644,1172
2020-05-19,Ecuador,400,63,33582,2799,4073,654,1701,1230
2020-05-20,Ecuador,569,40,34151,2839,3732,512,2270,1270
2020-05-21,Ecuador,703,49,34854,2888,4368,554,5434,1270
2020-05-22,Ecuador,452,51,35306,2939,4804,601,5008,1285
2020-05-23,Ecuador,522,117,35828,3056,4361,462,7010,1352
2020-05-24,Ecuador,430,40,36258,3096,3495,408,7187,1379
2020-05-25,Ecuador,498,12,36756,3108,3574,372,7197,981
2020-05-26,Ecuador,599,95,37355,3203,3773,404,7846,1058
2020-05-27,Ecuador,0,0,37355,3203,3204,364,6936,876
2020-05-28,Ecuador,748,72,38103,3275,3249,387,7617,941
2020-05-29,Ecuador,368,38,38471,3313,3165,374,7969,975
2020-05-30,Ecuador,100,21,38571,3334,2743,278,7104,740
2020-05-31,Ecuador,0,0,38571,3334,2313,238,5808,646
2020-06-01,Ecuador,527,24,39098,3358,2342,250,5916,622
2020-06-02,Ecuador,896,36,39994,3394,2639,191,6412,595
2020-06-03,Ecuador,420,44,40414,3438,3059,235,6263,599
2020-06-04,Ecuador,552,48,40966,3486,2863,211,6112,598
2020-06-05,Ecuador,0,0,40966,3486,2495,173,5660,547
2020-06-06,Ecuador,609,48,41575,3534,3004,200,5747,478
2020-06-07,Ecuador,1153,74,42728,3608,4157,274,6470,512
2020-06-08,Ecuador,392,13,43120,3621,4022,263,6364,513
2020-06-09,Ecuador,258,21,43378,3642,3384,248,6023,439
2020-06-10,Ecuador,539,48,43917,3690,3503,252,6562,487
2020-06-11,Ecuador,523,30,44440,3720,3474,234,6337,445
2020-06-12,Ecuador,0,0,44440,3720,3474,234,5969,407
2020-06-13,Ecuador,1338,108,45778,3828,4203,294,7207,494
2020-06-14,Ecuador,578,46,46356,3874,3628,266,7785,540
2020-06-15,Ecuador,395,22,46751,3896,3631,275,7653,538
2020-06-16,Ecuador,571,33,47322,3929,3944,287,7328,535
2020-06-17,Ecuador,621,41,47943,3970,4026,280,7529,532
2020-06-18,Ecuador,547,37,48490,4007,4050,287,7524,521
2020-06-19,Ecuador,607,80,49097,4087,4657,367,8131,601
2020-06-20,Ecuador,634,69,49731,4156,3953,328,8156,622
2020-06-21,Ecuador,452,43,50183,4199,3827,325,7455,591
2020-06-22,Ecuador,457,24,50640,4223,3889,327,7520,602
2020-06-23,Ecuador,0,0,50640,4223,3318,294,7262,581
2020-06-24,Ecuador,1003,51,51643,4274,3700,304,7726,584
2020-06-25,Ecuador,691,35,52334,4309,3844,302,7894,589
2020-06-26,Ecuador,822,34,53156,4343,4059,256,8716,623
2020-06-27,Ecuador,700,63,53856,4406,4125,250,8078,578
2020-06-28,Ecuador,718,18,54574,4424,4391,225,8218,550
2020-06-29,Ecuador,681,5,55255,4429,4615,206,8504,533
2020-06-30,Ecuador,410,73,55665,4502,5025,279,8343,573
2020-07-01,Ecuador,767,25,56432,4527,4789,253,8489,557
2020-07-02,Ecuador,1825,49,58257,4576,5923,267,9767,569
2020-07-03,Ecuador,1211,63,59468,4639,6312,296,10371,552
2020-07-04,Ecuador,1189,61,60657,4700,6801,294,10926,544
2020-07-05,Ecuador,878,69,61535,4769,6961,345,11352,570
2020-07-06,Ecuador,423,12,61958,4781,6703,352,11318,558
2020-07-07,Ecuador,422,40,62380,4821,6715,319,11740,598
2020-07-08,Ecuador,865,52,63245,4873,6813,346,11602,599
2020-07-09,Ecuador,976,27,64221,4900,5964,324,11887,591
2020-07-10,Ecuador,797,39,65018,4939,5550,300,11862,596
2020-07-11,Ecuador,783,44,65801,4983,5144,283,11945,577
2020-07-12,Ecuador,1408,48,67209,5031,5674,262,12635,607
2020-07-13,Ecuador,661,16,67870,5047,5912,266,12615,618
2020-07-14,Ecuador,589,16,68459,5063,6079,242,12794,561
2020-07-15,Ecuador,1111,67,69570,5130,6325,257,13138,603
2020-07-16,Ecuador,759,28,70329,5158,6108,258,12072,582
2020-07-17,Ecuador,1036,49,71365,5207,6347,268,11897,568
2020-07-18,Ecuador,1079,43,72444,5250,6643,267,11787,550
2020-07-19,Ecuador,938,32,73382,5282,6173,251,11847,513
2020-07-20,Ecuador,631,31,74013,5313,6143,266,12055,532
2020-07-21,Ecuador,607,5,74620,5318,6161,255,12240,497
2020-07-22,Ecuador,1597,48,76217,5366,6647,236,12972,493
2020-07-23,Ecuador,1040,52,77257,5418,6928,260,13036,518
2020-07-24,Ecuador,891,21,78148,5439,6783,232,13130,500
2020-07-25,Ecuador,901,29,79049,5468,6605,218,13248,485
2020-07-26,Ecuador,987,39,80036,5507,6654,225,12827,476
2020-07-27,Ecuador,658,8,80694,5515,6681,202,12824,468
2020-07-28,Ecuador,467,17,81161,5532,6541,214,12702,469
2020-07-29,Ecuador,1118,52,82279,5584,6062,218,12709,454
2020-07-30,Ecuador,914,39,83193,5623,5936,205,12864,465
2020-07-31,Ecuador,1177,34,84370,5657,6222,218,13005,450
2020-08-01,Ecuador,985,45,85355,5702,6306,234,12911,452
2020-08-02,Ecuador,877,34,86232,5736,6196,229,12850,454
2020-08-03,Ecuador,292,14,86524,5750,5830,235,12511,437
2020-08-04,Ecuador,517,17,87041,5767,5880,235,12421,449
2020-08-05,Ecuador,922,41,87963,5808,5684,224,11746,442
2020-08-06,Ecuador,903,39,88866,5847,5673,224,11609,429
2020-08-07,Ecuador,1671,40,90537,5887,6167,230,12389,448
2020-08-08,Ecuador,1432,10,91969,5897,6614,195,12920,429
2020-08-09,Ecuador,1603,19,93572,5916,7340,180,13536,409
2020-08-10,Ecuador,887,6,94459,5922,7935,172,13765,407
2020-08-11,Ecuador,242,10,94701,5932,7660,165,13540,400
2020-08-12,Ecuador,862,19,95563,5951,7600,143,13284,367
2020-08-13,Ecuador,1547,33,97110,5984,8244,137,13917,361
2020-08-14,Ecuador,1233,26,98343,6010,7806,123,13973,353
2020-08-15,Ecuador,1066,20,99409,6030,7440,133,14054,328
2020-08-16,Ecuador,1279,35,100688,6065,7116,149,14456,329
2020-08-17,Ecuador,854,5,101542,6070,7083,148,15018,320
2020-08-18,Ecuador,209,13,101751,6083,7050,151,14710,316
2020-08-19,Ecuador,1190,22,102941,6105,7378,154,14978,297
2020-08-20,Ecuador,1534,41,104475,6146,7365,162,15609,299
2020-08-21,Ecuador,1033,54,105508,6200,7165,190,14971,313
2020-08-22,Ecuador,973,48,106481,6248,7072,218,14512,351
2020-08-23,Ecuador,608,29,107089,6277,6401,212,13517,361
2020-08-24,Ecuador,680,33,107769,6310,6227,240,13310,388
2020-08-25,Ecuador,520,12,108289,6322,6538,239,13588,390
2020-08-26,Ecuador,741,46,109030,6368,6089,263,13467,417
2020-08-27,Ecuador,1519,42,110549,6410,6074,264,13439,426
2020-08-28,Ecuador,670,61,111219,6471,5711,271,12876,461
2020-08-29,Ecuador,922,33,112141,6504,5660,256,12732,474
2020-08-30,Ecuador,765,33,112906,6537,5817,260,12218,472
2020-08-31,Ecuador,742,18,113648,6555,5879,245,12106,485
2020-04-01,Egypt,47,1,656,41,290,22,490,37
2020-04-02,Egypt,54,5,710,46,268,25,514,40
2020-04-03,Egypt,69,6,779,52,323,31,569,46
2020-04-04,Egypt,0,0,779,52,284,28,523,45
2020-04-05,Egypt,206,14,985,66,449,36,700,58
2020-04-06,Egypt,85,5,1070,71,494,35,776,61
2020-04-07,Egypt,3,7,1073,78,464,38,746,64
2020-04-08,Egypt,249,7,1322,85,666,44,956,66
2020-04-09,Egypt,238,18,1560,103,850,57,1118,82
2020-04-10,Egypt,139,15,1699,118,920,66,1243,97
2020-04-11,Egypt,95,17,1794,135,1015,83,1299,111
2020-04-12,Egypt,145,11,1939,146,954,80,1403,116
2020-04-13,Egypt,126,13,2065,159,995,88,1489,123
2020-04-14,Egypt,125,5,2190,164,1117,86,1581,124
2020-04-15,Egypt,160,14,2350,178,1028,93,1694,137
2020-04-16,Egypt,155,5,2505,183,945,80,1795,137
2020-04-17,Egypt,168,13,2673,196,974,78,1894,144
2020-04-18,Egypt,171,9,2844,205,1050,70,2065,153
2020-04-19,Egypt,188,19,3032,224,1093,78,2047,158
2020-04-20,Egypt,112,15,3144,239,1079,80,2074,168
2020-04-21,Egypt,189,11,3333,250,1143,86,2260,172
2020-04-22,Egypt,157,14,3490,264,1140,86,2168,179
2020-04-23,Egypt,0,0,3490,264,985,81,1930,161
2020-04-24,Egypt,169,12,3659,276,986,80,1960,158
2020-04-25,Egypt,433,18,4092,294,1248,89,2298,159
2020-04-26,Egypt,227,13,4319,307,1287,83,2380,161
2020-04-27,Egypt,0,0,4319,307,1175,68,2254,148
2020-04-28,Egypt,463,30,4782,337,1449,87,2592,173
2020-04-29,Egypt,260,22,5042,359,1552,95,2692,181
2020-04-30,Egypt,226,21,5268,380,1778,116,2763,197
2020-05-01,Egypt,269,12,5537,392,1878,116,2864,196
2020-05-02,Egypt,358,14,5895,406,1803,112,3051,201
2020-05-03,Egypt,298,9,6193,415,1874,108,3161,191
2020-05-04,Egypt,272,14,6465,429,2146,122,3321,190
2020-05-05,Egypt,348,7,6813,436,2031,99,3480,186
2020-05-06,Egypt,388,16,7201,452,2159,93,3711,188
2020-05-07,Egypt,387,17,7588,469,2320,89,4098,205
2020-05-08,Egypt,393,13,7981,482,2444,90,4322,206
2020-05-09,Egypt,495,21,8476,503,2581,97,4384,209
2020-05-10,Egypt,488,11,8964,514,2771,99,4645,207
2020-05-11,Egypt,436,11,9400,525,2935,96,5081,218
2020-05-12,Egypt,346,8,9746,533,2933,97,4964,196
2020-05-13,Egypt,347,11,10093,544,2892,92,5051,185
2020-05-14,Egypt,338,12,10431,556,2843,87,5163,176
2020-05-15,Egypt,398,15,10829,571,2848,89,5292,179
2020-05-16,Egypt,399,21,11228,592,2752,89,5333,186
2020-05-17,Egypt,491,20,11719,612,2755,98,5526,197
2020-05-18,Egypt,510,18,12229,630,2829,105,5764,201
2020-05-19,Egypt,535,15,12764,645,3018,112,5951,209
2020-05-20,Egypt,720,14,13484,659,3391,115,6283,207
2020-05-21,Egypt,745,21,14229,680,3798,124,6641,211
2020-05-22,Egypt,774,16,15003,696,4174,125,7022,214
2020-05-23,Egypt,783,11,15786,707,4558,115,7310,204
2020-05-24,Egypt,827,28,16613,735,4894,123,7649,221
2020-05-25,Egypt,652,29,17265,764,5036,134,7865,239
2020-05-26,Egypt,702,19,17967,783,5203,138,8221,250
2020-05-27,Egypt,789,14,18756,797,5272,138,8663,253
2020-05-28,Egypt,910,19,19666,816,5437,136,9235,260
2020-05-29,Egypt,1127,29,20793,845,5790,149,9964,274
2020-05-30,Egypt,1289,34,22082,879,6296,172,10854,287
2020-05-31,Egypt,1367,34,23449,913,6836,178,11730,301
2020-06-01,Egypt,1536,46,24985,959,7720,195,12756,329
2020-06-02,Egypt,1399,46,26384,1005,8417,222,13620,360
2020-06-03,Egypt,1152,47,27536,1052,8780,255,14052,393
2020-06-04,Egypt,1079,36,28615,1088,8949,272,14386,408
2020-06-05,Egypt,1152,38,29767,1126,8974,281,14764,430
2020-06-06,Egypt,1348,40,31115,1166,9033,287,15329,459
2020-06-07,Egypt,1497,32,32612,1198,9163,285,15999,463
2020-06-08,Egypt,1467,39,34079,1237,9094,278,16814,473
2020-06-09,Egypt,1365,34,35444,1271,9060,266,17477,488
2020-06-10,Egypt,1385,35,36829,1306,9293,254,18073,509
2020-06-11,Egypt,1455,36,38284,1342,9669,254,18618,526
2020-06-12,Egypt,1442,35,39726,1377,9959,251,18933,532
2020-06-13,Egypt,1578,45,41304,1422,10189,256,19222,543
2020-06-14,Egypt,1676,62,42980,1484,10368,286,19531,571
2020-06-15,Egypt,1618,91,44598,1575,10519,338,19613,616
2020-06-16,Egypt,1691,97,46289,1672,10845,401,19905,667
2020-06-17,Egypt,1567,94,47856,1766,11027,460,20320,714
2020-06-18,Egypt,1363,84,49219,1850,10935,508,20604,762
2020-06-19,Egypt,1218,88,50437,1938,10711,561,20670,812
2020-06-20,Egypt,1774,79,52211,2017,10907,595,21096,851
2020-06-21,Egypt,1547,89,53758,2106,10778,622,21146,908
2020-06-22,Egypt,1475,87,55233,2193,10635,618,21154,956
2020-06-23,Egypt,1576,85,56809,2278,10520,606,21365,1007
2020-06-24,Egypt,1332,87,58141,2365,10285,599,21312,1059
2020-06-25,Egypt,1420,85,59561,2450,10342,600,21277,1108
2020-06-26,Egypt,1569,83,61130,2533,10693,595,21404,1156
2020-06-27,Egypt,1625,87,62755,2620,10544,603,21451,1198
2020-06-28,Egypt,1168,88,63923,2708,10165,602,20943,1224
2020-06-29,Egypt,1265,81,65188,2789,9955,596,20590,1214
2020-06-30,Egypt,1566,83,66754,2872,9945,594,20465,1200
2020-07-01,Egypt,1557,81,68311,2953,10170,588,20455,1187
2020-07-02,Egypt,1503,81,69814,3034,10253,584,20595,1184
2020-07-03,Egypt,1485,86,71299,3120,10169,587,20862,1182
2020-07-04,Egypt,1412,81,72711,3201,9956,581,20500,1184
2020-07-05,Egypt,1324,79,74035,3280,10112,572,20277,1174
2020-07-06,Egypt,1218,63,75253,3343,10065,554,20020,1150
2020-07-07,Egypt,969,79,76222,3422,9468,550,19413,1144
2020-07-08,Egypt,1057,67,77279,3489,8968,536,19138,1124
2020-07-09,Egypt,1025,75,78304,3564,8490,530,18743,1114
2020-07-10,Egypt,950,53,79254,3617,7955,497,18124,1084
2020-07-11,Egypt,981,85,80235,3702,7524,501,17480,1082
2020-07-12,Egypt,923,67,81158,3769,7123,489,17235,1061
2020-07-13,Egypt,912,89,82070,3858,6817,515,16882,1069
2020-07-14,Egypt,931,77,83001,3935,6779,513,16247,1063
2020-07-15,Egypt,929,73,83930,4008,6651,519,15619,1055
2020-07-16,Egypt,913,59,84843,4067,6539,503,15029,1033
2020-07-17,Egypt,928,53,85771,4120,6517,503,14472,1000
2020-07-18,Egypt,703,68,86474,4188,6239,486,13763,987
2020-07-19,Egypt,698,63,87172,4251,6014,482,13137,971
2020-07-20,Egypt,603,51,87775,4302,5705,444,12522,959
2020-07-21,Egypt,627,50,88402,4352,5401,417,12180,930
2020-07-22,Egypt,676,47,89078,4399,5148,391,11799,910
2020-07-23,Egypt,667,41,89745,4440,4902,373,11441,876
2020-07-24,Egypt,668,40,90413,4480,4642,360,11159,863
2020-07-25,Egypt,659,38,91072,4518,4598,330,10837,816
2020-07-26,Egypt,511,40,91583,4558,4411,307,10425,789
2020-07-27,Egypt,479,48,92062,4606,4287,304,9992,748
2020-07-28,Egypt,420,46,92482,4652,4080,300,9481,717
2020-07-29,Egypt,465,39,92947,4691,3869,292,9017,683
2020-07-30,Egypt,409,37,93356,4728,3611,288,8513,661
2020-07-31,Egypt,401,46,93757,4774,3344,294,7986,654
2020-08-01,Egypt,321,31,94078,4805,3006,287,7604,617
2020-08-02,Egypt,238,29,94316,4834,2733,276,7144,583
2020-08-03,Egypt,167,31,94483,4865,2421,259,6708,563
2020-08-04,Egypt,157,23,94640,4888,2158,236,6238,536
2020-08-05,Egypt,112,24,94752,4912,1805,221,5674,513
2020-08-06,Egypt,123,18,94875,4930,1519,202,5130,490
2020-08-07,Egypt,131,21,95006,4951,1249,177,4593,471
2020-08-08,Egypt,141,20,95147,4971,1069,166,4075,453
2020-08-09,Egypt,167,21,95314,4992,998,158,3731,434
2020-08-10,Egypt,178,17,95492,5009,1009,144,3430,403
2020-08-11,Egypt,174,26,95666,5035,1026,147,3184,383
2020-08-12,Egypt,168,24,95834,5059,1082,147,2887,368
2020-08-13,Egypt,129,26,95963,5085,1088,155,2607,357
2020-08-14,Egypt,145,22,96108,5107,1102,156,2351,333
2020-08-15,Egypt,112,17,96220,5124,1073,153,2142,319
2020-08-16,Egypt,116,17,96336,5141,1022,149,2020,307
2020-08-17,Egypt,139,19,96475,5160,983,151,1992,295
2020-08-18,Egypt,115,13,96590,5173,924,138,1950,285
2020-08-19,Egypt,0,0,96590,5173,756,114,1838,261
2020-08-20,Egypt,324,24,96914,5197,951,112,2039,267
2020-08-21,Egypt,111,15,97025,5212,917,105,2019,261
2020-08-22,Egypt,123,19,97148,5231,928,107,2001,260
2020-08-23,Egypt,89,12,97237,5243,901,102,1923,251
2020-08-24,Egypt,0,0,97237,5243,762,83,1745,234
2020-08-25,Egypt,241,37,97478,5280,888,107,1812,245
2020-08-26,Egypt,141,18,97619,5298,1029,125,1785,239
2020-08-27,Egypt,206,19,97825,5317,911,120,1862,232
2020-08-28,Egypt,237,25,98062,5342,1037,130,1954,235
2020-08-29,Egypt,223,20,98285,5362,1137,131,2065,238
2020-08-30,Egypt,212,14,98497,5376,1260,133,2161,235
2020-08-31,Egypt,230,23,98727,5399,1490,156,2252,239
2020-04-01,El Salvador,0,1,32,1,23,1,32,1
2020-04-02,El Salvador,9,1,41,2,28,2,40,2
2020-04-03,El Salvador,5,0,46,2,33,2,45,2
2020-04-04,El Salvador,10,1,56,3,43,3,53,3
2020-04-05,El Salvador,6,0,62,3,43,3,59,3
2020-04-06,El Salvador,7,0,69,3,39,3,66,3
2020-04-07,El Salvador,9,1,78,4,46,4,73,4
2020-04-08,El Salvador,0,0,78,4,46,3,69,4
2020-04-09,El Salvador,25,1,103,5,62,3,90,5
2020-04-10,El Salvador,14,1,117,6,71,4,104,6
2020-04-11,El Salvador,1,0,118,6,62,3,105,6
2020-04-12,El Salvador,0,0,118,6,56,3,99,6
2020-04-13,El Salvador,7,0,125,6,56,3,95,6
2020-04-14,El Salvador,24,0,149,6,71,2,117,6
2020-04-15,El Salvador,10,0,159,6,81,2,127,5
2020-04-16,El Salvador,0,0,159,6,56,1,118,4
2020-04-17,El Salvador,5,0,164,6,47,0,118,4
2020-04-18,El Salvador,13,1,177,7,59,1,121,4
2020-04-19,El Salvador,13,0,190,7,72,1,128,4
2020-04-20,El Salvador,11,0,201,7,76,1,132,4
2020-04-21,El Salvador,17,0,218,7,69,1,140,3
2020-04-22,El Salvador,7,0,225,7,66,1,147,3
2020-04-23,El Salvador,12,1,237,8,78,2,134,3
2020-04-24,El Salvador,13,0,250,8,86,2,133,2
2020-04-25,El Salvador,11,0,261,8,84,1,143,2
2020-04-26,El Salvador,37,0,298,8,108,1,180,2
2020-04-27,El Salvador,0,0,298,8,97,1,173,2
2020-04-28,El Salvador,25,0,323,8,105,1,174,2
2020-04-29,El Salvador,22,1,345,9,120,2,186,3
2020-04-30,El Salvador,32,0,377,9,140,1,218,3
2020-05-01,El Salvador,47,1,424,10,174,2,260,4
2020-05-02,El Salvador,22,0,446,10,185,2,269,3
2020-05-03,El Salvador,0,1,446,11,148,3,256,4
2020-05-04,El Salvador,109,1,555,12,257,4,354,5
2020-05-05,El Salvador,32,1,587,13,264,5,369,6
2020-05-06,El Salvador,0,1,587,14,242,5,362,7
2020-05-07,El Salvador,108,1,695,15,318,6,458,7
2020-05-08,El Salvador,0,0,695,15,271,5,445,7
2020-05-09,El Salvador,89,1,784,16,338,6,523,8
2020-05-10,El Salvador,105,1,889,17,443,6,591,9
2020-05-11,El Salvador,69,0,958,17,403,5,660,9
2020-05-12,El Salvador,40,1,998,18,411,5,675,10
2020-05-13,El Salvador,39,2,1037,20,450,6,692,11
2020-05-14,El Salvador,75,0,1112,20,417,5,735,11
2020-05-15,El Salvador,98,3,1210,23,515,8,786,13
2020-05-16,El Salvador,55,2,1265,25,481,9,819,15
2020-05-17,El Salvador,0,1,1265,26,376,9,819,15
2020-05-18,El Salvador,73,4,1338,30,380,13,783,18
2020-05-19,El Salvador,75,0,1413,30,415,12,826,17
2020-05-20,El Salvador,85,1,1498,31,461,11,911,17
2020-05-21,El Salvador,73,1,1571,32,459,12,876,17
2020-05-22,El Salvador,69,1,1640,33,430,10,945,18
2020-05-23,El Salvador,85,0,1725,33,460,8,941,17
2020-05-24,El Salvador,94,2,1819,35,554,9,930,18
2020-05-25,El Salvador,96,0,1915,35,577,5,957,18
2020-05-26,El Salvador,68,1,1983,36,570,6,985,18
2020-05-27,El Salvador,59,0,2042,36,544,5,1005,16
2020-05-28,El Salvador,67,3,2109,39,538,7,997,19
2020-05-29,El Salvador,85,0,2194,39,554,6,984,16
2020-05-30,El Salvador,84,4,2278,43,553,10,1013,18
2020-05-31,El Salvador,239,3,2517,46,698,11,1252,20
2020-06-01,El Salvador,0,0,2517,46,602,11,1179,16
2020-06-02,El Salvador,65,0,2582,46,599,10,1169,16
2020-06-03,El Salvador,71,3,2653,49,611,13,1155,18
2020-06-04,El Salvador,52,2,2705,51,596,12,1134,19
2020-06-05,El Salvador,76,1,2781,52,587,13,1141,19
2020-06-06,El Salvador,68,1,2849,53,571,10,1124,20
2020-06-07,El Salvador,85,0,2934,53,417,7,1115,18
2020-06-08,El Salvador,81,2,3015,55,498,9,1100,20
2020-06-09,El Salvador,89,3,3104,58,522,12,1121,22
2020-06-10,El Salvador,87,2,3191,60,538,11,1149,24
2020-06-11,El Salvador,83,4,3274,64,569,13,1165,25
2020-06-12,El Salvador,207,4,3481,68,700,16,1287,29
2020-06-13,El Salvador,0,4,3481,72,632,19,1203,29
2020-06-14,El Salvador,122,0,3603,72,669,19,1086,26
2020-06-15,El Salvador,117,2,3720,74,705,19,1203,28
2020-06-16,El Salvador,106,2,3826,76,722,18,1244,30
2020-06-17,El Salvador,115,2,3941,78,750,18,1288,29
2020-06-18,El Salvador,125,4,4066,82,792,18,1361,31
2020-06-19,El Salvador,134,4,4200,86,719,18,1419,34
2020-06-20,El Salvador,129,7,4329,93,848,21,1480,40
2020-06-21,El Salvador,297,5,4626,98,1023,26,1692,45
2020-06-22,El Salvador,0,9,4626,107,906,33,1611,52
2020-06-23,El Salvador,182,0,4808,107,982,31,1704,49
2020-06-24,El Salvador,165,6,4973,113,1032,35,1782,53
2020-06-25,El Salvador,177,13,5150,126,1084,44,1876,62
2020-06-26,El Salvador,186,7,5336,133,1136,47,1855,65
2020-06-27,El Salvador,181,10,5517,143,1188,50,2036,71
2020-06-28,El Salvador,417,9,5934,152,1308,54,2331,80
2020-06-29,El Salvador,0,12,5934,164,1308,57,2214,90
2020-06-30,El Salvador,239,0,6173,164,1365,57,2347,88
2020-07-01,El Salvador,265,10,6438,174,1465,61,2497,96
2020-07-02,El Salvador,298,8,6736,182,1586,56,2670,100
2020-07-03,El Salvador,264,9,7000,191,1664,58,2800,105
2020-07-04,El Salvador,267,19,7267,210,1750,67,2938,117
2020-07-05,El Salvador,240,0,7507,210,1573,58,2881,112
2020-07-06,El Salvador,270,7,7777,217,1843,53,3151,110
2020-07-07,El Salvador,250,6,8027,223,1854,59,3219,116
2020-07-08,El Salvador,280,6,8307,229,1869,55,3334,116
2020-07-09,El Salvador,259,6,8566,235,1830,53,3416,109
2020-07-10,El Salvador,278,8,8844,243,1844,52,3508,110
2020-07-11,El Salvador,298,6,9142,249,1875,39,3625,106
2020-07-12,El Salvador,249,5,9391,254,1884,44,3457,102
2020-07-13,El Salvador,283,13,9674,267,1897,50,3740,103
2020-07-14,El Salvador,304,11,9978,278,1951,55,3805,114
2020-07-15,El Salvador,325,0,10303,278,1996,49,3865,104
2020-07-16,El Salvador,342,20,10645,298,2079,63,3909,116
2020-07-17,El Salvador,312,11,10957,309,2113,66,3957,118
2020-07-18,El Salvador,250,15,11207,324,2065,75,3940,114
2020-07-19,El Salvador,301,0,11508,324,2117,70,4001,114
2020-07-20,El Salvador,338,20,11846,344,2172,77,4069,127
2020-07-21,El Salvador,361,8,12207,352,2229,74,4180,129
2020-07-22,El Salvador,375,11,12582,363,2279,85,4275,134
2020-07-23,El Salvador,393,0,12975,363,2330,65,4409,128
2020-07-24,El Salvador,402,9,13377,372,2420,63,4533,129
2020-07-25,El Salvador,415,18,13792,390,2585,66,4650,141
2020-07-26,El Salvador,429,0,14221,390,2713,66,4830,136
2020-07-27,El Salvador,409,18,14630,408,2784,64,4956,141
2020-07-28,El Salvador,405,0,15035,408,2828,56,5057,130
2020-07-29,El Salvador,411,9,15446,417,2864,54,5143,139
2020-07-30,El Salvador,395,13,15841,430,2866,67,5196,132
2020-07-31,El Salvador,389,9,16230,439,2853,67,5273,130
2020-08-01,El Salvador,402,9,16632,448,2840,58,5425,124
2020-08-02,El Salvador,418,19,17050,467,2829,77,5542,143
2020-08-03,El Salvador,398,0,17448,467,2818,59,5602,123
2020-08-04,El Salvador,395,19,17843,486,2808,78,5636,134
2020-08-05,El Salvador,419,0,18262,486,2816,69,5680,123
2020-08-06,El Salvador,439,27,18701,513,2860,83,5726,150
2020-08-07,El Salvador,425,7,19126,520,2896,81,5749,148
2020-08-08,El Salvador,418,16,19544,536,2912,88,5752,146
2020-08-09,El Salvador,434,0,19978,536,2928,69,5757,146
2020-08-10,El Salvador,445,27,20423,563,2975,96,5793,155
2020-08-11,El Salvador,449,7,20872,570,3029,84,5837,162
2020-08-12,El Salvador,397,7,21269,577,3007,91,5823,160
2020-08-13,El Salvador,375,0,21644,577,2943,64,5803,147
2020-08-14,El Salvador,349,7,21993,584,2867,64,5763,145
2020-08-15,El Salvador,321,11,22314,595,2770,59,5682,147
2020-08-16,El Salvador,305,17,22619,612,2641,76,5569,145
2020-08-17,El Salvador,293,6,22912,618,2489,55,5464,151
2020-08-18,El Salvador,281,0,23193,618,2321,48,5350,132
2020-08-19,El Salvador,269,15,23462,633,2193,56,5200,147
2020-08-20,El Salvador,255,7,23717,640,2073,63,5016,127
2020-08-21,El Salvador,247,0,23964,640,1971,56,4838,120
2020-08-22,El Salvador,456,14,24420,654,2106,59,4876,118
2020-08-23,El Salvador,0,0,24420,654,1801,42,4442,118
2020-08-24,El Salvador,202,15,24622,669,1710,51,4199,106
2020-08-25,El Salvador,189,9,24811,678,1618,60,3939,108
2020-08-26,El Salvador,175,9,24986,687,1524,54,3717,110
2020-08-27,El Salvador,154,0,25140,687,1423,47,3496,110
2020-08-28,El Salvador,144,7,25284,694,1320,54,3291,110
2020-08-29,El Salvador,131,8,25415,702,995,48,3101,107
2020-08-30,El Salvador,220,11,25635,713,1215,59,3016,101
2020-08-31,El Salvador,94,4,25729,717,1107,48,2817,99
2020-04-01,Equatorial Guinea,1,0,15,0,6,0,14,0
2020-04-02,Equatorial Guinea,0,0,15,0,4,0,12,0
2020-04-03,Equatorial Guinea,0,0,15,0,3,0,11,0
2020-04-04,Equatorial Guinea,1,0,16,0,3,0,12,0
2020-04-05,Equatorial Guinea,0,0,16,0,3,0,10,0
2020-04-06,Equatorial Guinea,0,0,16,0,2,0,10,0
2020-04-07,Equatorial Guinea,0,0,16,0,2,0,7,0
2020-04-08,Equatorial Guinea,0,0,16,0,1,0,7,0
2020-04-09,Equatorial Guinea,2,0,18,0,3,0,7,0
2020-04-10,Equatorial Guinea,0,0,18,0,3,0,6,0
2020-04-11,Equatorial Guinea,0,0,18,0,2,0,5,0
2020-04-12,Equatorial Guinea,0,0,18,0,2,0,5,0
2020-04-13,Equatorial Guinea,3,0,21,0,5,0,7,0
2020-04-14,Equatorial Guinea,0,0,21,0,5,0,7,0
2020-04-15,Equatorial Guinea,20,0,41,0,25,0,26,0
2020-04-16,Equatorial Guinea,10,0,51,0,33,0,36,0
2020-04-17,Equatorial Guinea,0,0,51,0,33,0,36,0
2020-04-18,Equatorial Guinea,28,0,79,0,61,0,63,0
2020-04-19,Equatorial Guinea,0,0,79,0,61,0,63,0
2020-04-20,Equatorial Guinea,0,0,79,0,58,0,63,0
2020-04-21,Equatorial Guinea,0,0,79,0,58,0,63,0
2020-04-22,Equatorial Guinea,0,0,79,0,38,0,63,0
2020-04-23,Equatorial Guinea,4,0,83,0,32,0,65,0
2020-04-24,Equatorial Guinea,1,1,84,1,33,1,66,1
2020-04-25,Equatorial Guinea,128,0,212,1,133,1,194,1
2020-04-26,Equatorial Guinea,2,0,214,1,135,1,196,1
2020-04-27,Equatorial Guinea,44,0,258,1,179,1,237,1
2020-04-28,Equatorial Guinea,0,0,258,1,179,1,237,1
2020-04-29,Equatorial Guinea,57,0,315,1,236,1,274,1
2020-04-30,Equatorial Guinea,0,0,315,1,232,1,264,1
2020-05-01,Equatorial Guinea,0,0,315,1,231,0,264,1
2020-05-02,Equatorial Guinea,0,0,315,1,103,0,236,1
2020-05-03,Equatorial Guinea,0,0,315,1,101,0,236,1
2020-05-04,Equatorial Guinea,0,0,315,1,57,0,236,1
2020-05-05,Equatorial Guinea,0,1,315,2,57,1,236,2
2020-05-06,Equatorial Guinea,124,2,439,4,124,3,360,4
2020-05-07,Equatorial Guinea,0,0,439,4,124,3,356,4
2020-05-08,Equatorial Guinea,0,0,439,4,124,3,355,3
2020-05-09,Equatorial Guinea,0,0,439,4,124,3,227,3
2020-05-10,Equatorial Guinea,0,0,439,4,124,3,225,3
2020-05-11,Equatorial Guinea,0,0,439,4,124,3,181,3
2020-05-12,Equatorial Guinea,0,0,439,4,124,2,181,3
2020-05-13,Equatorial Guinea,0,0,439,4,0,0,124,3
2020-05-14,Equatorial Guinea,83,2,522,6,83,2,207,5
2020-05-15,Equatorial Guinea,72,1,594,7,155,3,279,6
2020-05-16,Equatorial Guinea,0,0,594,7,155,3,279,6
2020-05-17,Equatorial Guinea,0,0,594,7,155,3,279,6
2020-05-18,Equatorial Guinea,0,0,594,7,155,3,279,6
2020-05-19,Equatorial Guinea,125,0,719,7,280,3,404,5
2020-05-20,Equatorial Guinea,171,0,890,7,451,3,451,3
2020-05-21,Equatorial Guinea,0,0,890,7,368,1,451,3
2020-05-22,Equatorial Guinea,13,3,903,10,309,3,464,6
2020-05-23,Equatorial Guinea,0,0,903,10,309,3,464,6
2020-05-24,Equatorial Guinea,140,2,1043,12,449,5,604,8
2020-05-25,Equatorial Guinea,0,0,1043,12,449,5,604,8
2020-05-26,Equatorial Guinea,0,0,1043,12,324,5,604,8
2020-05-27,Equatorial Guinea,0,0,1043,12,153,5,604,8
2020-05-28,Equatorial Guinea,0,0,1043,12,153,5,521,6
2020-05-29,Equatorial Guinea,0,0,1043,12,140,2,449,5
2020-05-30,Equatorial Guinea,0,0,1043,12,140,2,449,5
2020-05-31,Equatorial Guinea,263,0,1306,12,263,0,712,5
2020-06-01,Equatorial Guinea,0,0,1306,12,263,0,712,5
2020-06-02,Equatorial Guinea,0,0,1306,12,263,0,587,5
2020-06-03,Equatorial Guinea,0,0,1306,12,263,0,416,5
2020-06-04,Equatorial Guinea,0,0,1306,12,263,0,416,5
2020-06-05,Equatorial Guinea,0,0,1306,12,263,0,403,2
2020-06-06,Equatorial Guinea,0,0,1306,12,263,0,403,2
2020-06-07,Equatorial Guinea,0,0,1306,12,0,0,263,0
2020-06-08,Equatorial Guinea,0,0,1306,12,0,0,263,0
2020-06-09,Equatorial Guinea,0,0,1306,12,0,0,263,0
2020-06-10,Equatorial Guinea,0,0,1306,12,0,0,263,0
2020-06-11,Equatorial Guinea,0,0,1306,12,0,0,263,0
2020-06-12,Equatorial Guinea,0,0,1306,12,0,0,263,0
2020-06-13,Equatorial Guinea,0,0,1306,12,0,0,263,0
2020-06-14,Equatorial Guinea,0,0,1306,12,0,0,0,0
2020-06-15,Equatorial Guinea,0,0,1306,12,0,0,0,0
2020-06-16,Equatorial Guinea,0,0,1306,12,0,0,0,0
2020-06-17,Equatorial Guinea,0,0,1306,12,0,0,0,0
2020-06-18,Equatorial Guinea,0,0,1306,12,0,0,0,0
2020-06-19,Equatorial Guinea,0,0,1306,12,0,0,0,0
2020-06-20,Equatorial Guinea,358,20,1664,32,358,20,358,20
2020-06-21,Equatorial Guinea,0,0,1664,32,358,20,358,20
2020-06-22,Equatorial Guinea,0,0,1664,32,358,20,358,20
2020-06-23,Equatorial Guinea,337,0,2001,32,695,20,695,20
2020-06-24,Equatorial Guinea,0,0,2001,32,695,20,695,20
2020-06-25,Equatorial Guinea,0,0,2001,32,695,20,695,20
2020-06-26,Equatorial Guinea,0,0,2001,32,695,20,695,20
2020-06-27,Equatorial Guinea,0,0,2001,32,337,0,695,20
2020-06-28,Equatorial Guinea,0,0,2001,32,337,0,695,20
2020-06-29,Equatorial Guinea,0,0,2001,32,337,0,695,20
2020-06-30,Equatorial Guinea,0,0,2001,32,0,0,695,20
2020-07-01,Equatorial Guinea,0,0,2001,32,0,0,695,20
2020-07-02,Equatorial Guinea,0,0,2001,32,0,0,695,20
2020-07-03,Equatorial Guinea,1070,19,3071,51,1070,19,1765,39
2020-07-04,Equatorial Guinea,0,0,3071,51,1070,19,1407,19
2020-07-05,Equatorial Guinea,0,0,3071,51,1070,19,1407,19
2020-07-06,Equatorial Guinea,0,0,3071,51,1070,19,1407,19
2020-07-07,Equatorial Guinea,0,0,3071,51,1070,19,1070,19
2020-07-08,Equatorial Guinea,0,0,3071,51,1070,19,1070,19
2020-07-09,Equatorial Guinea,0,0,3071,51,1070,19,1070,19
2020-07-10,Equatorial Guinea,0,0,3071,51,0,0,1070,19
2020-07-11,Equatorial Guinea,0,0,3071,51,0,0,1070,19
2020-07-12,Equatorial Guinea,0,0,3071,51,0,0,1070,19
2020-07-13,Equatorial Guinea,0,0,3071,51,0,0,1070,19
2020-07-14,Equatorial Guinea,0,0,3071,51,0,0,1070,19
2020-07-15,Equatorial Guinea,0,0,3071,51,0,0,1070,19
2020-07-16,Equatorial Guinea,0,0,3071,51,0,0,1070,19
2020-07-17,Equatorial Guinea,0,0,3071,51,0,0,0,0
2020-07-18,Equatorial Guinea,0,0,3071,51,0,0,0,0
2020-07-19,Equatorial Guinea,0,0,3071,51,0,0,0,0
2020-07-20,Equatorial Guinea,0,0,3071,51,0,0,0,0
2020-07-21,Equatorial Guinea,0,0,3071,51,0,0,0,0
2020-07-22,Equatorial Guinea,0,0,3071,51,0,0,0,0
2020-07-23,Equatorial Guinea,0,0,3071,51,0,0,0,0
2020-07-24,Equatorial Guinea,0,0,3071,51,0,0,0,0
2020-07-25,Equatorial Guinea,0,0,3071,51,0,0,0,0
2020-07-26,Equatorial Guinea,0,0,3071,51,0,0,0,0
2020-07-27,Equatorial Guinea,0,0,3071,51,0,0,0,0
2020-07-28,Equatorial Guinea,0,0,3071,51,0,0,0,0
2020-07-29,Equatorial Guinea,0,0,3071,51,0,0,0,0
2020-07-30,Equatorial Guinea,0,0,3071,51,0,0,0,0
2020-07-31,Equatorial Guinea,0,0,3071,51,0,0,0,0
2020-08-01,Equatorial Guinea,0,0,3071,51,0,0,0,0
2020-08-02,Equatorial Guinea,1750,32,4821,83,1750,32,1750,32
2020-08-03,Equatorial Guinea,0,0,4821,83,1750,32,1750,32
2020-08-04,Equatorial Guinea,0,0,4821,83,1750,32,1750,32
2020-08-05,Equatorial Guinea,0,0,4821,83,1750,32,1750,32
2020-08-06,Equatorial Guinea,0,0,4821,83,1750,32,1750,32
2020-08-07,Equatorial Guinea,0,0,4821,83,1750,32,1750,32
2020-08-08,Equatorial Guinea,0,0,4821,83,1750,32,1750,32
2020-08-09,Equatorial Guinea,0,0,4821,83,0,0,1750,32
2020-08-10,Equatorial Guinea,0,0,4821,83,0,0,1750,32
2020-08-11,Equatorial Guinea,0,0,4821,83,0,0,1750,32
2020-08-12,Equatorial Guinea,0,0,4821,83,0,0,1750,32
2020-08-13,Equatorial Guinea,0,0,4821,83,0,0,1750,32
2020-08-14,Equatorial Guinea,0,0,4821,83,0,0,1750,32
2020-08-15,Equatorial Guinea,0,0,4821,83,0,0,1750,32
2020-08-16,Equatorial Guinea,0,0,4821,83,0,0,0,0
2020-08-17,Equatorial Guinea,0,0,4821,83,0,0,0,0
2020-08-18,Equatorial Guinea,0,0,4821,83,0,0,0,0
2020-08-19,Equatorial Guinea,71,0,4892,83,71,0,71,0
2020-08-20,Equatorial Guinea,0,0,4892,83,71,0,71,0
2020-08-21,Equatorial Guinea,0,0,4892,83,71,0,71,0
2020-08-22,Equatorial Guinea,0,0,4892,83,71,0,71,0
2020-08-23,Equatorial Guinea,34,0,4926,83,105,0,105,0
2020-08-24,Equatorial Guinea,0,0,4926,83,105,0,105,0
2020-08-25,Equatorial Guinea,0,0,4926,83,105,0,105,0
2020-08-26,Equatorial Guinea,0,0,4926,83,34,0,105,0
2020-08-27,Equatorial Guinea,0,0,4926,83,34,0,105,0
2020-08-28,Equatorial Guinea,2,0,4928,83,36,0,107,0
2020-08-29,Equatorial Guinea,0,0,4928,83,36,0,107,0
2020-08-30,Equatorial Guinea,13,0,4941,83,15,0,120,0
2020-08-31,Equatorial Guinea,0,0,4941,83,15,0,120,0
2020-04-01,Eritrea,3,0,15,0,14,0,0,0
2020-04-02,Eritrea,3,0,18,0,14,0,0,0
2020-04-03,Eritrea,4,0,22,0,16,0,0,0
2020-04-04,Eritrea,0,0,22,0,16,0,22,0
2020-04-05,Eritrea,7,0,29,0,23,0,28,0
2020-04-06,Eritrea,0,0,29,0,17,0,28,0
2020-04-07,Eritrea,2,0,31,0,19,0,30,0
2020-04-08,Eritrea,0,0,31,0,16,0,30,0
2020-04-09,Eritrea,2,0,33,0,15,0,29,0
2020-04-10,Eritrea,0,0,33,0,11,0,27,0
2020-04-11,Eritrea,1,0,34,0,12,0,28,0
2020-04-12,Eritrea,0,0,34,0,5,0,28,0
2020-04-13,Eritrea,0,0,34,0,5,0,22,0
2020-04-14,Eritrea,0,0,34,0,3,0,22,0
2020-04-15,Eritrea,1,0,35,0,4,0,20,0
2020-04-16,Eritrea,0,0,35,0,2,0,17,0
2020-04-17,Eritrea,0,0,35,0,2,0,13,0
2020-04-18,Eritrea,0,0,35,0,1,0,13,0
2020-04-19,Eritrea,0,0,35,0,1,0,6,0
2020-04-20,Eritrea,4,0,39,0,5,0,10,0
2020-04-21,Eritrea,0,0,39,0,5,0,8,0
2020-04-22,Eritrea,0,0,39,0,4,0,8,0
2020-04-23,Eritrea,0,0,39,0,4,0,6,0
2020-04-24,Eritrea,0,0,39,0,4,0,6,0
2020-04-25,Eritrea,0,0,39,0,4,0,5,0
2020-04-26,Eritrea,0,0,39,0,4,0,5,0
2020-04-27,Eritrea,0,0,39,0,0,0,5,0
2020-04-28,Eritrea,0,0,39,0,0,0,5,0
2020-04-29,Eritrea,0,0,39,0,0,0,4,0
2020-04-30,Eritrea,0,0,39,0,0,0,4,0
2020-05-01,Eritrea,0,0,39,0,0,0,4,0
2020-05-02,Eritrea,0,0,39,0,0,0,4,0
2020-05-03,Eritrea,0,0,39,0,0,0,4,0
2020-05-04,Eritrea,0,0,39,0,0,0,0,0
2020-05-05,Eritrea,0,0,39,0,0,0,0,0
2020-05-06,Eritrea,0,0,39,0,0,0,0,0
2020-05-07,Eritrea,0,0,39,0,0,0,0,0
2020-05-08,Eritrea,0,0,39,0,0,0,0,0
2020-05-09,Eritrea,0,0,39,0,0,0,0,0
2020-05-10,Eritrea,0,0,39,0,0,0,0,0
2020-05-11,Eritrea,0,0,39,0,0,0,0,0
2020-05-12,Eritrea,0,0,39,0,0,0,0,0
2020-05-13,Eritrea,0,0,39,0,0,0,0,0
2020-05-14,Eritrea,0,0,39,0,0,0,0,0
2020-05-15,Eritrea,0,0,39,0,0,0,0,0
2020-05-16,Eritrea,0,0,39,0,0,0,0,0
2020-05-17,Eritrea,0,0,39,0,0,0,0,0
2020-05-18,Eritrea,0,0,39,0,0,0,0,0
2020-05-19,Eritrea,0,0,39,0,0,0,0,0
2020-05-20,Eritrea,0,0,39,0,0,0,0,0
2020-05-21,Eritrea,0,0,39,0,0,0,0,0
2020-05-22,Eritrea,0,0,39,0,0,0,0,0
2020-05-23,Eritrea,0,0,39,0,0,0,0,0
2020-05-24,Eritrea,0,0,39,0,0,0,0,0
2020-05-25,Eritrea,0,0,39,0,0,0,0,0
2020-05-26,Eritrea,0,0,39,0,0,0,0,0
2020-05-27,Eritrea,0,0,39,0,0,0,0,0
2020-05-28,Eritrea,0,0,39,0,0,0,0,0
2020-05-29,Eritrea,0,0,39,0,0,0,0,0
2020-05-30,Eritrea,0,0,39,0,0,0,0,0
2020-05-31,Eritrea,0,0,39,0,0,0,0,0
2020-06-01,Eritrea,0,0,39,0,0,0,0,0
2020-06-02,Eritrea,0,0,39,0,0,0,0,0
2020-06-03,Eritrea,0,0,39,0,0,0,0,0
2020-06-04,Eritrea,1,0,40,0,1,0,1,0
2020-06-05,Eritrea,1,0,41,0,2,0,2,0
2020-06-06,Eritrea,0,0,41,0,2,0,2,0
2020-06-07,Eritrea,0,0,41,0,2,0,2,0
2020-06-08,Eritrea,0,0,41,0,2,0,2,0
2020-06-09,Eritrea,0,0,41,0,2,0,2,0
2020-06-10,Eritrea,0,0,41,0,2,0,2,0
2020-06-11,Eritrea,0,0,41,0,1,0,2,0
2020-06-12,Eritrea,0,0,41,0,0,0,2,0
2020-06-13,Eritrea,0,0,41,0,0,0,2,0
2020-06-14,Eritrea,24,0,65,0,24,0,26,0
2020-06-15,Eritrea,31,0,96,0,55,0,57,0
2020-06-16,Eritrea,13,0,109,0,68,0,70,0
2020-06-17,Eritrea,12,0,121,0,80,0,82,0
2020-06-18,Eritrea,10,0,131,0,90,0,91,0
2020-06-19,Eritrea,11,0,142,0,101,0,101,0
2020-06-20,Eritrea,0,0,142,0,101,0,101,0
2020-06-21,Eritrea,1,0,143,0,78,0,102,0
2020-06-22,Eritrea,0,0,143,0,47,0,102,0
2020-06-23,Eritrea,0,0,143,0,34,0,102,0
2020-06-24,Eritrea,0,0,143,0,22,0,102,0
2020-06-25,Eritrea,0,0,143,0,12,0,102,0
2020-06-26,Eritrea,1,0,144,0,2,0,103,0
2020-06-27,Eritrea,23,0,167,0,25,0,126,0
2020-06-28,Eritrea,24,0,191,0,48,0,126,0
2020-06-29,Eritrea,0,0,191,0,48,0,95,0
2020-06-30,Eritrea,0,0,191,0,48,0,82,0
2020-07-01,Eritrea,12,0,203,0,60,0,82,0
2020-07-02,Eritrea,0,0,203,0,60,0,72,0
2020-07-03,Eritrea,12,0,215,0,71,0,73,0
2020-07-04,Eritrea,0,0,215,0,48,0,73,0
2020-07-05,Eritrea,0,0,215,0,24,0,72,0
2020-07-06,Eritrea,0,0,215,0,24,0,72,0
2020-07-07,Eritrea,0,0,215,0,24,0,72,0
2020-07-08,Eritrea,0,0,215,0,12,0,72,0
2020-07-09,Eritrea,0,0,215,0,12,0,72,0
2020-07-10,Eritrea,17,0,232,0,17,0,88,0
2020-07-11,Eritrea,0,0,232,0,17,0,65,0
2020-07-12,Eritrea,0,0,232,0,17,0,41,0
2020-07-13,Eritrea,0,0,232,0,17,0,41,0
2020-07-14,Eritrea,0,0,232,0,17,0,41,0
2020-07-15,Eritrea,0,0,232,0,17,0,29,0
2020-07-16,Eritrea,0,0,232,0,17,0,29,0
2020-07-17,Eritrea,19,0,251,0,19,0,36,0
2020-07-18,Eritrea,0,0,251,0,19,0,36,0
2020-07-19,Eritrea,0,0,251,0,19,0,36,0
2020-07-20,Eritrea,0,0,251,0,19,0,36,0
2020-07-21,Eritrea,0,0,251,0,19,0,36,0
2020-07-22,Eritrea,0,0,251,0,19,0,36,0
2020-07-23,Eritrea,0,0,251,0,19,0,36,0
2020-07-24,Eritrea,10,0,261,0,10,0,29,0
2020-07-25,Eritrea,0,0,261,0,10,0,29,0
2020-07-26,Eritrea,2,0,263,0,12,0,31,0
2020-07-27,Eritrea,0,0,263,0,12,0,31,0
2020-07-28,Eritrea,2,0,265,0,14,0,33,0
2020-07-29,Eritrea,0,0,265,0,14,0,33,0
2020-07-30,Eritrea,0,0,265,0,14,0,33,0
2020-07-31,Eritrea,14,0,279,0,18,0,28,0
2020-08-01,Eritrea,0,0,279,0,18,0,28,0
2020-08-02,Eritrea,0,0,279,0,16,0,28,0
2020-08-03,Eritrea,0,0,279,0,16,0,28,0
2020-08-04,Eritrea,3,0,282,0,17,0,31,0
2020-08-05,Eritrea,0,0,282,0,17,0,31,0
2020-08-06,Eritrea,0,0,282,0,17,0,31,0
2020-08-07,Eritrea,0,0,282,0,3,0,21,0
2020-08-08,Eritrea,3,0,285,0,6,0,24,0
2020-08-09,Eritrea,0,0,285,0,6,0,22,0
2020-08-10,Eritrea,0,0,285,0,6,0,22,0
2020-08-11,Eritrea,0,0,285,0,3,0,20,0
2020-08-12,Eritrea,0,0,285,0,3,0,20,0
2020-08-13,Eritrea,0,0,285,0,3,0,20,0
2020-08-14,Eritrea,0,0,285,0,3,0,6,0
2020-08-15,Eritrea,0,0,285,0,0,0,6,0
2020-08-16,Eritrea,0,0,285,0,0,0,6,0
2020-08-17,Eritrea,0,0,285,0,0,0,6,0
2020-08-18,Eritrea,0,0,285,0,0,0,3,0
2020-08-19,Eritrea,19,0,304,0,19,0,22,0
2020-08-20,Eritrea,0,0,304,0,19,0,22,0
2020-08-21,Eritrea,0,0,304,0,19,0,22,0
2020-08-22,Eritrea,2,0,306,0,21,0,21,0
2020-08-23,Eritrea,0,0,306,0,21,0,21,0
2020-08-24,Eritrea,0,0,306,0,21,0,21,0
2020-08-25,Eritrea,0,0,306,0,21,0,21,0
2020-08-26,Eritrea,9,0,315,0,11,0,30,0
2020-08-27,Eritrea,0,0,315,0,11,0,30,0
2020-08-28,Eritrea,2,0,317,0,13,0,32,0
2020-08-29,Eritrea,0,0,317,0,11,0,32,0
2020-08-30,Eritrea,1,0,318,0,12,0,33,0
2020-08-31,Eritrea,0,0,318,0,12,0,33,0
2020-04-01,Estonia,30,1,745,4,376,4,520,4
2020-04-02,Estonia,34,1,779,5,375,4,521,5
2020-04-03,Estonia,79,6,858,11,320,10,591,11
2020-04-04,Estonia,103,1,961,12,386,11,678,12
2020-04-05,Estonia,57,1,1018,13,378,12,712,13
2020-04-06,Estonia,79,2,1097,15,418,12,771,15
2020-04-07,Estonia,11,4,1108,19,393,16,756,19
2020-04-08,Estonia,41,2,1149,21,404,17,780,21
2020-04-09,Estonia,36,3,1185,24,406,19,781,23
2020-04-10,Estonia,22,0,1207,24,349,13,669,23
2020-04-11,Estonia,51,0,1258,24,297,12,683,23
2020-04-12,Estonia,46,0,1304,24,286,11,664,23
2020-04-13,Estonia,5,1,1309,25,212,10,630,22
2020-04-14,Estonia,23,3,1332,28,224,9,617,25
2020-04-15,Estonia,41,3,1373,31,224,10,628,27
2020-04-16,Estonia,29,4,1402,35,217,11,623,30
2020-04-17,Estonia,32,1,1434,36,227,12,576,25
2020-04-18,Estonia,25,2,1459,38,201,14,498,26
2020-04-19,Estonia,53,0,1512,38,208,14,494,25
2020-04-20,Estonia,16,2,1528,40,219,15,431,25
2020-04-21,Estonia,7,0,1535,40,203,12,427,21
2020-04-22,Estonia,17,3,1552,43,179,12,403,22
2020-04-23,Estonia,7,1,1559,44,157,9,374,20
2020-04-24,Estonia,33,1,1592,45,158,9,385,21
2020-04-25,Estonia,13,1,1605,46,146,8,347,22
2020-04-26,Estonia,30,0,1635,46,123,8,331,22
2020-04-27,Estonia,8,3,1643,49,115,9,334,24
2020-04-28,Estonia,4,1,1647,50,112,10,315,22
2020-04-29,Estonia,13,0,1660,50,108,7,287,19
2020-04-30,Estonia,6,0,1666,50,107,6,264,15
2020-05-01,Estonia,23,2,1689,52,97,7,255,16
2020-05-02,Estonia,5,0,1694,52,89,6,235,14
2020-05-03,Estonia,5,1,1699,53,64,7,187,15
2020-05-04,Estonia,1,2,1700,55,57,6,172,15
2020-05-05,Estonia,3,0,1703,55,56,5,168,15
2020-05-06,Estonia,8,0,1711,55,51,5,159,12
2020-05-07,Estonia,2,0,1713,55,47,5,154,11
2020-05-08,Estonia,7,1,1720,56,31,4,128,11
2020-05-09,Estonia,5,0,1725,56,31,4,120,10
2020-05-10,Estonia,8,4,1733,60,34,7,98,14
2020-05-11,Estonia,6,0,1739,60,39,5,96,11
2020-05-12,Estonia,2,1,1741,61,38,6,94,11
2020-05-13,Estonia,5,0,1746,61,35,6,86,11
2020-05-14,Estonia,5,0,1751,61,38,6,85,11
2020-05-15,Estonia,7,1,1758,62,38,6,69,10
2020-05-16,Estonia,8,1,1766,63,41,7,72,11
2020-05-17,Estonia,4,0,1770,63,37,3,71,10
2020-05-18,Estonia,4,0,1774,63,35,3,74,8
2020-05-19,Estonia,10,0,1784,63,43,2,81,8
2020-05-20,Estonia,7,0,1791,63,45,2,80,8
2020-05-21,Estonia,3,0,1794,63,43,2,81,8
2020-05-22,Estonia,6,0,1800,63,42,1,80,7
2020-05-23,Estonia,7,0,1807,63,41,0,82,7
2020-05-24,Estonia,14,0,1821,63,51,0,88,3
2020-05-25,Estonia,2,0,1823,63,49,0,84,3
2020-05-26,Estonia,1,0,1824,63,40,0,83,2
2020-05-27,Estonia,10,0,1834,63,43,0,88,2
2020-05-28,Estonia,6,0,1840,63,46,0,89,2
2020-05-29,Estonia,11,0,1851,63,51,0,93,1
2020-05-30,Estonia,8,0,1859,63,52,0,93,0
2020-05-31,Estonia,6,0,1865,63,44,0,95,0
2020-06-01,Estonia,4,0,1869,63,46,0,95,0
2020-06-02,Estonia,1,0,1870,63,46,0,86,0
2020-06-03,Estonia,0,0,1870,63,36,0,79,0
2020-06-04,Estonia,10,0,1880,63,40,0,86,0
2020-06-05,Estonia,10,0,1890,63,39,0,90,0
2020-06-06,Estonia,20,0,1910,63,51,0,103,0
2020-06-07,Estonia,21,0,1931,63,66,0,110,0
2020-06-08,Estonia,8,0,1939,63,70,0,116,0
2020-06-09,Estonia,1,0,1940,63,70,0,116,0
2020-06-10,Estonia,7,0,1947,63,77,0,113,0
2020-06-11,Estonia,11,0,1958,63,78,0,118,0
2020-06-12,Estonia,7,0,1965,63,75,0,114,0
2020-06-13,Estonia,5,0,1970,63,60,0,111,0
2020-06-14,Estonia,3,0,1973,63,42,0,108,0
2020-06-15,Estonia,0,0,1973,63,34,0,104,0
2020-06-16,Estonia,1,0,1974,63,34,0,104,0
2020-06-17,Estonia,1,0,1975,63,28,0,105,0
2020-06-18,Estonia,2,0,1977,63,19,0,97,0
2020-06-19,Estonia,0,0,1977,63,12,0,87,0
2020-06-20,Estonia,2,0,1979,63,9,0,69,0
2020-06-21,Estonia,2,0,1981,63,8,0,50,0
2020-06-22,Estonia,0,0,1981,63,8,0,42,0
2020-06-23,Estonia,0,0,1981,63,7,0,41,0
2020-06-24,Estonia,1,0,1982,63,7,0,35,0
2020-06-25,Estonia,1,0,1983,63,6,0,25,0
2020-06-26,Estonia,1,0,1984,63,7,0,19,0
2020-06-27,Estonia,2,0,1986,63,7,0,16,0
2020-06-28,Estonia,0,0,1986,63,5,0,13,0
2020-06-29,Estonia,1,0,1987,63,6,0,14,0
2020-06-30,Estonia,0,0,1987,63,6,0,13,0
2020-07-01,Estonia,2,0,1989,63,7,0,14,0
2020-07-02,Estonia,0,0,1989,63,6,0,12,0
2020-07-03,Estonia,1,0,1990,63,6,0,13,0
2020-07-04,Estonia,1,0,1991,63,5,0,12,0
2020-07-05,Estonia,2,0,1993,63,7,0,12,0
2020-07-06,Estonia,0,0,1993,63,6,0,12,0
2020-07-07,Estonia,1,0,1994,63,7,0,13,0
2020-07-08,Estonia,1,0,1995,63,6,0,13,0
2020-07-09,Estonia,8,0,2003,63,14,0,20,0
2020-07-10,Estonia,8,0,2011,63,21,0,27,0
2020-07-11,Estonia,2,0,2013,63,22,0,27,0
2020-07-12,Estonia,1,0,2014,63,21,0,28,0
2020-07-13,Estonia,0,0,2014,63,21,0,27,0
2020-07-14,Estonia,0,0,2014,63,20,0,27,0
2020-07-15,Estonia,1,0,2015,63,20,0,26,0
2020-07-16,Estonia,1,0,2016,63,13,0,27,0
2020-07-17,Estonia,0,0,2016,63,5,0,26,0
2020-07-18,Estonia,4,0,2020,63,7,0,29,0
2020-07-19,Estonia,1,0,2021,63,7,0,28,0
2020-07-20,Estonia,0,0,2021,63,7,0,28,0
2020-07-21,Estonia,0,0,2021,63,7,0,27,0
2020-07-22,Estonia,1,0,2022,63,7,0,27,0
2020-07-23,Estonia,3,0,2025,63,9,0,22,0
2020-07-24,Estonia,2,0,2027,63,11,0,16,0
2020-07-25,Estonia,1,0,2028,63,8,0,15,0
2020-07-26,Estonia,5,0,2033,63,12,0,19,0
2020-07-27,Estonia,1,0,2034,63,13,0,20,0
2020-07-28,Estonia,4,0,2038,63,17,0,24,0
2020-07-29,Estonia,0,0,2038,63,16,0,23,0
2020-07-30,Estonia,4,0,2042,63,17,0,26,0
2020-07-31,Estonia,9,0,2051,63,24,0,35,0
2020-08-01,Estonia,13,0,2064,63,36,0,44,0
2020-08-02,Estonia,8,0,2072,63,39,0,51,0
2020-08-03,Estonia,7,0,2079,63,45,0,58,0
2020-08-04,Estonia,1,0,2080,63,42,0,59,0
2020-08-05,Estonia,11,0,2091,63,53,0,69,0
2020-08-06,Estonia,22,0,2113,63,71,0,88,0
2020-08-07,Estonia,11,0,2124,63,73,0,97,0
2020-08-08,Estonia,9,0,2133,63,69,0,105,0
2020-08-09,Estonia,14,0,2147,63,75,0,114,0
2020-08-10,Estonia,5,0,2152,63,73,0,118,0
2020-08-11,Estonia,6,0,2158,63,78,0,120,0
2020-08-12,Estonia,9,0,2167,63,76,0,129,0
2020-08-13,Estonia,7,0,2174,63,61,0,132,0
2020-08-14,Estonia,0,0,2174,63,50,0,123,0
2020-08-15,Estonia,3,0,2177,63,44,0,113,0
2020-08-16,Estonia,7,0,2184,63,37,0,112,0
2020-08-17,Estonia,6,0,2190,63,38,0,111,0
2020-08-18,Estonia,2,0,2192,63,34,0,112,0
2020-08-19,Estonia,8,0,2200,63,33,0,109,0
2020-08-20,Estonia,7,0,2207,63,33,0,94,0
2020-08-21,Estonia,20,0,2227,63,53,0,103,0
2020-08-22,Estonia,17,0,2244,63,67,0,111,0
2020-08-23,Estonia,21,0,2265,63,81,0,118,0
2020-08-24,Estonia,7,0,2272,63,82,0,120,0
2020-08-25,Estonia,3,1,2275,64,83,1,117,1
2020-08-26,Estonia,19,0,2294,64,94,1,127,1
2020-08-27,Estonia,17,0,2311,64,104,1,137,1
2020-08-28,Estonia,14,0,2325,64,98,1,151,1
2020-08-29,Estonia,18,0,2343,64,99,1,166,1
2020-08-30,Estonia,20,0,2363,64,98,1,179,1
2020-08-31,Estonia,10,0,2373,64,101,1,183,1
2020-04-01,Ethiopia,2,0,25,0,14,0,20,0
2020-04-02,Ethiopia,4,0,29,0,17,0,23,0
2020-04-03,Ethiopia,0,0,29,0,17,0,22,0
2020-04-04,Ethiopia,6,0,35,0,19,0,26,0
2020-04-05,Ethiopia,3,0,38,0,22,0,29,0
2020-04-06,Ethiopia,5,2,43,2,27,2,32,2
2020-04-07,Ethiopia,1,0,44,2,21,2,33,2
2020-04-08,Ethiopia,8,0,52,2,27,2,41,2
2020-04-09,Ethiopia,3,0,55,2,26,2,43,2
2020-04-10,Ethiopia,1,0,56,2,27,2,44,2
2020-04-11,Ethiopia,9,0,65,2,30,2,49,2
2020-04-12,Ethiopia,4,1,69,3,31,3,53,3
2020-04-13,Ethiopia,2,0,71,3,28,1,55,3
2020-04-14,Ethiopia,3,0,74,3,30,1,51,3
2020-04-15,Ethiopia,8,0,82,3,30,1,57,3
2020-04-16,Ethiopia,3,0,85,3,30,1,56,3
2020-04-17,Ethiopia,7,0,92,3,36,1,63,3
2020-04-18,Ethiopia,4,0,96,3,31,1,61,3
2020-04-19,Ethiopia,9,0,105,3,36,0,67,3
2020-04-20,Ethiopia,3,0,108,3,37,0,65,1
2020-04-21,Ethiopia,3,0,111,3,37,0,67,1
2020-04-22,Ethiopia,3,0,114,3,32,0,62,1
2020-04-23,Ethiopia,2,0,116,3,31,0,61,1
2020-04-24,Ethiopia,0,0,116,3,24,0,60,1
2020-04-25,Ethiopia,1,0,117,3,21,0,52,1
2020-04-26,Ethiopia,5,0,122,3,17,0,53,0
2020-04-27,Ethiopia,1,0,123,3,15,0,52,0
2020-04-28,Ethiopia,1,0,124,3,13,0,50,0
2020-04-29,Ethiopia,2,0,126,3,12,0,44,0
2020-04-30,Ethiopia,4,0,130,3,14,0,45,0
2020-05-01,Ethiopia,1,0,131,3,15,0,39,0
2020-05-02,Ethiopia,2,0,133,3,16,0,37,0
2020-05-03,Ethiopia,0,0,133,3,11,0,28,0
2020-05-04,Ethiopia,2,0,135,3,12,0,27,0
2020-05-05,Ethiopia,5,0,140,3,16,0,29,0
2020-05-06,Ethiopia,5,1,145,4,19,1,31,1
2020-05-07,Ethiopia,17,0,162,4,32,1,46,1
2020-05-08,Ethiopia,29,0,191,4,60,1,75,1
2020-05-09,Ethiopia,3,0,194,4,61,1,77,1
2020-05-10,Ethiopia,16,1,210,5,77,2,88,2
2020-05-11,Ethiopia,29,0,239,5,104,2,116,2
2020-05-12,Ethiopia,11,0,250,5,110,2,126,2
2020-05-13,Ethiopia,11,0,261,5,116,1,135,2
2020-05-14,Ethiopia,2,0,263,5,101,1,133,2
2020-05-15,Ethiopia,9,0,272,5,81,1,141,2
2020-05-16,Ethiopia,15,0,287,5,93,1,154,2
2020-05-17,Ethiopia,19,0,306,5,96,0,173,2
2020-05-18,Ethiopia,11,0,317,5,78,0,182,2
2020-05-19,Ethiopia,35,0,352,5,102,0,212,2
2020-05-20,Ethiopia,13,0,365,5,104,0,220,1
2020-05-21,Ethiopia,24,0,389,5,126,0,227,1
2020-05-22,Ethiopia,10,0,399,5,127,0,208,1
2020-05-23,Ethiopia,34,0,433,5,146,0,239,1
2020-05-24,Ethiopia,61,0,494,5,188,0,284,0
2020-05-25,Ethiopia,88,0,582,5,265,0,343,0
2020-05-26,Ethiopia,73,0,655,5,303,0,405,0
2020-05-27,Ethiopia,46,1,701,6,336,1,440,1
2020-05-28,Ethiopia,30,0,731,6,342,1,468,1
2020-05-29,Ethiopia,100,1,831,7,432,2,559,2
2020-05-30,Ethiopia,137,1,968,8,535,3,681,3
2020-05-31,Ethiopia,95,0,1063,8,569,3,757,3
2020-06-01,Ethiopia,109,3,1172,11,590,6,855,6
2020-06-02,Ethiopia,85,1,1257,12,602,7,905,7
2020-06-03,Ethiopia,87,2,1344,14,643,8,979,9
2020-06-04,Ethiopia,142,3,1486,17,755,11,1097,12
2020-06-05,Ethiopia,150,1,1636,18,805,11,1237,13
2020-06-06,Ethiopia,169,1,1805,19,837,11,1372,14
2020-06-07,Ethiopia,129,1,1934,20,871,12,1440,15
2020-06-08,Ethiopia,86,7,2020,27,848,16,1438,22
2020-06-09,Ethiopia,136,0,2156,27,899,15,1501,22
2020-06-10,Ethiopia,180,5,2336,32,992,18,1635,26
2020-06-11,Ethiopia,170,3,2506,35,1020,18,1775,29
2020-06-12,Ethiopia,164,5,2670,40,1034,22,1839,33
2020-06-13,Ethiopia,245,7,2915,47,1110,28,1947,39
2020-06-14,Ethiopia,251,8,3166,55,1232,35,2103,47
2020-06-15,Ethiopia,179,2,3345,57,1325,30,2173,46
2020-06-16,Ethiopia,176,3,3521,60,1365,33,2264,48
2020-06-17,Ethiopia,109,1,3630,61,1294,29,2286,47
2020-06-18,Ethiopia,129,2,3759,63,1253,28,2273,46
2020-06-19,Ethiopia,195,2,3954,65,1284,25,2318,47
2020-06-20,Ethiopia,116,7,4070,72,1155,25,2265,53
2020-06-21,Ethiopia,399,0,4469,72,1303,17,2535,52
2020-06-22,Ethiopia,63,2,4532,74,1187,17,2512,47
2020-06-23,Ethiopia,131,1,4663,75,1142,15,2507,48
2020-06-24,Ethiopia,185,0,4848,75,1218,14,2512,43
2020-06-25,Ethiopia,186,3,5034,78,1275,15,2528,43
2020-06-26,Ethiopia,141,3,5175,81,1221,16,2505,41
2020-06-27,Ethiopia,250,8,5425,89,1355,17,2510,42
2020-06-28,Ethiopia,145,5,5570,94,1101,22,2404,39
2020-06-29,Ethiopia,119,4,5689,98,1157,24,2344,41
2020-06-30,Ethiopia,157,5,5846,103,1183,28,2325,43
2020-07-01,Ethiopia,0,0,5846,103,998,28,2216,42
2020-07-02,Ethiopia,0,0,5846,103,812,25,2087,40
2020-07-03,Ethiopia,0,0,5846,103,671,22,1892,38
2020-07-04,Ethiopia,0,0,5846,103,421,14,1776,31
2020-07-05,Ethiopia,0,0,5846,103,276,9,1377,31
2020-07-06,Ethiopia,0,0,5846,103,157,5,1314,29
2020-07-07,Ethiopia,540,13,6386,116,540,13,1723,41
2020-07-08,Ethiopia,280,3,6666,119,820,16,1818,44
2020-07-09,Ethiopia,108,1,6774,120,928,17,1740,42
2020-07-10,Ethiopia,199,0,6973,120,1127,17,1798,39
2020-07-11,Ethiopia,147,4,7120,124,1274,21,1695,35
2020-07-12,Ethiopia,282,0,7402,124,1556,21,1832,30
2020-07-13,Ethiopia,158,3,7560,127,1714,24,1871,29
2020-07-14,Ethiopia,206,1,7766,128,1380,12,1920,25
2020-07-15,Ethiopia,203,11,7969,139,1303,20,2123,36
2020-07-16,Ethiopia,212,7,8181,146,1407,26,2335,43
2020-07-17,Ethiopia,294,2,8475,148,1502,28,2629,45
2020-07-18,Ethiopia,328,2,8803,150,1683,26,2957,47
2020-07-19,Ethiopia,344,13,9147,163,1745,39,3301,60
2020-07-20,Ethiopia,356,4,9503,167,1943,40,3657,64
2020-07-21,Ethiopia,704,3,10207,170,2441,42,3821,54
2020-07-22,Ethiopia,304,3,10511,173,2542,34,3845,54
2020-07-23,Ethiopia,561,7,11072,180,2891,34,4298,60
2020-07-24,Ethiopia,452,8,11524,188,3049,40,4551,68
2020-07-25,Ethiopia,409,9,11933,197,3130,47,4813,73
2020-07-26,Ethiopia,760,3,12693,200,3546,37,5291,76
2020-07-27,Ethiopia,1275,23,13968,223,4465,56,6408,96
2020-07-28,Ethiopia,579,5,14547,228,4340,58,6781,100
2020-07-29,Ethiopia,653,11,15200,239,4689,66,7231,100
2020-07-30,Ethiopia,610,14,15810,253,4738,73,7629,107
2020-07-31,Ethiopia,805,10,16615,263,5091,75,8140,115
2020-08-01,Ethiopia,915,11,17530,274,5597,77,8727,124
2020-08-02,Ethiopia,469,10,17999,284,5306,84,8852,121
2020-08-03,Ethiopia,0,0,17999,284,4031,61,8496,117
2020-08-04,Ethiopia,1290,52,19289,336,4742,108,9082,166
2020-08-05,Ethiopia,588,7,19877,343,4677,104,9366,170
2020-08-06,Ethiopia,459,13,20336,356,4526,103,9264,176
2020-08-07,Ethiopia,564,9,20900,365,4285,102,9376,177
2020-08-08,Ethiopia,552,15,21452,380,3922,106,9519,183
2020-08-09,Ethiopia,801,10,22253,390,4254,106,9560,190
2020-08-10,Ethiopia,565,17,22818,407,4819,123,8850,184
2020-08-11,Ethiopia,773,13,23591,420,4302,84,9044,192
2020-08-12,Ethiopia,584,20,24175,440,4298,97,8975,201
2020-08-13,Ethiopia,943,23,25118,463,4782,107,9308,210
2020-08-14,Ethiopia,1086,16,26204,479,5304,114,9589,216
2020-08-15,Ethiopia,1038,13,27242,492,5790,112,9712,218
2020-08-16,Ethiopia,1652,17,28894,509,6641,119,10895,225
2020-08-17,Ethiopia,982,19,29876,528,7058,121,11877,244
2020-08-18,Ethiopia,1460,16,31336,544,7745,124,12047,208
2020-08-19,Ethiopia,1386,28,32722,572,8547,132,12845,229
2020-08-20,Ethiopia,1336,28,34058,600,8940,137,13722,244
2020-08-21,Ethiopia,1778,20,35836,620,9632,141,14936,255
2020-08-22,Ethiopia,1829,17,37665,637,10423,145,16213,257
2020-08-23,Ethiopia,1368,25,39033,662,10139,153,16780,272
2020-08-24,Ethiopia,1638,16,40671,678,10795,150,17853,271
2020-08-25,Ethiopia,1472,14,42143,692,10807,148,18552,272
2020-08-26,Ethiopia,1545,17,43688,709,10966,137,19513,269
2020-08-27,Ethiopia,1533,16,45221,725,11163,125,20103,262
2020-08-28,Ethiopia,1186,20,46407,745,10571,125,20203,266
2020-08-29,Ethiopia,1733,13,48140,758,10475,121,20898,266
2020-08-30,Ethiopia,1514,12,49654,770,10621,108,20760,261
2020-08-31,Ethiopia,1468,23,51122,793,10451,115,21246,265
2020-04-01,Faeroe Islands,1,0,169,0,47,0,151,0
2020-04-02,Faeroe Islands,4,0,173,0,41,0,126,0
2020-04-03,Faeroe Islands,4,0,177,0,37,0,105,0
2020-04-04,Faeroe Islands,2,0,179,0,35,0,99,0
2020-04-05,Faeroe Islands,2,0,181,0,26,0,89,0
2020-04-06,Faeroe Islands,0,0,181,0,22,0,66,0
2020-04-07,Faeroe Islands,2,0,183,0,15,0,65,0
2020-04-08,Faeroe Islands,1,0,184,0,15,0,62,0
2020-04-09,Faeroe Islands,0,0,184,0,11,0,52,0
2020-04-10,Faeroe Islands,0,0,184,0,7,0,44,0
2020-04-11,Faeroe Islands,0,0,184,0,5,0,40,0
2020-04-12,Faeroe Islands,0,0,184,0,3,0,29,0
2020-04-13,Faeroe Islands,0,0,184,0,3,0,25,0
2020-04-14,Faeroe Islands,0,0,184,0,1,0,16,0
2020-04-15,Faeroe Islands,0,0,184,0,0,0,15,0
2020-04-16,Faeroe Islands,0,0,184,0,0,0,11,0
2020-04-17,Faeroe Islands,0,0,184,0,0,0,7,0
2020-04-18,Faeroe Islands,0,0,184,0,0,0,5,0
2020-04-19,Faeroe Islands,0,0,184,0,0,0,3,0
2020-04-20,Faeroe Islands,1,0,185,0,1,0,4,0
2020-04-21,Faeroe Islands,0,0,185,0,1,0,2,0
2020-04-22,Faeroe Islands,0,0,185,0,1,0,1,0
2020-04-23,Faeroe Islands,0,0,185,0,1,0,1,0
2020-04-24,Faeroe Islands,2,0,187,0,3,0,3,0
2020-04-25,Faeroe Islands,0,0,187,0,3,0,3,0
2020-04-26,Faeroe Islands,0,0,187,0,3,0,3,0
2020-04-27,Faeroe Islands,0,0,187,0,2,0,3,0
2020-04-28,Faeroe Islands,0,0,187,0,2,0,3,0
2020-04-29,Faeroe Islands,0,0,187,0,2,0,3,0
2020-04-30,Faeroe Islands,0,0,187,0,2,0,3,0
2020-05-01,Faeroe Islands,0,0,187,0,0,0,3,0
2020-05-02,Faeroe Islands,0,0,187,0,0,0,3,0
2020-05-03,Faeroe Islands,0,0,187,0,0,0,3,0
2020-05-04,Faeroe Islands,0,0,187,0,0,0,2,0
2020-05-05,Faeroe Islands,0,0,187,0,0,0,2,0
2020-05-06,Faeroe Islands,0,0,187,0,0,0,2,0
2020-05-07,Faeroe Islands,0,0,187,0,0,0,2,0
2020-05-08,Faeroe Islands,0,0,187,0,0,0,0,0
2020-05-09,Faeroe Islands,0,0,187,0,0,0,0,0
2020-05-10,Faeroe Islands,0,0,187,0,0,0,0,0
2020-05-11,Faeroe Islands,0,0,187,0,0,0,0,0
2020-05-12,Faeroe Islands,0,0,187,0,0,0,0,0
2020-05-13,Faeroe Islands,0,0,187,0,0,0,0,0
2020-05-14,Faeroe Islands,0,0,187,0,0,0,0,0
2020-05-15,Faeroe Islands,0,0,187,0,0,0,0,0
2020-05-16,Faeroe Islands,0,0,187,0,0,0,0,0
2020-05-17,Faeroe Islands,0,0,187,0,0,0,0,0
2020-05-18,Faeroe Islands,0,0,187,0,0,0,0,0
2020-05-19,Faeroe Islands,0,0,187,0,0,0,0,0
2020-05-20,Faeroe Islands,0,0,187,0,0,0,0,0
2020-05-21,Faeroe Islands,0,0,187,0,0,0,0,0
2020-05-22,Faeroe Islands,0,0,187,0,0,0,0,0
2020-05-23,Faeroe Islands,0,0,187,0,0,0,0,0
2020-05-24,Faeroe Islands,0,0,187,0,0,0,0,0
2020-05-25,Faeroe Islands,0,0,187,0,0,0,0,0
2020-05-26,Faeroe Islands,0,0,187,0,0,0,0,0
2020-05-27,Faeroe Islands,0,0,187,0,0,0,0,0
2020-05-28,Faeroe Islands,0,0,187,0,0,0,0,0
2020-05-29,Faeroe Islands,0,0,187,0,0,0,0,0
2020-05-30,Faeroe Islands,0,0,187,0,0,0,0,0
2020-05-31,Faeroe Islands,0,0,187,0,0,0,0,0
2020-06-01,Faeroe Islands,0,0,187,0,0,0,0,0
2020-06-02,Faeroe Islands,0,0,187,0,0,0,0,0
2020-06-03,Faeroe Islands,0,0,187,0,0,0,0,0
2020-06-04,Faeroe Islands,0,0,187,0,0,0,0,0
2020-06-05,Faeroe Islands,0,0,187,0,0,0,0,0
2020-06-06,Faeroe Islands,0,0,187,0,0,0,0,0
2020-06-07,Faeroe Islands,0,0,187,0,0,0,0,0
2020-06-08,Faeroe Islands,0,0,187,0,0,0,0,0
2020-06-09,Faeroe Islands,0,0,187,0,0,0,0,0
2020-06-10,Faeroe Islands,0,0,187,0,0,0,0,0
2020-06-11,Faeroe Islands,0,0,187,0,0,0,0,0
2020-06-12,Faeroe Islands,0,0,187,0,0,0,0,0
2020-06-13,Faeroe Islands,0,0,187,0,0,0,0,0
2020-06-14,Faeroe Islands,0,0,187,0,0,0,0,0
2020-06-15,Faeroe Islands,0,0,187,0,0,0,0,0
2020-06-16,Faeroe Islands,0,0,187,0,0,0,0,0
2020-06-17,Faeroe Islands,0,0,187,0,0,0,0,0
2020-06-18,Faeroe Islands,0,0,187,0,0,0,0,0
2020-06-19,Faeroe Islands,0,0,187,0,0,0,0,0
2020-06-20,Faeroe Islands,0,0,187,0,0,0,0,0
2020-06-21,Faeroe Islands,0,0,187,0,0,0,0,0
2020-06-22,Faeroe Islands,0,0,187,0,0,0,0,0
2020-06-23,Faeroe Islands,0,0,187,0,0,0,0,0
2020-06-24,Faeroe Islands,0,0,187,0,0,0,0,0
2020-06-25,Faeroe Islands,0,0,187,0,0,0,0,0
2020-06-26,Faeroe Islands,0,0,187,0,0,0,0,0
2020-06-27,Faeroe Islands,0,0,187,0,0,0,0,0
2020-06-28,Faeroe Islands,0,0,187,0,0,0,0,0
2020-06-29,Faeroe Islands,0,0,187,0,0,0,0,0
2020-06-30,Faeroe Islands,0,0,187,0,0,0,0,0
2020-07-01,Faeroe Islands,0,0,187,0,0,0,0,0
2020-07-02,Faeroe Islands,0,0,187,0,0,0,0,0
2020-07-03,Faeroe Islands,0,0,187,0,0,0,0,0
2020-07-04,Faeroe Islands,0,0,187,0,0,0,0,0
2020-07-05,Faeroe Islands,0,0,187,0,0,0,0,0
2020-07-06,Faeroe Islands,0,0,187,0,0,0,0,0
2020-07-07,Faeroe Islands,0,0,187,0,0,0,0,0
2020-07-08,Faeroe Islands,1,0,188,0,1,0,1,0
2020-07-09,Faeroe Islands,0,0,188,0,1,0,1,0
2020-07-10,Faeroe Islands,0,0,188,0,1,0,1,0
2020-07-11,Faeroe Islands,0,0,188,0,1,0,1,0
2020-07-12,Faeroe Islands,0,0,188,0,1,0,1,0
2020-07-13,Faeroe Islands,0,0,188,0,1,0,1,0
2020-07-14,Faeroe Islands,0,0,188,0,1,0,1,0
2020-07-15,Faeroe Islands,0,0,188,0,0,0,1,0
2020-07-16,Faeroe Islands,0,0,188,0,0,0,1,0
2020-07-17,Faeroe Islands,0,0,188,0,0,0,1,0
2020-07-18,Faeroe Islands,0,0,188,0,0,0,1,0
2020-07-19,Faeroe Islands,0,0,188,0,0,0,1,0
2020-07-20,Faeroe Islands,3,0,191,0,3,0,4,0
2020-07-21,Faeroe Islands,0,0,191,0,3,0,4,0
2020-07-22,Faeroe Islands,0,0,191,0,3,0,3,0
2020-07-23,Faeroe Islands,0,0,191,0,3,0,3,0
2020-07-24,Faeroe Islands,0,0,191,0,3,0,3,0
2020-07-25,Faeroe Islands,0,0,191,0,3,0,3,0
2020-07-26,Faeroe Islands,0,0,191,0,3,0,3,0
2020-07-27,Faeroe Islands,0,0,191,0,0,0,3,0
2020-07-28,Faeroe Islands,23,0,214,0,23,0,26,0
2020-07-29,Faeroe Islands,6,0,220,0,29,0,32,0
2020-07-30,Faeroe Islands,0,0,220,0,29,0,32,0
2020-07-31,Faeroe Islands,0,0,220,0,29,0,32,0
2020-08-01,Faeroe Islands,5,0,225,0,34,0,37,0
2020-08-02,Faeroe Islands,0,0,225,0,34,0,37,0
2020-08-03,Faeroe Islands,0,0,225,0,34,0,34,0
2020-08-04,Faeroe Islands,0,0,225,0,11,0,34,0
2020-08-05,Faeroe Islands,2,0,227,0,7,0,36,0
2020-08-06,Faeroe Islands,14,0,241,0,21,0,50,0
2020-08-07,Faeroe Islands,0,0,241,0,21,0,50,0
2020-08-08,Faeroe Islands,50,0,291,0,66,0,100,0
2020-08-09,Faeroe Islands,0,0,291,0,66,0,100,0
2020-08-10,Faeroe Islands,0,0,291,0,66,0,100,0
2020-08-11,Faeroe Islands,22,0,313,0,88,0,99,0
2020-08-12,Faeroe Islands,11,0,324,0,97,0,104,0
2020-08-13,Faeroe Islands,15,0,339,0,98,0,119,0
2020-08-14,Faeroe Islands,23,0,362,0,121,0,142,0
2020-08-15,Faeroe Islands,0,0,362,0,71,0,137,0
2020-08-16,Faeroe Islands,8,0,370,0,79,0,145,0
2020-08-17,Faeroe Islands,2,0,372,0,81,0,147,0
2020-08-18,Faeroe Islands,1,0,373,0,60,0,148,0
2020-08-19,Faeroe Islands,0,0,373,0,49,0,146,0
2020-08-20,Faeroe Islands,9,0,382,0,43,0,141,0
2020-08-21,Faeroe Islands,1,0,383,0,21,0,142,0
2020-08-22,Faeroe Islands,1,0,384,0,22,0,93,0
2020-08-23,Faeroe Islands,0,0,384,0,14,0,93,0
2020-08-24,Faeroe Islands,0,0,384,0,12,0,93,0
2020-08-25,Faeroe Islands,26,0,410,0,37,0,97,0
2020-08-26,Faeroe Islands,1,0,411,0,38,0,87,0
2020-08-27,Faeroe Islands,0,0,411,0,29,0,72,0
2020-08-28,Faeroe Islands,0,0,411,0,28,0,49,0
2020-08-29,Faeroe Islands,0,0,411,0,27,0,49,0
2020-08-30,Faeroe Islands,0,0,411,0,27,0,41,0
2020-08-31,Faeroe Islands,0,0,411,0,27,0,39,0
2020-04-01,Falkland Islands,0,0,0,0,0,0,0,0
2020-04-02,Falkland Islands,0,0,0,0,0,0,0,0
2020-04-03,Falkland Islands,0,0,0,0,0,0,0,0
2020-04-04,Falkland Islands,1,0,1,0,0,0,0,0
2020-04-05,Falkland Islands,0,0,1,0,0,0,0,0
2020-04-06,Falkland Islands,1,0,2,0,0,0,0,0
2020-04-07,Falkland Islands,0,0,2,0,0,0,0,0
2020-04-08,Falkland Islands,3,0,5,0,0,0,0,0
2020-04-09,Falkland Islands,0,0,5,0,0,0,0,0
2020-04-10,Falkland Islands,0,0,5,0,5,0,0,0
2020-04-11,Falkland Islands,0,0,5,0,4,0,0,0
2020-04-12,Falkland Islands,0,0,5,0,4,0,0,0
2020-04-13,Falkland Islands,0,0,5,0,3,0,0,0
2020-04-14,Falkland Islands,0,0,5,0,3,0,0,0
2020-04-15,Falkland Islands,6,0,11,0,6,0,0,0
2020-04-16,Falkland Islands,0,0,11,0,6,0,0,0
2020-04-17,Falkland Islands,0,0,11,0,6,0,11,0
2020-04-18,Falkland Islands,0,0,11,0,6,0,10,0
2020-04-19,Falkland Islands,0,0,11,0,6,0,10,0
2020-04-20,Falkland Islands,0,0,11,0,6,0,9,0
2020-04-21,Falkland Islands,0,0,11,0,6,0,9,0
2020-04-22,Falkland Islands,1,0,12,0,1,0,7,0
2020-04-23,Falkland Islands,0,0,12,0,1,0,7,0
2020-04-24,Falkland Islands,0,0,12,0,1,0,7,0
2020-04-25,Falkland Islands,0,0,12,0,1,0,7,0
2020-04-26,Falkland Islands,1,0,13,0,2,0,8,0
2020-04-27,Falkland Islands,0,0,13,0,2,0,8,0
2020-04-28,Falkland Islands,0,0,13,0,2,0,8,0
2020-04-29,Falkland Islands,0,0,13,0,1,0,2,0
2020-04-30,Falkland Islands,0,0,13,0,1,0,2,0
2020-05-01,Falkland Islands,0,0,13,0,1,0,2,0
2020-05-02,Falkland Islands,0,0,13,0,1,0,2,0
2020-05-03,Falkland Islands,0,0,13,0,0,0,2,0
2020-05-04,Falkland Islands,0,0,13,0,0,0,2,0
2020-05-05,Falkland Islands,0,0,13,0,0,0,2,0
2020-05-06,Falkland Islands,0,0,13,0,0,0,1,0
2020-05-07,Falkland Islands,0,0,13,0,0,0,1,0
2020-05-08,Falkland Islands,0,0,13,0,0,0,1,0
2020-05-09,Falkland Islands,0,0,13,0,0,0,1,0
2020-05-10,Falkland Islands,0,0,13,0,0,0,0,0
2020-05-11,Falkland Islands,0,0,13,0,0,0,0,0
2020-05-12,Falkland Islands,0,0,13,0,0,0,0,0
2020-05-13,Falkland Islands,0,0,13,0,0,0,0,0
2020-05-14,Falkland Islands,0,0,13,0,0,0,0,0
2020-05-15,Falkland Islands,0,0,13,0,0,0,0,0
2020-05-16,Falkland Islands,0,0,13,0,0,0,0,0
2020-05-17,Falkland Islands,0,0,13,0,0,0,0,0
2020-05-18,Falkland Islands,0,0,13,0,0,0,0,0
2020-05-19,Falkland Islands,0,0,13,0,0,0,0,0
2020-05-20,Falkland Islands,0,0,13,0,0,0,0,0
2020-05-21,Falkland Islands,0,0,13,0,0,0,0,0
2020-05-22,Falkland Islands,0,0,13,0,0,0,0,0
2020-05-23,Falkland Islands,0,0,13,0,0,0,0,0
2020-05-24,Falkland Islands,0,0,13,0,0,0,0,0
2020-05-25,Falkland Islands,0,0,13,0,0,0,0,0
2020-05-26,Falkland Islands,0,0,13,0,0,0,0,0
2020-05-27,Falkland Islands,0,0,13,0,0,0,0,0
2020-05-28,Falkland Islands,0,0,13,0,0,0,0,0
2020-05-29,Falkland Islands,0,0,13,0,0,0,0,0
2020-05-30,Falkland Islands,0,0,13,0,0,0,0,0
2020-05-31,Falkland Islands,0,0,13,0,0,0,0,0
2020-06-01,Falkland Islands,0,0,13,0,0,0,0,0
2020-06-02,Falkland Islands,0,0,13,0,0,0,0,0
2020-06-03,Falkland Islands,0,0,13,0,0,0,0,0
2020-06-04,Falkland Islands,0,0,13,0,0,0,0,0
2020-06-05,Falkland Islands,0,0,13,0,0,0,0,0
2020-06-06,Falkland Islands,0,0,13,0,0,0,0,0
2020-06-07,Falkland Islands,0,0,13,0,0,0,0,0
2020-06-08,Falkland Islands,0,0,13,0,0,0,0,0
2020-06-09,Falkland Islands,0,0,13,0,0,0,0,0
2020-06-10,Falkland Islands,0,0,13,0,0,0,0,0
2020-06-11,Falkland Islands,0,0,13,0,0,0,0,0
2020-06-12,Falkland Islands,0,0,13,0,0,0,0,0
2020-06-13,Falkland Islands,0,0,13,0,0,0,0,0
2020-06-14,Falkland Islands,0,0,13,0,0,0,0,0
2020-06-15,Falkland Islands,0,0,13,0,0,0,0,0
2020-06-16,Falkland Islands,0,0,13,0,0,0,0,0
2020-06-17,Falkland Islands,0,0,13,0,0,0,0,0
2020-06-18,Falkland Islands,0,0,13,0,0,0,0,0
2020-06-19,Falkland Islands,0,0,13,0,0,0,0,0
2020-06-20,Falkland Islands,0,0,13,0,0,0,0,0
2020-06-21,Falkland Islands,0,0,13,0,0,0,0,0
2020-06-22,Falkland Islands,0,0,13,0,0,0,0,0
2020-06-23,Falkland Islands,0,0,13,0,0,0,0,0
2020-06-24,Falkland Islands,0,0,13,0,0,0,0,0
2020-06-25,Falkland Islands,0,0,13,0,0,0,0,0
2020-06-26,Falkland Islands,0,0,13,0,0,0,0,0
2020-06-27,Falkland Islands,0,0,13,0,0,0,0,0
2020-06-28,Falkland Islands,0,0,13,0,0,0,0,0
2020-06-29,Falkland Islands,0,0,13,0,0,0,0,0
2020-06-30,Falkland Islands,0,0,13,0,0,0,0,0
2020-07-01,Falkland Islands,0,0,13,0,0,0,0,0
2020-07-02,Falkland Islands,0,0,13,0,0,0,0,0
2020-07-03,Falkland Islands,0,0,13,0,0,0,0,0
2020-07-04,Falkland Islands,0,0,13,0,0,0,0,0
2020-07-05,Falkland Islands,0,0,13,0,0,0,0,0
2020-07-06,Falkland Islands,0,0,13,0,0,0,0,0
2020-07-07,Falkland Islands,0,0,13,0,0,0,0,0
2020-07-08,Falkland Islands,0,0,13,0,0,0,0,0
2020-07-09,Falkland Islands,0,0,13,0,0,0,0,0
2020-07-10,Falkland Islands,0,0,13,0,0,0,0,0
2020-07-11,Falkland Islands,0,0,13,0,0,0,0,0
2020-07-12,Falkland Islands,0,0,13,0,0,0,0,0
2020-07-13,Falkland Islands,0,0,13,0,0,0,0,0
2020-07-14,Falkland Islands,0,0,13,0,0,0,0,0
2020-07-15,Falkland Islands,0,0,13,0,0,0,0,0
2020-07-16,Falkland Islands,0,0,13,0,0,0,0,0
2020-07-17,Falkland Islands,0,0,13,0,0,0,0,0
2020-07-18,Falkland Islands,0,0,13,0,0,0,0,0
2020-07-19,Falkland Islands,0,0,13,0,0,0,0,0
2020-07-20,Falkland Islands,0,0,13,0,0,0,0,0
2020-07-21,Falkland Islands,0,0,13,0,0,0,0,0
2020-07-22,Falkland Islands,0,0,13,0,0,0,0,0
2020-07-23,Falkland Islands,0,0,13,0,0,0,0,0
2020-07-24,Falkland Islands,0,0,13,0,0,0,0,0
2020-07-25,Falkland Islands,0,0,13,0,0,0,0,0
2020-07-26,Falkland Islands,0,0,13,0,0,0,0,0
2020-07-27,Falkland Islands,0,0,13,0,0,0,0,0
2020-07-28,Falkland Islands,0,0,13,0,0,0,0,0
2020-07-29,Falkland Islands,0,0,13,0,0,0,0,0
2020-07-30,Falkland Islands,0,0,13,0,0,0,0,0
2020-07-31,Falkland Islands,0,0,13,0,0,0,0,0
2020-08-01,Falkland Islands,0,0,13,0,0,0,0,0
2020-08-02,Falkland Islands,0,0,13,0,0,0,0,0
2020-08-03,Falkland Islands,0,0,13,0,0,0,0,0
2020-08-04,Falkland Islands,0,0,13,0,0,0,0,0
2020-08-05,Falkland Islands,0,0,13,0,0,0,0,0
2020-08-06,Falkland Islands,0,0,13,0,0,0,0,0
2020-08-07,Falkland Islands,0,0,13,0,0,0,0,0
2020-08-08,Falkland Islands,0,0,13,0,0,0,0,0
2020-08-09,Falkland Islands,0,0,13,0,0,0,0,0
2020-08-10,Falkland Islands,0,0,13,0,0,0,0,0
2020-08-11,Falkland Islands,0,0,13,0,0,0,0,0
2020-08-12,Falkland Islands,0,0,13,0,0,0,0,0
2020-08-13,Falkland Islands,0,0,13,0,0,0,0,0
2020-08-14,Falkland Islands,0,0,13,0,0,0,0,0
2020-08-15,Falkland Islands,0,0,13,0,0,0,0,0
2020-08-16,Falkland Islands,0,0,13,0,0,0,0,0
2020-08-17,Falkland Islands,0,0,13,0,0,0,0,0
2020-08-18,Falkland Islands,0,0,13,0,0,0,0,0
2020-08-19,Falkland Islands,0,0,13,0,0,0,0,0
2020-08-20,Falkland Islands,0,0,13,0,0,0,0,0
2020-08-21,Falkland Islands,0,0,13,0,0,0,0,0
2020-08-22,Falkland Islands,0,0,13,0,0,0,0,0
2020-08-23,Falkland Islands,0,0,13,0,0,0,0,0
2020-08-24,Falkland Islands,0,0,13,0,0,0,0,0
2020-08-25,Falkland Islands,0,0,13,0,0,0,0,0
2020-08-26,Falkland Islands,0,0,13,0,0,0,0,0
2020-08-27,Falkland Islands,0,0,13,0,0,0,0,0
2020-08-28,Falkland Islands,0,0,13,0,0,0,0,0
2020-08-29,Falkland Islands,0,0,13,0,0,0,0,0
2020-08-30,Falkland Islands,0,0,13,0,0,0,0,0
2020-08-31,Falkland Islands,0,0,13,0,0,0,0,0
2020-04-01,Fiji,0,0,5,0,0,0,0,0
2020-04-02,Fiji,2,0,7,0,2,0,7,0
2020-04-03,Fiji,0,0,7,0,2,0,6,0
2020-04-04,Fiji,5,0,12,0,7,0,11,0
2020-04-05,Fiji,0,0,12,0,7,0,10,0
2020-04-06,Fiji,2,0,14,0,9,0,11,0
2020-04-07,Fiji,0,0,14,0,9,0,10,0
2020-04-08,Fiji,1,0,15,0,10,0,10,0
2020-04-09,Fiji,0,0,15,0,8,0,10,0
2020-04-10,Fiji,0,0,15,0,8,0,10,0
2020-04-11,Fiji,1,0,16,0,4,0,11,0
2020-04-12,Fiji,0,0,16,0,4,0,11,0
2020-04-13,Fiji,0,0,16,0,2,0,11,0
2020-04-14,Fiji,0,0,16,0,2,0,11,0
2020-04-15,Fiji,0,0,16,0,1,0,11,0
2020-04-16,Fiji,0,0,16,0,1,0,9,0
2020-04-17,Fiji,1,0,17,0,2,0,10,0
2020-04-18,Fiji,0,0,17,0,1,0,5,0
2020-04-19,Fiji,0,0,17,0,1,0,5,0
2020-04-20,Fiji,0,0,17,0,1,0,3,0
2020-04-21,Fiji,1,0,18,0,2,0,4,0
2020-04-22,Fiji,0,0,18,0,2,0,3,0
2020-04-23,Fiji,0,0,18,0,2,0,3,0
2020-04-24,Fiji,0,0,18,0,1,0,3,0
2020-04-25,Fiji,0,0,18,0,1,0,2,0
2020-04-26,Fiji,0,0,18,0,1,0,2,0
2020-04-27,Fiji,0,0,18,0,1,0,2,0
2020-04-28,Fiji,0,0,18,0,0,0,2,0
2020-04-29,Fiji,0,0,18,0,0,0,2,0
2020-04-30,Fiji,0,0,18,0,0,0,2,0
2020-05-01,Fiji,0,0,18,0,0,0,1,0
2020-05-02,Fiji,0,0,18,0,0,0,1,0
2020-05-03,Fiji,0,0,18,0,0,0,1,0
2020-05-04,Fiji,0,0,18,0,0,0,1,0
2020-05-05,Fiji,0,0,18,0,0,0,0,0
2020-05-06,Fiji,0,0,18,0,0,0,0,0
2020-05-07,Fiji,0,0,18,0,0,0,0,0
2020-05-08,Fiji,0,0,18,0,0,0,0,0
2020-05-09,Fiji,0,0,18,0,0,0,0,0
2020-05-10,Fiji,0,0,18,0,0,0,0,0
2020-05-11,Fiji,0,0,18,0,0,0,0,0
2020-05-12,Fiji,0,0,18,0,0,0,0,0
2020-05-13,Fiji,0,0,18,0,0,0,0,0
2020-05-14,Fiji,0,0,18,0,0,0,0,0
2020-05-15,Fiji,0,0,18,0,0,0,0,0
2020-05-16,Fiji,0,0,18,0,0,0,0,0
2020-05-17,Fiji,0,0,18,0,0,0,0,0
2020-05-18,Fiji,0,0,18,0,0,0,0,0
2020-05-19,Fiji,0,0,18,0,0,0,0,0
2020-05-20,Fiji,0,0,18,0,0,0,0,0
2020-05-21,Fiji,0,0,18,0,0,0,0,0
2020-05-22,Fiji,0,0,18,0,0,0,0,0
2020-05-23,Fiji,0,0,18,0,0,0,0,0
2020-05-24,Fiji,0,0,18,0,0,0,0,0
2020-05-25,Fiji,0,0,18,0,0,0,0,0
2020-05-26,Fiji,0,0,18,0,0,0,0,0
2020-05-27,Fiji,0,0,18,0,0,0,0,0
2020-05-28,Fiji,0,0,18,0,0,0,0,0
2020-05-29,Fiji,0,0,18,0,0,0,0,0
2020-05-30,Fiji,0,0,18,0,0,0,0,0
2020-05-31,Fiji,0,0,18,0,0,0,0,0
2020-06-01,Fiji,0,0,18,0,0,0,0,0
2020-06-02,Fiji,0,0,18,0,0,0,0,0
2020-06-03,Fiji,0,0,18,0,0,0,0,0
2020-06-04,Fiji,0,0,18,0,0,0,0,0
2020-06-05,Fiji,0,0,18,0,0,0,0,0
2020-06-06,Fiji,0,0,18,0,0,0,0,0
2020-06-07,Fiji,0,0,18,0,0,0,0,0
2020-06-08,Fiji,0,0,18,0,0,0,0,0
2020-06-09,Fiji,0,0,18,0,0,0,0,0
2020-06-10,Fiji,0,0,18,0,0,0,0,0
2020-06-11,Fiji,0,0,18,0,0,0,0,0
2020-06-12,Fiji,0,0,18,0,0,0,0,0
2020-06-13,Fiji,0,0,18,0,0,0,0,0
2020-06-14,Fiji,0,0,18,0,0,0,0,0
2020-06-15,Fiji,0,0,18,0,0,0,0,0
2020-06-16,Fiji,0,0,18,0,0,0,0,0
2020-06-17,Fiji,0,0,18,0,0,0,0,0
2020-06-18,Fiji,0,0,18,0,0,0,0,0
2020-06-19,Fiji,0,0,18,0,0,0,0,0
2020-06-20,Fiji,0,0,18,0,0,0,0,0
2020-06-21,Fiji,0,0,18,0,0,0,0,0
2020-06-22,Fiji,0,0,18,0,0,0,0,0
2020-06-23,Fiji,0,0,18,0,0,0,0,0
2020-06-24,Fiji,0,0,18,0,0,0,0,0
2020-06-25,Fiji,0,0,18,0,0,0,0,0
2020-06-26,Fiji,0,0,18,0,0,0,0,0
2020-06-27,Fiji,0,0,18,0,0,0,0,0
2020-06-28,Fiji,0,0,18,0,0,0,0,0
2020-06-29,Fiji,0,0,18,0,0,0,0,0
2020-06-30,Fiji,0,0,18,0,0,0,0,0
2020-07-01,Fiji,0,0,18,0,0,0,0,0
2020-07-02,Fiji,0,0,18,0,0,0,0,0
2020-07-03,Fiji,0,0,18,0,0,0,0,0
2020-07-04,Fiji,0,0,18,0,0,0,0,0
2020-07-05,Fiji,0,0,18,0,0,0,0,0
2020-07-06,Fiji,0,0,18,0,0,0,0,0
2020-07-07,Fiji,1,0,19,0,1,0,1,0
2020-07-08,Fiji,0,0,19,0,1,0,1,0
2020-07-09,Fiji,2,0,21,0,3,0,3,0
2020-07-10,Fiji,0,0,21,0,3,0,3,0
2020-07-11,Fiji,0,0,21,0,3,0,3,0
2020-07-12,Fiji,0,0,21,0,3,0,3,0
2020-07-13,Fiji,5,0,26,0,8,0,8,0
2020-07-14,Fiji,0,0,26,0,7,0,8,0
2020-07-15,Fiji,0,0,26,0,7,0,8,0
2020-07-16,Fiji,0,0,26,0,5,0,8,0
2020-07-17,Fiji,0,0,26,0,5,0,8,0
2020-07-18,Fiji,0,0,26,0,5,0,8,0
2020-07-19,Fiji,0,0,26,0,5,0,8,0
2020-07-20,Fiji,0,0,26,0,0,0,8,0
2020-07-21,Fiji,0,0,26,0,0,0,7,0
2020-07-22,Fiji,1,0,27,0,1,0,8,0
2020-07-23,Fiji,0,0,27,0,1,0,6,0
2020-07-24,Fiji,0,0,27,0,1,0,6,0
2020-07-25,Fiji,0,0,27,0,1,0,6,0
2020-07-26,Fiji,0,0,27,0,1,0,6,0
2020-07-27,Fiji,0,0,27,0,1,0,1,0
2020-07-28,Fiji,0,0,27,0,1,0,1,0
2020-07-29,Fiji,0,0,27,0,0,0,1,0
2020-07-30,Fiji,0,0,27,0,0,0,1,0
2020-07-31,Fiji,0,0,27,0,0,0,1,0
2020-08-01,Fiji,0,1,27,1,0,1,1,1
2020-08-02,Fiji,0,0,27,1,0,1,1,1
2020-08-03,Fiji,0,0,27,1,0,1,1,1
2020-08-04,Fiji,0,0,27,1,0,1,1,1
2020-08-05,Fiji,0,0,27,1,0,1,0,1
2020-08-06,Fiji,0,0,27,1,0,1,0,1
2020-08-07,Fiji,0,0,27,1,0,1,0,1
2020-08-08,Fiji,0,0,27,1,0,0,0,1
2020-08-09,Fiji,0,0,27,1,0,0,0,1
2020-08-10,Fiji,0,0,27,1,0,0,0,1
2020-08-11,Fiji,0,0,27,1,0,0,0,1
2020-08-12,Fiji,0,0,27,1,0,0,0,1
2020-08-13,Fiji,0,0,27,1,0,0,0,1
2020-08-14,Fiji,0,0,27,1,0,0,0,1
2020-08-15,Fiji,0,0,27,1,0,0,0,0
2020-08-16,Fiji,0,0,27,1,0,0,0,0
2020-08-17,Fiji,1,0,28,1,1,0,1,0
2020-08-18,Fiji,0,0,28,1,1,0,1,0
2020-08-19,Fiji,0,0,28,1,1,0,1,0
2020-08-20,Fiji,0,0,28,1,1,0,1,0
2020-08-21,Fiji,0,0,28,1,1,0,1,0
2020-08-22,Fiji,0,0,28,1,1,0,1,0
2020-08-23,Fiji,0,0,28,1,1,0,1,0
2020-08-24,Fiji,0,0,28,1,0,0,1,0
2020-08-25,Fiji,0,0,28,1,0,0,1,0
2020-08-26,Fiji,0,0,28,1,0,0,1,0
2020-08-27,Fiji,0,0,28,1,0,0,1,0
2020-08-28,Fiji,0,0,28,1,0,0,1,0
2020-08-29,Fiji,0,1,28,2,0,1,1,1
2020-08-30,Fiji,0,0,28,2,0,1,1,1
2020-08-31,Fiji,0,0,28,2,0,1,0,1
2020-04-01,Finland,71,4,1384,17,592,16,1065,17
2020-04-02,Finland,62,0,1446,17,566,14,1077,17
2020-04-03,Finland,72,2,1518,19,560,15,1118,19
2020-04-04,Finland,97,1,1615,20,590,13,1165,20
2020-04-05,Finland,267,5,1882,25,664,16,1361,24
2020-04-06,Finland,45,2,1927,27,709,16,1301,26
2020-04-07,Finland,249,0,2176,27,863,14,1476,26
2020-04-08,Finland,132,7,2308,34,924,17,1516,33
2020-04-09,Finland,179,6,2487,40,1041,23,1607,37
2020-04-10,Finland,118,2,2605,42,1087,23,1647,38
2020-04-11,Finland,164,6,2769,48,1154,28,1744,41
2020-04-12,Finland,136,1,2905,49,1023,24,1687,40
2020-04-13,Finland,69,7,2974,56,1047,29,1756,45
2020-04-14,Finland,90,3,3064,59,888,32,1751,46
2020-04-15,Finland,97,5,3161,64,853,30,1777,47
2020-04-16,Finland,76,8,3237,72,750,32,1791,55
2020-04-17,Finland,132,3,3369,75,764,33,1851,56
2020-04-18,Finland,120,7,3489,82,720,34,1874,62
2020-04-19,Finland,192,8,3681,90,776,41,1799,65
2020-04-20,Finland,102,4,3783,94,809,38,1856,67
2020-04-21,Finland,85,4,3868,98,804,39,1692,71
2020-04-22,Finland,146,43,4014,141,853,77,1706,107
2020-04-23,Finland,115,8,4129,149,892,77,1642,109
2020-04-24,Finland,155,23,4284,172,915,97,1679,130
2020-04-25,Finland,111,5,4395,177,906,95,1626,129
2020-04-26,Finland,80,9,4475,186,794,96,1570,137
2020-04-27,Finland,101,4,4576,190,793,96,1602,134
2020-04-28,Finland,119,3,4695,193,827,95,1631,134
2020-04-29,Finland,45,6,4740,199,726,58,1579,135
2020-04-30,Finland,166,7,4906,206,777,57,1669,134
2020-05-01,Finland,89,5,4995,211,711,39,1626,136
2020-05-02,Finland,56,7,5051,218,656,41,1562,136
2020-05-03,Finland,128,2,5179,220,704,34,1498,130
2020-05-04,Finland,75,10,5254,230,678,40,1471,136
2020-05-05,Finland,73,10,5327,240,632,47,1459,142
2020-05-06,Finland,85,6,5412,246,672,47,1398,105
2020-05-07,Finland,161,6,5573,252,667,46,1444,103
2020-05-08,Finland,100,3,5673,255,678,44,1389,83
2020-05-09,Finland,65,5,5738,260,687,42,1343,83
2020-05-10,Finland,142,5,5880,265,701,45,1405,79
2020-05-11,Finland,82,2,5962,267,708,37,1386,77
2020-05-12,Finland,22,4,5984,271,657,31,1289,78
2020-05-13,Finland,19,4,6003,275,591,29,1263,76
2020-05-14,Finland,51,9,6054,284,481,32,1148,78
2020-05-15,Finland,91,3,6145,287,472,32,1150,76
2020-05-16,Finland,83,6,6228,293,490,33,1177,75
2020-05-17,Finland,58,4,6286,297,406,32,1107,77
2020-05-18,Finland,61,1,6347,298,385,31,1093,68
2020-05-19,Finland,33,2,6380,300,396,29,1053,60
2020-05-20,Finland,19,1,6399,301,396,26,987,55
2020-05-21,Finland,44,3,6443,304,389,20,870,52
2020-05-22,Finland,50,2,6493,306,348,19,820,51
2020-05-23,Finland,44,0,6537,306,309,13,799,46
2020-05-24,Finland,31,0,6568,306,282,9,688,41
2020-05-25,Finland,11,1,6579,307,232,9,617,40
2020-05-26,Finland,20,1,6599,308,219,8,615,37
2020-05-27,Finland,29,4,6628,312,229,11,625,37
2020-05-28,Finland,64,1,6692,313,249,9,638,29
2020-05-29,Finland,51,0,6743,313,250,7,598,26
2020-05-30,Finland,33,1,6776,314,239,8,548,21
2020-05-31,Finland,50,2,6826,316,258,10,540,19
2020-06-01,Finland,33,4,6859,320,280,13,512,22
2020-06-02,Finland,26,0,6885,320,286,12,505,20
2020-06-03,Finland,2,0,6887,320,259,8,488,19
2020-06-04,Finland,24,1,6911,321,219,8,468,17
2020-06-05,Finland,0,1,6911,322,168,9,418,16
2020-06-06,Finland,30,0,6941,322,165,8,404,16
2020-06-07,Finland,23,0,6964,322,138,6,396,16
2020-06-08,Finland,17,1,6981,323,122,3,402,16
2020-06-09,Finland,20,0,7001,323,116,3,402,15
2020-06-10,Finland,24,1,7025,324,138,4,397,12
2020-06-11,Finland,15,0,7040,324,129,3,348,11
2020-06-12,Finland,24,1,7064,325,153,3,321,12
2020-06-13,Finland,9,0,7073,325,132,3,297,11
2020-06-14,Finland,14,0,7087,325,123,3,261,9
2020-06-15,Finland,17,1,7104,326,123,3,245,6
2020-06-16,Finland,4,0,7108,326,107,3,223,6
2020-06-17,Finland,4,0,7112,326,87,2,225,6
2020-06-18,Finland,5,0,7117,326,77,2,206,5
2020-06-19,Finland,0,0,7117,326,53,1,206,4
2020-06-20,Finland,16,0,7133,326,60,1,192,4
2020-06-21,Finland,9,0,7142,326,55,1,178,4
2020-06-22,Finland,1,0,7143,326,39,0,162,3
2020-06-23,Finland,1,1,7144,327,36,1,143,4
2020-06-24,Finland,11,0,7155,327,43,1,130,3
2020-06-25,Finland,12,0,7167,327,50,1,127,3
2020-06-26,Finland,5,0,7172,327,55,1,108,2
2020-06-27,Finland,19,1,7191,328,58,2,118,3
2020-06-28,Finland,0,0,7191,328,49,2,104,3
2020-06-29,Finland,0,0,7191,328,48,2,87,2
2020-06-30,Finland,18,0,7209,328,65,1,101,2
2020-07-01,Finland,5,0,7214,328,59,1,102,2
2020-07-02,Finland,22,0,7236,328,69,1,119,2
2020-07-03,Finland,5,0,7241,328,69,1,124,2
2020-07-04,Finland,28,0,7269,328,78,0,136,2
2020-07-05,Finland,1,0,7270,328,79,0,128,2
2020-07-06,Finland,2,0,7272,328,81,0,129,2
2020-07-07,Finland,3,0,7275,328,66,0,131,1
2020-07-08,Finland,1,0,7276,328,62,0,121,1
2020-07-09,Finland,7,0,7283,328,47,0,116,1
2020-07-10,Finland,4,0,7287,328,46,0,115,1
2020-07-11,Finland,3,0,7290,328,21,0,99,0
2020-07-12,Finland,0,0,7290,328,20,0,99,0
2020-07-13,Finland,2,0,7292,328,20,0,101,0
2020-07-14,Finland,1,0,7293,328,18,0,84,0
2020-07-15,Finland,0,0,7293,328,17,0,79,0
2020-07-16,Finland,0,0,7293,328,10,0,57,0
2020-07-17,Finland,0,0,7293,328,6,0,52,0
2020-07-18,Finland,8,0,7301,328,11,0,32,0
2020-07-19,Finland,17,0,7318,328,28,0,48,0
2020-07-20,Finland,20,0,7338,328,46,0,66,0
2020-07-21,Finland,2,0,7340,328,47,0,65,0
2020-07-22,Finland,11,0,7351,328,58,0,75,0
2020-07-23,Finland,11,0,7362,328,69,0,79,0
2020-07-24,Finland,10,0,7372,328,79,0,85,0
2020-07-25,Finland,8,1,7380,329,79,1,90,1
2020-07-26,Finland,8,0,7388,329,70,1,98,1
2020-07-27,Finland,5,0,7393,329,55,1,101,1
2020-07-28,Finland,5,0,7398,329,58,1,105,1
2020-07-29,Finland,6,0,7404,329,53,1,111,1
2020-07-30,Finland,10,0,7414,329,52,1,121,1
2020-07-31,Finland,9,0,7423,329,51,1,130,1
2020-08-01,Finland,9,0,7432,329,52,0,131,1
2020-08-02,Finland,11,0,7443,329,55,0,125,1
2020-08-03,Finland,10,0,7453,329,60,0,115,1
2020-08-04,Finland,13,0,7466,329,68,0,126,1
2020-08-05,Finland,17,2,7483,331,79,2,132,3
2020-08-06,Finland,29,0,7512,331,98,2,150,3
2020-08-07,Finland,20,0,7532,331,109,2,160,3
2020-08-08,Finland,22,0,7554,331,122,2,174,2
2020-08-09,Finland,14,0,7568,331,125,2,180,2
2020-08-10,Finland,16,0,7584,331,131,2,191,2
2020-08-11,Finland,17,2,7601,333,135,4,203,4
2020-08-12,Finland,22,0,7623,333,140,2,219,4
2020-08-13,Finland,19,0,7642,333,130,2,228,4
2020-08-14,Finland,41,0,7683,333,151,2,260,4
2020-08-15,Finland,17,0,7700,333,146,2,268,4
2020-08-16,Finland,20,0,7720,333,152,2,277,4
2020-08-17,Finland,11,0,7731,333,147,2,278,4
2020-08-18,Finland,21,1,7752,334,151,1,286,5
2020-08-19,Finland,24,0,7776,334,153,1,293,3
2020-08-20,Finland,0,0,7776,334,134,1,264,3
2020-08-21,Finland,66,0,7842,334,159,1,310,3
2020-08-22,Finland,29,0,7871,334,171,1,317,3
2020-08-23,Finland,0,0,7871,334,151,1,303,3
2020-08-24,Finland,0,0,7871,334,140,1,287,3
2020-08-25,Finland,67,1,7938,335,186,1,337,2
2020-08-26,Finland,43,0,7981,335,205,1,358,2
2020-08-27,Finland,21,0,8002,335,226,1,360,2
2020-08-28,Finland,17,0,8019,335,177,1,336,2
2020-08-29,Finland,23,0,8042,335,171,1,342,2
2020-08-30,Finland,7,0,8049,335,178,1,329,2
2020-08-31,Finland,28,0,8077,335,206,1,346,2
2020-04-01,France,7578,499,52128,3523,29826,2423,44398,3348
2020-04-02,France,4861,509,56989,4032,31756,2701,47855,3788
2020-04-03,France,2116,471,59105,4503,29950,2807,48110,4131
2020-04-04,France,5233,2004,64338,6507,31374,4512,51726,6057
2020-04-05,France,4267,1053,68605,7560,31030,5246,54146,6998
2020-04-06,France,1873,518,70478,8078,30304,5472,54460,7404
2020-04-07,France,3912,833,74390,8911,29840,5887,54534,8051
2020-04-08,France,3777,1417,78167,10328,26039,6805,55865,9228
2020-04-09,France,3881,541,82048,10869,25059,6837,56815,9538
2020-04-10,France,4286,1341,86334,12210,27229,7707,57179,10514
2020-04-11,France,4342,987,90676,13197,26338,6690,57712,11202
2020-04-12,France,3114,635,93790,13832,25185,6272,56215,11518
2020-04-13,France,1613,561,95403,14393,24925,6315,55229,11787
2020-04-14,France,2673,574,98076,14967,23686,6056,53526,11943
2020-04-15,France,5497,762,103573,15729,25406,5401,51445,12206
2020-04-16,France,2633,1438,106206,17167,24158,6298,49217,13135
2020-04-17,France,2641,753,108847,17920,22513,5710,49742,13417
2020-04-18,France,405,761,109252,18681,18576,5484,44914,12174
2020-04-19,France,2569,642,111821,19323,18031,5491,43216,11763
2020-04-20,France,785,395,112606,19718,17203,5325,42128,11640
2020-04-21,France,2051,547,114657,20265,16581,5298,40267,11354
2020-04-22,France,2667,531,117324,20796,13751,5067,39157,10468
2020-04-23,France,1827,544,119151,21340,12945,4173,37103,10471
2020-04-24,France,1653,516,120804,21856,11957,3936,34470,9646
2020-04-25,France,1773,389,122577,22245,13325,3564,31901,9048
2020-04-26,France,1537,369,124114,22614,12293,3291,30324,8782
2020-04-27,France,461,242,124575,22856,11969,3138,29172,8463
2020-04-28,France,1195,437,125770,23293,11113,3028,27694,8326
2020-04-29,France,1065,367,126835,23660,9511,2864,23262,7931
2020-04-30,France,1607,427,128442,24087,9291,2747,22236,6920
2020-05-01,France,1139,289,129581,24376,8777,2520,20734,6456
2020-05-02,France,604,218,130185,24594,7608,2349,20933,5913
2020-05-03,France,794,166,130979,24760,6865,2146,19158,5437
2020-05-04,France,308,135,131287,24895,6712,2039,18681,5177
2020-05-05,France,576,306,131863,25201,6093,1908,17206,4936
2020-05-06,France,1104,330,132967,25531,6132,1871,15643,4735
2020-05-07,France,4183,278,137150,25809,8708,1722,17999,4469
2020-05-08,France,629,178,137779,25987,8198,1611,16975,4131
2020-05-09,France,642,243,138421,26230,8236,1636,15844,3985
2020-05-10,France,433,80,138854,26310,7875,1550,14740,3696
2020-05-11,France,209,70,139063,26380,7776,1485,14488,3524
2020-05-12,France,456,263,139519,26643,7656,1442,13749,3350
2020-05-13,France,708,348,140227,26991,7260,1460,13392,3331
2020-05-14,France,507,83,140734,27074,3584,1265,12292,2987
2020-05-15,France,622,351,141356,27425,3577,1438,11775,3049
2020-05-16,France,563,130,141919,27555,3498,1325,11734,2961
2020-05-17,France,372,88,142291,27643,3437,1333,11312,2883
2020-05-18,France,120,68,142411,27711,3348,1331,11124,2816
2020-05-19,France,492,186,142903,27897,3384,1254,11040,2696
2020-05-20,France,524,125,143427,28022,3200,1031,10460,2491
2020-05-21,France,418,110,143845,28132,3111,1058,6695,2323
2020-05-22,France,318,83,144163,28215,2807,790,6384,2228
2020-05-23,France,403,74,144566,28289,2647,734,6145,2059
2020-05-24,France,240,43,144806,28332,2515,689,5952,2022
2020-05-25,France,115,35,144921,28367,2510,656,5858,1987
2020-05-26,France,358,65,145279,28432,2376,535,5760,1789
2020-05-27,France,276,98,145555,28530,2128,508,5328,1539
2020-05-28,France,191,66,145746,28596,1901,464,5012,1522
2020-05-29,France,3325,66,149071,28662,4908,447,7715,1237
2020-05-30,France,597,52,149668,28714,5102,425,7749,1159
2020-05-31,France,1828,57,151496,28771,6690,439,9205,1128
2020-06-01,France,257,31,151753,28802,6832,435,9342,1091
2020-06-02,France,338,31,152091,28833,6812,401,9188,936
2020-06-03,France,-766,107,151325,28940,5770,410,7898,918
2020-06-04,France,352,81,151677,29021,5931,425,7832,889
2020-06-05,France,767,44,152444,29065,3373,403,8281,850
2020-06-06,France,611,46,153055,29111,3387,397,8489,822
2020-06-07,France,579,31,153634,29142,2138,371,8828,810
2020-06-08,France,343,13,153977,29155,2224,353,9056,788
2020-06-09,France,211,54,154188,29209,2097,376,8909,777
2020-06-10,France,403,87,154591,29296,3266,356,9036,766
2020-06-11,France,545,23,155136,29319,3459,298,9390,723
2020-06-12,France,425,27,155561,29346,3117,281,6490,684
2020-06-13,France,726,28,156287,29374,3232,263,6619,660
2020-06-14,France,526,24,156813,29398,3179,256,5317,627
2020-06-15,France,407,9,157220,29407,3243,252,5467,605
2020-06-16,France,152,29,157372,29436,3184,227,5281,603
2020-06-17,France,344,111,157716,29547,3125,251,6391,607
2020-06-18,France,458,28,158174,29575,3038,256,6497,554
2020-06-19,France,467,28,158641,29603,3080,257,6197,538
2020-06-20,France,811,14,159452,29617,3165,243,6397,506
2020-06-21,France,641,16,160093,29633,3280,235,6459,491
2020-06-22,France,284,7,160377,29640,3157,233,6400,485
2020-06-23,France,373,23,160750,29663,3378,227,6562,454
2020-06-24,France,517,57,161267,29720,3551,173,6676,424
2020-06-25,France,81,11,161348,29731,3174,156,6212,412
2020-06-26,France,0,21,161348,29752,2707,149,5787,406
2020-06-27,France,1588,26,162936,29778,3484,161,6649,404
2020-06-28,France,0,0,162936,29778,2843,145,6123,380
2020-06-29,France,0,0,162936,29778,2559,138,5716,371
2020-06-30,France,1324,35,164260,29813,3510,150,6888,377
2020-07-01,France,541,30,164801,29843,3534,123,7085,296
2020-07-02,France,918,18,165719,29861,4371,130,7545,286
2020-07-03,France,659,14,166378,29875,5030,123,7737,272
2020-07-04,France,582,18,166960,29893,4024,115,7508,276
2020-07-05,France,0,0,166960,29893,4024,115,6867,260
2020-07-06,France,0,0,166960,29893,4024,115,6583,253
2020-07-07,France,1375,27,168335,29920,4075,107,7585,257
2020-07-08,France,475,13,168810,29933,4009,90,7543,213
2020-07-09,France,663,32,169473,29965,3754,104,8125,234
2020-07-10,France,621,14,170094,29979,3716,104,8746,227
2020-07-11,France,658,25,170752,30004,3792,111,7816,226
2020-07-12,France,0,0,170752,30004,3792,111,7816,226
2020-07-13,France,0,0,170752,30004,3792,111,7816,226
2020-07-14,France,1625,25,172377,30029,4042,109,8117,216
2020-07-15,France,0,0,172377,30029,3567,96,7576,186
2020-07-16,France,927,91,173304,30120,3831,155,7585,259
2020-07-17,France,534,18,173838,30138,3744,159,7460,263
2020-07-18,France,836,14,174674,30152,3922,148,7714,259
2020-07-19,France,0,0,174674,30152,3922,148,7714,259
2020-07-20,France,0,0,174674,30152,3922,148,7714,259
2020-07-21,France,2080,13,176754,30165,4377,136,8419,245
2020-07-22,France,584,0,177338,30165,4961,136,8528,232
2020-07-23,France,998,7,178336,30172,5032,52,8863,207
2020-07-24,France,1062,10,179398,30182,5560,44,9304,203
2020-07-25,France,1130,10,180528,30192,5854,40,9776,188
2020-07-26,France,0,0,180528,30192,5854,40,9776,188
2020-07-27,France,0,0,180528,30192,5854,40,9776,188
2020-07-28,France,2551,17,183079,30209,6325,44,10702,180
2020-07-29,France,725,14,183804,30223,6466,58,11427,194
2020-07-30,France,1392,15,185196,30238,6860,66,11892,118
2020-07-31,France,1377,16,186573,30254,7175,72,12735,116
2020-08-01,France,1346,11,187919,30265,7391,73,13245,113
2020-08-02,France,0,0,187919,30265,7391,73,13245,113
2020-08-03,France,0,0,187919,30265,7391,73,13245,113
2020-08-04,France,3376,29,191295,30294,8216,85,14541,129
2020-08-05,France,1039,2,192334,30296,8530,73,14996,131
2020-08-06,France,1695,9,194029,30305,8833,67,15693,133
2020-08-07,France,1604,7,195633,30312,9060,58,16235,130
2020-08-08,France,2288,12,197921,30324,10002,59,17393,132
2020-08-09,France,0,0,197921,30324,10002,59,17393,132
2020-08-10,France,0,0,197921,30324,10002,59,17393,132
2020-08-11,France,4854,16,202775,30340,11480,46,19696,131
2020-08-12,France,1397,14,204172,30354,11838,58,20368,131
2020-08-13,France,2524,17,206696,30371,12667,66,21500,133
2020-08-14,France,2669,17,209365,30388,13732,76,22792,134
2020-08-15,France,2846,18,212211,30406,14290,82,24292,141
2020-08-16,France,3310,3,215521,30409,17600,85,27602,144
2020-08-17,France,3015,1,218536,30410,20615,86,30617,145
2020-08-18,France,493,19,219029,30429,16254,89,27734,135
2020-08-19,France,2238,22,221267,30451,17095,97,28933,155
2020-08-20,France,3776,17,225043,30468,18347,97,31014,163
2020-08-21,France,4771,12,229814,30480,20449,92,34181,168
2020-08-22,France,4586,23,234400,30503,22189,97,36479,179
2020-08-23,France,3602,9,238002,30512,22481,103,40081,188
2020-08-24,France,4897,1,242899,30513,24363,103,44978,189
2020-08-25,France,1955,15,244854,30528,25825,99,42079,188
2020-08-26,France,3304,16,248158,30544,26891,93,43986,190
2020-08-27,France,5429,0,253587,30544,28544,76,46891,173
2020-08-28,France,6111,32,259698,30576,29884,96,50333,188
2020-08-29,France,7379,20,267077,30596,32677,93,54866,190
2020-08-30,France,5453,6,272530,30602,34528,90,57009,193
2020-08-31,France,5413,4,277943,30606,35044,93,59407,196
2020-04-01,French Polynesia,1,0,37,0,12,0,37,0
2020-04-02,French Polynesia,0,0,37,0,12,0,34,0
2020-04-03,French Polynesia,0,0,37,0,7,0,34,0
2020-04-04,French Polynesia,2,0,39,0,9,0,24,0
2020-04-05,French Polynesia,1,0,40,0,6,0,23,0
2020-04-06,French Polynesia,1,0,41,0,6,0,23,0
2020-04-07,French Polynesia,0,0,41,0,5,0,18,0
2020-04-08,French Polynesia,6,0,47,0,10,0,22,0
2020-04-09,French Polynesia,4,0,51,0,14,0,26,0
2020-04-10,French Polynesia,0,0,51,0,14,0,21,0
2020-04-11,French Polynesia,0,0,51,0,12,0,21,0
2020-04-12,French Polynesia,0,0,51,0,11,0,17,0
2020-04-13,French Polynesia,2,0,53,0,12,0,18,0
2020-04-14,French Polynesia,2,0,55,0,14,0,19,0
2020-04-15,French Polynesia,0,0,55,0,8,0,18,0
2020-04-16,French Polynesia,0,0,55,0,4,0,18,0
2020-04-17,French Polynesia,0,0,55,0,4,0,18,0
2020-04-18,French Polynesia,0,0,55,0,4,0,16,0
2020-04-19,French Polynesia,0,0,55,0,4,0,15,0
2020-04-20,French Polynesia,0,0,55,0,2,0,14,0
2020-04-21,French Polynesia,1,0,56,0,1,0,15,0
2020-04-22,French Polynesia,1,0,57,0,2,0,10,0
2020-04-23,French Polynesia,0,0,57,0,2,0,6,0
2020-04-24,French Polynesia,0,0,57,0,2,0,6,0
2020-04-25,French Polynesia,0,0,57,0,2,0,6,0
2020-04-26,French Polynesia,0,0,57,0,2,0,6,0
2020-04-27,French Polynesia,0,0,57,0,2,0,4,0
2020-04-28,French Polynesia,1,0,58,0,2,0,3,0
2020-04-29,French Polynesia,0,0,58,0,1,0,3,0
2020-04-30,French Polynesia,0,0,58,0,1,0,3,0
2020-05-01,French Polynesia,0,0,58,0,1,0,3,0
2020-05-02,French Polynesia,0,0,58,0,1,0,3,0
2020-05-03,French Polynesia,0,0,58,0,1,0,3,0
2020-05-04,French Polynesia,0,0,58,0,1,0,3,0
2020-05-05,French Polynesia,0,0,58,0,0,0,2,0
2020-05-06,French Polynesia,2,0,60,0,2,0,3,0
2020-05-07,French Polynesia,0,0,60,0,2,0,3,0
2020-05-08,French Polynesia,0,0,60,0,2,0,3,0
2020-05-09,French Polynesia,0,0,60,0,2,0,3,0
2020-05-10,French Polynesia,0,0,60,0,2,0,3,0
2020-05-11,French Polynesia,0,0,60,0,2,0,3,0
2020-05-12,French Polynesia,0,0,60,0,2,0,2,0
2020-05-13,French Polynesia,0,0,60,0,0,0,2,0
2020-05-14,French Polynesia,0,0,60,0,0,0,2,0
2020-05-15,French Polynesia,0,0,60,0,0,0,2,0
2020-05-16,French Polynesia,0,0,60,0,0,0,2,0
2020-05-17,French Polynesia,0,0,60,0,0,0,2,0
2020-05-18,French Polynesia,0,0,60,0,0,0,2,0
2020-05-19,French Polynesia,0,0,60,0,0,0,2,0
2020-05-20,French Polynesia,0,0,60,0,0,0,0,0
2020-05-21,French Polynesia,0,0,60,0,0,0,0,0
2020-05-22,French Polynesia,0,0,60,0,0,0,0,0
2020-05-23,French Polynesia,0,0,60,0,0,0,0,0
2020-05-24,French Polynesia,0,0,60,0,0,0,0,0
2020-05-25,French Polynesia,0,0,60,0,0,0,0,0
2020-05-26,French Polynesia,0,0,60,0,0,0,0,0
2020-05-27,French Polynesia,0,0,60,0,0,0,0,0
2020-05-28,French Polynesia,0,0,60,0,0,0,0,0
2020-05-29,French Polynesia,0,0,60,0,0,0,0,0
2020-05-30,French Polynesia,0,0,60,0,0,0,0,0
2020-05-31,French Polynesia,0,0,60,0,0,0,0,0
2020-06-01,French Polynesia,0,0,60,0,0,0,0,0
2020-06-02,French Polynesia,0,0,60,0,0,0,0,0
2020-06-03,French Polynesia,0,0,60,0,0,0,0,0
2020-06-04,French Polynesia,0,0,60,0,0,0,0,0
2020-06-05,French Polynesia,0,0,60,0,0,0,0,0
2020-06-06,French Polynesia,0,0,60,0,0,0,0,0
2020-06-07,French Polynesia,0,0,60,0,0,0,0,0
2020-06-08,French Polynesia,0,0,60,0,0,0,0,0
2020-06-09,French Polynesia,0,0,60,0,0,0,0,0
2020-06-10,French Polynesia,0,0,60,0,0,0,0,0
2020-06-11,French Polynesia,0,0,60,0,0,0,0,0
2020-06-12,French Polynesia,0,0,60,0,0,0,0,0
2020-06-13,French Polynesia,0,0,60,0,0,0,0,0
2020-06-14,French Polynesia,0,0,60,0,0,0,0,0
2020-06-15,French Polynesia,0,0,60,0,0,0,0,0
2020-06-16,French Polynesia,0,0,60,0,0,0,0,0
2020-06-17,French Polynesia,0,0,60,0,0,0,0,0
2020-06-18,French Polynesia,0,0,60,0,0,0,0,0
2020-06-19,French Polynesia,0,0,60,0,0,0,0,0
2020-06-20,French Polynesia,0,0,60,0,0,0,0,0
2020-06-21,French Polynesia,0,0,60,0,0,0,0,0
2020-06-22,French Polynesia,0,0,60,0,0,0,0,0
2020-06-23,French Polynesia,0,0,60,0,0,0,0,0
2020-06-24,French Polynesia,0,0,60,0,0,0,0,0
2020-06-25,French Polynesia,0,0,60,0,0,0,0,0
2020-06-26,French Polynesia,0,0,60,0,0,0,0,0
2020-06-27,French Polynesia,2,0,62,0,2,0,2,0
2020-06-28,French Polynesia,0,0,62,0,2,0,2,0
2020-06-29,French Polynesia,0,0,62,0,2,0,2,0
2020-06-30,French Polynesia,0,0,62,0,2,0,2,0
2020-07-01,French Polynesia,0,0,62,0,2,0,2,0
2020-07-02,French Polynesia,0,0,62,0,2,0,2,0
2020-07-03,French Polynesia,0,0,62,0,2,0,2,0
2020-07-04,French Polynesia,0,0,62,0,0,0,2,0
2020-07-05,French Polynesia,0,0,62,0,0,0,2,0
2020-07-06,French Polynesia,0,0,62,0,0,0,2,0
2020-07-07,French Polynesia,0,0,62,0,0,0,2,0
2020-07-08,French Polynesia,0,0,62,0,0,0,2,0
2020-07-09,French Polynesia,0,0,62,0,0,0,2,0
2020-07-10,French Polynesia,0,0,62,0,0,0,2,0
2020-07-11,French Polynesia,0,0,62,0,0,0,0,0
2020-07-12,French Polynesia,0,0,62,0,0,0,0,0
2020-07-13,French Polynesia,0,0,62,0,0,0,0,0
2020-07-14,French Polynesia,0,0,62,0,0,0,0,0
2020-07-15,French Polynesia,0,0,62,0,0,0,0,0
2020-07-16,French Polynesia,0,0,62,0,0,0,0,0
2020-07-17,French Polynesia,0,0,62,0,0,0,0,0
2020-07-18,French Polynesia,0,0,62,0,0,0,0,0
2020-07-19,French Polynesia,0,0,62,0,0,0,0,0
2020-07-20,French Polynesia,0,0,62,0,0,0,0,0
2020-07-21,French Polynesia,0,0,62,0,0,0,0,0
2020-07-22,French Polynesia,0,0,62,0,0,0,0,0
2020-07-23,French Polynesia,0,0,62,0,0,0,0,0
2020-07-24,French Polynesia,0,0,62,0,0,0,0,0
2020-07-25,French Polynesia,0,0,62,0,0,0,0,0
2020-07-26,French Polynesia,0,0,62,0,0,0,0,0
2020-07-27,French Polynesia,0,0,62,0,0,0,0,0
2020-07-28,French Polynesia,0,0,62,0,0,0,0,0
2020-07-29,French Polynesia,0,0,62,0,0,0,0,0
2020-07-30,French Polynesia,0,0,62,0,0,0,0,0
2020-07-31,French Polynesia,0,0,62,0,0,0,0,0
2020-08-01,French Polynesia,0,0,62,0,0,0,0,0
2020-08-02,French Polynesia,0,0,62,0,0,0,0,0
2020-08-03,French Polynesia,0,0,62,0,0,0,0,0
2020-08-04,French Polynesia,0,0,62,0,0,0,0,0
2020-08-05,French Polynesia,0,0,62,0,0,0,0,0
2020-08-06,French Polynesia,0,0,62,0,0,0,0,0
2020-08-07,French Polynesia,0,0,62,0,0,0,0,0
2020-08-08,French Polynesia,0,0,62,0,0,0,0,0
2020-08-09,French Polynesia,0,0,62,0,0,0,0,0
2020-08-10,French Polynesia,0,0,62,0,0,0,0,0
2020-08-11,French Polynesia,0,0,62,0,0,0,0,0
2020-08-12,French Polynesia,71,0,133,0,71,0,71,0
2020-08-13,French Polynesia,6,0,139,0,77,0,77,0
2020-08-14,French Polynesia,11,0,150,0,88,0,88,0
2020-08-15,French Polynesia,16,0,166,0,104,0,104,0
2020-08-16,French Polynesia,0,0,166,0,104,0,104,0
2020-08-17,French Polynesia,26,0,192,0,130,0,130,0
2020-08-18,French Polynesia,19,0,211,0,149,0,149,0
2020-08-19,French Polynesia,0,0,211,0,78,0,149,0
2020-08-20,French Polynesia,21,0,232,0,93,0,170,0
2020-08-21,French Polynesia,0,0,232,0,82,0,170,0
2020-08-22,French Polynesia,4,0,236,0,70,0,174,0
2020-08-23,French Polynesia,0,0,236,0,70,0,174,0
2020-08-24,French Polynesia,0,0,236,0,44,0,174,0
2020-08-25,French Polynesia,74,0,310,0,99,0,248,0
2020-08-26,French Polynesia,0,0,310,0,99,0,177,0
2020-08-27,French Polynesia,43,0,353,0,121,0,214,0
2020-08-28,French Polynesia,0,0,353,0,121,0,203,0
2020-08-29,French Polynesia,67,0,420,0,184,0,254,0
2020-08-30,French Polynesia,0,0,420,0,184,0,254,0
2020-08-31,French Polynesia,0,0,420,0,184,0,228,0
2020-04-01,Gabon,9,0,16,1,10,0,15,1
2020-04-02,Gabon,2,0,18,1,12,0,15,1
2020-04-03,Gabon,0,0,18,1,11,0,15,1
2020-04-04,Gabon,3,0,21,1,14,0,18,0
2020-04-05,Gabon,0,0,21,1,14,0,18,0
2020-04-06,Gabon,0,0,21,1,14,0,15,0
2020-04-07,Gabon,0,0,21,1,14,0,15,0
2020-04-08,Gabon,9,0,30,1,14,0,24,0
2020-04-09,Gabon,3,0,33,1,15,0,27,0
2020-04-10,Gabon,11,0,44,1,26,0,37,0
2020-04-11,Gabon,2,0,46,1,25,0,39,0
2020-04-12,Gabon,3,0,49,1,28,0,42,0
2020-04-13,Gabon,8,0,57,1,36,0,50,0
2020-04-14,Gabon,0,0,57,1,36,0,50,0
2020-04-15,Gabon,18,0,75,1,45,0,59,0
2020-04-16,Gabon,12,0,87,1,54,0,69,0
2020-04-17,Gabon,8,0,95,1,51,0,77,0
2020-04-18,Gabon,13,0,108,1,62,0,87,0
2020-04-19,Gabon,1,0,109,1,60,0,88,0
2020-04-20,Gabon,0,0,109,1,52,0,88,0
2020-04-21,Gabon,11,0,120,1,63,0,99,0
2020-04-22,Gabon,36,0,156,1,81,0,126,0
2020-04-23,Gabon,10,0,166,1,79,0,133,0
2020-04-24,Gabon,1,1,167,2,72,1,123,1
2020-04-25,Gabon,5,1,172,3,64,2,126,2
2020-04-26,Gabon,4,0,176,3,67,2,127,2
2020-04-27,Gabon,0,0,176,3,67,2,119,2
2020-04-28,Gabon,35,0,211,3,91,2,154,2
2020-04-29,Gabon,27,0,238,3,82,2,163,2
2020-04-30,Gabon,38,0,276,3,110,2,189,2
2020-05-01,Gabon,0,0,276,3,109,1,181,2
2020-05-02,Gabon,32,1,308,4,136,1,200,3
2020-05-03,Gabon,27,1,335,5,159,2,226,4
2020-05-04,Gabon,0,0,335,5,159,2,226,4
2020-05-05,Gabon,32,1,367,6,156,3,247,5
2020-05-06,Gabon,30,0,397,6,159,3,241,5
2020-05-07,Gabon,42,2,439,8,163,5,273,7
2020-05-08,Gabon,65,0,504,8,228,5,337,6
2020-05-09,Gabon,116,0,620,8,312,4,448,5
2020-05-10,Gabon,41,0,661,8,326,3,485,5
2020-05-11,Gabon,0,0,661,8,326,3,485,5
2020-05-12,Gabon,141,1,802,9,435,3,591,6
2020-05-13,Gabon,61,0,863,9,466,3,625,6
2020-05-14,Gabon,141,0,1004,9,565,1,728,6
2020-05-15,Gabon,100,1,1104,10,600,2,828,7
2020-05-16,Gabon,105,0,1209,10,589,2,901,6
2020-05-17,Gabon,111,1,1320,11,659,3,985,6
2020-05-18,Gabon,0,0,1320,11,659,3,985,6
2020-05-19,Gabon,112,0,1432,11,630,2,1065,5
2020-05-20,Gabon,70,1,1502,12,639,3,1105,6
2020-05-21,Gabon,65,0,1567,12,563,3,1128,4
2020-05-22,Gabon,0,0,1567,12,463,2,1063,4
2020-05-23,Gabon,161,0,1728,12,519,2,1108,4
2020-05-24,Gabon,206,0,1934,12,614,1,1273,4
2020-05-25,Gabon,0,0,1934,12,614,1,1273,4
2020-05-26,Gabon,201,2,2135,14,703,3,1333,5
2020-05-27,Gabon,103,0,2238,14,736,2,1375,5
2020-05-28,Gabon,81,0,2319,14,752,2,1315,5
2020-05-29,Gabon,112,0,2431,14,864,2,1327,4
2020-05-30,Gabon,182,1,2613,15,885,3,1404,5
2020-05-31,Gabon,42,2,2655,17,721,5,1335,6
2020-06-01,Gabon,0,0,2655,17,721,5,1335,6
2020-06-02,Gabon,0,0,2655,17,520,3,1223,6
2020-06-03,Gabon,148,3,2803,20,565,6,1301,8
2020-06-04,Gabon,99,0,2902,20,583,6,1335,8
2020-06-05,Gabon,53,1,2955,21,524,7,1388,9
2020-06-06,Gabon,146,0,3101,21,488,6,1373,9
2020-06-07,Gabon,0,0,3101,21,446,4,1167,9
2020-06-08,Gabon,0,0,3101,21,446,4,1167,9
2020-06-09,Gabon,146,0,3247,21,592,4,1112,7
2020-06-10,Gabon,47,0,3294,21,491,1,1056,7
2020-06-11,Gabon,81,1,3375,22,473,2,1056,8
2020-06-12,Gabon,88,1,3463,23,508,2,1032,9
2020-06-13,Gabon,0,0,3463,23,362,2,850,8
2020-06-14,Gabon,0,0,3463,23,362,2,808,6
2020-06-15,Gabon,0,0,3463,23,362,2,808,6
2020-06-16,Gabon,570,4,4033,27,786,6,1378,10
2020-06-17,Gabon,81,2,4114,29,820,8,1311,9
2020-06-18,Gabon,115,1,4229,30,854,8,1327,10
2020-06-19,Gabon,111,2,4340,32,877,9,1385,11
2020-06-20,Gabon,88,2,4428,34,965,11,1327,13
2020-06-21,Gabon,0,0,4428,34,965,11,1327,13
2020-06-22,Gabon,0,0,4428,34,965,11,1327,13
2020-06-23,Gabon,311,5,4739,39,706,12,1492,18
2020-06-24,Gabon,134,0,4873,39,759,10,1579,18
2020-06-25,Gabon,83,0,4956,39,727,9,1581,17
2020-06-26,Gabon,131,1,5087,40,747,8,1624,17
2020-06-27,Gabon,122,0,5209,40,781,6,1746,17
2020-06-28,Gabon,0,0,5209,40,781,6,1746,17
2020-06-29,Gabon,0,0,5209,40,781,6,1746,17
2020-06-30,Gabon,185,2,5394,42,655,3,1361,15
2020-07-01,Gabon,0,0,5394,42,521,3,1280,13
2020-07-02,Gabon,119,0,5513,42,557,3,1284,12
2020-07-03,Gabon,0,0,5513,42,426,2,1173,10
2020-07-04,Gabon,107,2,5620,44,411,4,1192,10
2020-07-05,Gabon,0,0,5620,44,411,4,1192,10
2020-07-06,Gabon,0,0,5620,44,411,4,1192,10
2020-07-07,Gabon,123,2,5743,46,349,4,1004,7
2020-07-08,Gabon,0,0,5743,46,349,4,870,7
2020-07-09,Gabon,128,0,5871,46,358,4,915,7
2020-07-10,Gabon,0,0,5871,46,358,4,784,6
2020-07-11,Gabon,71,0,5942,46,322,2,733,6
2020-07-12,Gabon,0,0,5942,46,322,2,733,6
2020-07-13,Gabon,0,0,5942,46,322,2,733,6
2020-07-14,Gabon,84,0,6026,46,283,0,632,4
2020-07-15,Gabon,0,0,6026,46,283,0,632,4
2020-07-16,Gabon,95,0,6121,46,250,0,608,4
2020-07-17,Gabon,0,0,6121,46,250,0,608,4
2020-07-18,Gabon,194,0,6315,46,373,0,695,2
2020-07-19,Gabon,0,0,6315,46,373,0,695,2
2020-07-20,Gabon,0,0,6315,46,373,0,695,2
2020-07-21,Gabon,118,0,6433,46,407,0,690,0
2020-07-22,Gabon,0,0,6433,46,407,0,690,0
2020-07-23,Gabon,155,1,6588,47,467,1,717,1
2020-07-24,Gabon,0,0,6588,47,467,1,717,1
2020-07-25,Gabon,396,2,6984,49,669,3,1042,3
2020-07-26,Gabon,0,0,6984,49,669,3,1042,3
2020-07-27,Gabon,0,0,6984,49,669,3,1042,3
2020-07-28,Gabon,205,0,7189,49,756,3,1163,3
2020-07-29,Gabon,0,0,7189,49,756,3,1163,3
2020-07-30,Gabon,163,0,7352,49,764,2,1231,3
2020-07-31,Gabon,0,0,7352,49,764,2,1231,3
2020-08-01,Gabon,0,0,7352,49,368,0,1037,3
2020-08-02,Gabon,179,1,7531,50,547,1,1216,4
2020-08-03,Gabon,0,0,7531,50,547,1,1216,4
2020-08-04,Gabon,115,1,7646,51,457,2,1213,5
2020-08-05,Gabon,0,0,7646,51,457,2,1213,5
2020-08-06,Gabon,141,0,7787,51,435,2,1199,4
2020-08-07,Gabon,0,0,7787,51,435,2,1199,4
2020-08-08,Gabon,136,0,7923,51,571,2,939,2
2020-08-09,Gabon,0,0,7923,51,392,1,939,2
2020-08-10,Gabon,0,0,7923,51,392,1,939,2
2020-08-11,Gabon,83,0,8006,51,360,0,817,2
2020-08-12,Gabon,0,0,8006,51,360,0,817,2
2020-08-13,Gabon,71,0,8077,51,290,0,725,2
2020-08-14,Gabon,0,0,8077,51,290,0,725,2
2020-08-15,Gabon,148,0,8225,51,302,0,873,2
2020-08-16,Gabon,0,0,8225,51,302,0,694,1
2020-08-17,Gabon,0,0,8225,51,302,0,694,1
2020-08-18,Gabon,45,2,8270,53,264,2,624,2
2020-08-19,Gabon,0,0,8270,53,264,2,624,2
2020-08-20,Gabon,49,0,8319,53,242,2,532,2
2020-08-21,Gabon,0,0,8319,53,242,2,532,2
2020-08-22,Gabon,69,0,8388,53,163,2,465,2
2020-08-23,Gabon,0,0,8388,53,163,2,465,2
2020-08-24,Gabon,0,0,8388,53,163,2,465,2
2020-08-25,Gabon,21,0,8409,53,139,0,403,2
2020-08-26,Gabon,0,0,8409,53,139,0,403,2
2020-08-27,Gabon,59,0,8468,53,149,0,391,2
2020-08-28,Gabon,0,0,8468,53,149,0,391,2
2020-08-29,Gabon,37,0,8505,53,117,0,280,2
2020-08-30,Gabon,0,0,8505,53,117,0,280,2
2020-08-31,Gabon,0,0,8505,53,117,0,280,2
2020-04-01,Gambia,0,0,4,1,1,0,3,1
2020-04-02,Gambia,0,0,4,1,1,0,3,1
2020-04-03,Gambia,0,0,4,1,1,0,3,1
2020-04-04,Gambia,0,0,4,1,1,0,3,1
2020-04-05,Gambia,0,0,4,1,1,0,3,1
2020-04-06,Gambia,0,0,4,1,1,0,3,1
2020-04-07,Gambia,0,0,4,1,0,0,2,0
2020-04-08,Gambia,0,0,4,1,0,0,1,0
2020-04-09,Gambia,0,0,4,1,0,0,1,0
2020-04-10,Gambia,0,0,4,1,0,0,1,0
2020-04-11,Gambia,0,0,4,1,0,0,1,0
2020-04-12,Gambia,5,0,9,1,5,0,6,0
2020-04-13,Gambia,0,0,9,1,5,0,6,0
2020-04-14,Gambia,0,0,9,1,5,0,5,0
2020-04-15,Gambia,0,0,9,1,5,0,5,0
2020-04-16,Gambia,0,0,9,1,5,0,5,0
2020-04-17,Gambia,0,0,9,1,5,0,5,0
2020-04-18,Gambia,0,0,9,1,5,0,5,0
2020-04-19,Gambia,0,0,9,1,0,0,5,0
2020-04-20,Gambia,1,0,10,1,1,0,6,0
2020-04-21,Gambia,0,0,10,1,1,0,6,0
2020-04-22,Gambia,0,0,10,1,1,0,6,0
2020-04-23,Gambia,0,0,10,1,1,0,6,0
2020-04-24,Gambia,0,0,10,1,1,0,6,0
2020-04-25,Gambia,0,0,10,1,1,0,6,0
2020-04-26,Gambia,0,0,10,1,1,0,1,0
2020-04-27,Gambia,0,0,10,1,0,0,1,0
2020-04-28,Gambia,0,0,10,1,0,0,1,0
2020-04-29,Gambia,0,0,10,1,0,0,1,0
2020-04-30,Gambia,1,0,11,1,1,0,2,0
2020-05-01,Gambia,1,0,12,1,2,0,3,0
2020-05-02,Gambia,0,0,12,1,2,0,3,0
2020-05-03,Gambia,5,0,17,1,7,0,8,0
2020-05-04,Gambia,0,0,17,1,7,0,7,0
2020-05-05,Gambia,0,0,17,1,7,0,7,0
2020-05-06,Gambia,0,0,17,1,7,0,7,0
2020-05-07,Gambia,0,0,17,1,6,0,7,0
2020-05-08,Gambia,1,0,18,1,6,0,8,0
2020-05-09,Gambia,2,0,20,1,8,0,10,0
2020-05-10,Gambia,0,0,20,1,3,0,10,0
2020-05-11,Gambia,0,0,20,1,3,0,10,0
2020-05-12,Gambia,2,0,22,1,5,0,12,0
2020-05-13,Gambia,1,0,23,1,6,0,13,0
2020-05-14,Gambia,0,0,23,1,6,0,12,0
2020-05-15,Gambia,0,0,23,1,5,0,11,0
2020-05-16,Gambia,0,0,23,1,3,0,11,0
2020-05-17,Gambia,0,0,23,1,3,0,6,0
2020-05-18,Gambia,0,0,23,1,3,0,6,0
2020-05-19,Gambia,1,0,24,1,2,0,7,0
2020-05-20,Gambia,0,0,24,1,1,0,7,0
2020-05-21,Gambia,0,0,24,1,1,0,7,0
2020-05-22,Gambia,0,0,24,1,1,0,6,0
2020-05-23,Gambia,1,0,25,1,2,0,5,0
2020-05-24,Gambia,0,0,25,1,2,0,5,0
2020-05-25,Gambia,0,0,25,1,2,0,5,0
2020-05-26,Gambia,0,0,25,1,1,0,3,0
2020-05-27,Gambia,0,0,25,1,1,0,2,0
2020-05-28,Gambia,0,0,25,1,1,0,2,0
2020-05-29,Gambia,0,0,25,1,1,0,2,0
2020-05-30,Gambia,0,0,25,1,0,0,2,0
2020-05-31,Gambia,0,0,25,1,0,0,2,0
2020-06-01,Gambia,0,0,25,1,0,0,2,0
2020-06-02,Gambia,0,0,25,1,0,0,1,0
2020-06-03,Gambia,1,0,26,1,1,0,2,0
2020-06-04,Gambia,0,0,26,1,1,0,2,0
2020-06-05,Gambia,0,0,26,1,1,0,2,0
2020-06-06,Gambia,0,0,26,1,1,0,1,0
2020-06-07,Gambia,0,0,26,1,1,0,1,0
2020-06-08,Gambia,0,0,26,1,1,0,1,0
2020-06-09,Gambia,2,0,28,1,3,0,3,0
2020-06-10,Gambia,0,0,28,1,2,0,3,0
2020-06-11,Gambia,0,0,28,1,2,0,3,0
2020-06-12,Gambia,0,0,28,1,2,0,3,0
2020-06-13,Gambia,0,0,28,1,2,0,3,0
2020-06-14,Gambia,0,0,28,1,2,0,3,0
2020-06-15,Gambia,0,0,28,1,2,0,3,0
2020-06-16,Gambia,2,0,30,1,2,0,5,0
2020-06-17,Gambia,4,0,34,1,6,0,8,0
2020-06-18,Gambia,0,0,34,1,6,0,8,0
2020-06-19,Gambia,2,0,36,1,8,0,10,0
2020-06-20,Gambia,0,0,36,1,8,0,10,0
2020-06-21,Gambia,1,1,37,2,9,1,11,1
2020-06-22,Gambia,0,0,37,2,9,1,11,1
2020-06-23,Gambia,4,0,41,2,11,1,13,1
2020-06-24,Gambia,1,0,42,2,8,1,14,1
2020-06-25,Gambia,0,0,42,2,8,1,14,1
2020-06-26,Gambia,1,0,43,2,7,1,15,1
2020-06-27,Gambia,1,0,44,2,8,1,16,1
2020-06-28,Gambia,1,0,45,2,8,0,17,1
2020-06-29,Gambia,0,0,45,2,8,0,17,1
2020-06-30,Gambia,2,0,47,2,6,0,17,1
2020-07-01,Gambia,0,0,47,2,5,0,13,1
2020-07-02,Gambia,2,0,49,2,7,0,15,1
2020-07-03,Gambia,6,0,55,2,12,0,19,1
2020-07-04,Gambia,0,0,55,2,11,0,19,1
2020-07-05,Gambia,2,0,57,2,12,0,20,0
2020-07-06,Gambia,0,0,57,2,12,0,20,0
2020-07-07,Gambia,4,1,61,3,14,1,20,1
2020-07-08,Gambia,0,0,61,3,14,1,19,1
2020-07-09,Gambia,2,0,63,3,14,1,21,1
2020-07-10,Gambia,1,0,64,3,9,1,21,1
2020-07-11,Gambia,0,0,64,3,9,1,20,1
2020-07-12,Gambia,0,0,64,3,7,1,19,1
2020-07-13,Gambia,0,0,64,3,7,1,19,1
2020-07-14,Gambia,0,0,64,3,3,0,17,1
2020-07-15,Gambia,0,0,64,3,3,0,17,1
2020-07-16,Gambia,0,0,64,3,1,0,15,1
2020-07-17,Gambia,14,0,78,3,14,0,23,1
2020-07-18,Gambia,0,0,78,3,14,0,23,1
2020-07-19,Gambia,15,1,93,4,29,1,36,2
2020-07-20,Gambia,0,0,93,4,29,1,36,2
2020-07-21,Gambia,19,0,112,4,48,1,51,1
2020-07-22,Gambia,0,0,112,4,48,1,51,1
2020-07-23,Gambia,34,1,146,5,82,2,83,2
2020-07-24,Gambia,24,0,170,5,92,2,106,2
2020-07-25,Gambia,46,1,216,6,138,3,152,3
2020-07-26,Gambia,61,0,277,6,184,2,213,3
2020-07-27,Gambia,0,0,277,6,184,2,213,3
2020-07-28,Gambia,49,2,326,8,214,4,262,5
2020-07-29,Gambia,0,0,326,8,214,4,262,5
2020-07-30,Gambia,0,0,326,8,180,3,262,5
2020-07-31,Gambia,77,0,403,8,233,3,325,5
2020-08-01,Gambia,95,1,498,9,282,3,420,6
2020-08-02,Gambia,0,0,498,9,221,3,405,5
2020-08-03,Gambia,0,0,498,9,221,3,405,5
2020-08-04,Gambia,0,0,498,9,172,1,386,5
2020-08-05,Gambia,173,5,671,14,345,6,559,10
2020-08-06,Gambia,128,2,799,16,473,8,653,11
2020-08-07,Gambia,136,0,935,16,532,8,765,11
2020-08-08,Gambia,155,3,1090,19,592,10,874,13
2020-08-09,Gambia,0,0,1090,19,592,10,813,13
2020-08-10,Gambia,145,4,1235,23,737,14,958,17
2020-08-11,Gambia,0,0,1235,23,737,14,909,15
2020-08-12,Gambia,111,9,1346,32,675,18,1020,24
2020-08-13,Gambia,131,1,1477,33,678,17,1151,25
2020-08-14,Gambia,79,10,1556,43,621,27,1153,35
2020-08-15,Gambia,67,7,1623,50,533,31,1125,41
2020-08-16,Gambia,66,4,1689,54,599,35,1191,45
2020-08-17,Gambia,183,9,1872,63,637,40,1374,54
2020-08-18,Gambia,0,0,1872,63,637,40,1374,54
2020-08-19,Gambia,0,0,1872,63,526,31,1201,49
2020-08-20,Gambia,416,14,2288,77,811,44,1489,61
2020-08-21,Gambia,113,4,2401,81,845,38,1466,65
2020-08-22,Gambia,36,3,2437,84,814,34,1347,65
2020-08-23,Gambia,0,0,2437,84,748,30,1347,65
2020-08-24,Gambia,0,0,2437,84,565,21,1202,61
2020-08-25,Gambia,148,3,2585,87,713,24,1350,64
2020-08-26,Gambia,101,3,2686,90,814,27,1340,58
2020-08-27,Gambia,22,3,2708,93,420,16,1231,60
2020-08-28,Gambia,35,0,2743,93,342,12,1187,50
2020-08-29,Gambia,54,3,2797,96,360,12,1174,46
2020-08-30,Gambia,98,0,2895,96,458,12,1206,42
2020-08-31,Gambia,68,0,2963,96,526,12,1091,33
2020-04-01,Georgia,12,0,110,0,40,0,76,0
2020-04-02,Georgia,5,0,115,0,42,0,81,0
2020-04-03,Georgia,6,0,121,0,42,0,81,0
2020-04-04,Georgia,27,0,148,0,67,0,105,0
2020-04-05,Georgia,9,0,157,0,72,0,108,0
2020-04-06,Georgia,17,2,174,2,84,2,120,2
2020-04-07,Georgia,14,0,188,2,90,2,127,2
2020-04-08,Georgia,8,1,196,3,86,3,126,3
2020-04-09,Georgia,15,0,211,3,96,3,138,3
2020-04-10,Georgia,7,0,218,3,97,3,139,3
2020-04-11,Georgia,16,0,234,3,86,3,153,3
2020-04-12,Georgia,8,0,242,3,85,3,157,3
2020-04-13,Georgia,15,0,257,3,83,1,167,3
2020-04-14,Georgia,15,0,272,3,84,1,174,3
2020-04-15,Georgia,28,0,300,3,104,0,190,3
2020-04-16,Georgia,6,0,306,3,95,0,191,3
2020-04-17,Georgia,42,0,348,3,130,0,227,3
2020-04-18,Georgia,22,0,370,3,136,0,222,3
2020-04-19,Georgia,18,1,388,4,146,1,231,4
2020-04-20,Georgia,6,0,394,4,137,1,220,2
2020-04-21,Georgia,8,0,402,4,130,1,214,2
2020-04-22,Georgia,6,0,408,4,108,1,212,1
2020-04-23,Georgia,8,1,416,5,110,2,205,2
2020-04-24,Georgia,9,0,425,5,77,2,207,2
2020-04-25,Georgia,19,0,444,5,74,2,210,2
2020-04-26,Georgia,12,0,456,5,68,1,214,2
2020-04-27,Georgia,30,1,486,6,92,2,229,3
2020-04-28,Georgia,11,0,497,6,95,2,225,3
2020-04-29,Georgia,14,0,511,6,103,2,211,3
2020-04-30,Georgia,6,0,517,6,101,1,211,3
2020-05-01,Georgia,22,0,539,6,114,1,191,3
2020-05-02,Georgia,43,2,582,8,138,3,212,5
2020-05-03,Georgia,0,0,582,8,126,3,194,4
2020-05-04,Georgia,7,1,589,9,103,3,195,5
2020-05-05,Georgia,4,0,593,9,96,3,191,5
2020-05-06,Georgia,11,0,604,9,93,3,196,5
2020-05-07,Georgia,6,0,610,9,93,3,194,4
2020-05-08,Georgia,5,0,615,9,76,3,190,4
2020-05-09,Georgia,8,1,623,10,41,2,179,5
2020-05-10,Georgia,3,0,626,10,44,2,170,5
2020-05-11,Georgia,9,0,635,10,46,1,149,4
2020-05-12,Georgia,3,1,638,11,45,2,141,5
2020-05-13,Georgia,4,0,642,11,38,2,131,5
2020-05-14,Georgia,5,0,647,11,37,2,130,5
2020-05-15,Georgia,20,1,667,12,52,3,128,6
2020-05-16,Georgia,4,0,671,12,48,2,89,4
2020-05-17,Georgia,24,0,695,12,69,2,113,4
2020-05-18,Georgia,6,0,701,12,66,2,112,3
2020-05-19,Georgia,1,0,702,12,64,1,109,3
2020-05-20,Georgia,5,0,707,12,65,1,103,3
2020-05-21,Georgia,6,0,713,12,66,1,103,3
2020-05-22,Georgia,8,0,721,12,54,0,106,3
2020-05-23,Georgia,2,0,723,12,52,0,100,2
2020-05-24,Georgia,5,0,728,12,33,0,102,2
2020-05-25,Georgia,2,0,730,12,29,0,95,2
2020-05-26,Georgia,1,0,731,12,29,0,93,1
2020-05-27,Georgia,1,0,732,12,25,0,90,1
2020-05-28,Georgia,3,0,735,12,22,0,88,1
2020-05-29,Georgia,3,0,738,12,17,0,71,0
2020-05-30,Georgia,8,0,746,12,23,0,75,0
2020-05-31,Georgia,11,0,757,12,29,0,62,0
2020-06-01,Georgia,26,0,783,12,53,0,82,0
2020-06-02,Georgia,13,0,796,12,65,0,94,0
2020-06-03,Georgia,4,1,800,13,68,1,93,1
2020-06-04,Georgia,0,0,800,13,65,1,87,1
2020-06-05,Georgia,1,0,801,13,63,1,80,1
2020-06-06,Georgia,4,0,805,13,59,1,82,1
2020-06-07,Georgia,3,0,808,13,51,1,80,1
2020-06-08,Georgia,0,0,808,13,25,1,78,1
2020-06-09,Georgia,4,0,812,13,16,1,81,1
2020-06-10,Georgia,6,0,818,13,18,0,86,1
2020-06-11,Georgia,9,0,827,13,27,0,92,1
2020-06-12,Georgia,4,0,831,13,30,0,93,1
2020-06-13,Georgia,12,0,843,13,38,0,97,1
2020-06-14,Georgia,8,1,851,14,43,1,94,2
2020-06-15,Georgia,28,0,879,14,71,1,96,2
2020-06-16,Georgia,0,0,879,14,67,1,83,2
2020-06-17,Georgia,9,0,888,14,70,1,88,1
2020-06-18,Georgia,5,0,893,14,66,1,93,1
2020-06-19,Georgia,2,0,895,14,64,1,94,1
2020-06-20,Georgia,1,0,896,14,53,1,91,1
2020-06-21,Georgia,2,0,898,14,47,0,90,1
2020-06-22,Georgia,10,0,908,14,29,0,100,1
2020-06-23,Georgia,3,0,911,14,32,0,99,1
2020-06-24,Georgia,3,0,914,14,26,0,96,1
2020-06-25,Georgia,3,0,917,14,24,0,90,1
2020-06-26,Georgia,2,0,919,14,24,0,88,1
2020-06-27,Georgia,2,0,921,14,25,0,78,1
2020-06-28,Georgia,3,1,924,15,26,1,73,1
2020-06-29,Georgia,2,0,926,15,18,1,47,1
2020-06-30,Georgia,2,0,928,15,17,1,49,1
2020-07-01,Georgia,0,0,928,15,14,1,40,1
2020-07-02,Georgia,3,0,931,15,14,1,38,1
2020-07-03,Georgia,8,0,939,15,20,1,44,1
2020-07-04,Georgia,7,0,946,15,25,1,50,1
2020-07-05,Georgia,2,0,948,15,24,0,50,1
2020-07-06,Georgia,5,0,953,15,27,0,45,1
2020-07-07,Georgia,5,0,958,15,30,0,47,1
2020-07-08,Georgia,5,0,963,15,35,0,49,1
2020-07-09,Georgia,5,0,968,15,37,0,51,1
2020-07-10,Georgia,5,0,973,15,34,0,54,1
2020-07-11,Georgia,8,0,981,15,35,0,60,1
2020-07-12,Georgia,5,0,986,15,38,0,62,0
2020-07-13,Georgia,9,0,995,15,42,0,69,0
2020-07-14,Georgia,4,0,999,15,41,0,71,0
2020-07-15,Georgia,4,0,1003,15,40,0,75,0
2020-07-16,Georgia,3,0,1006,15,38,0,75,0
2020-07-17,Georgia,0,0,1006,15,33,0,67,0
2020-07-18,Georgia,12,0,1018,15,37,0,72,0
2020-07-19,Georgia,10,0,1028,15,42,0,80,0
2020-07-20,Georgia,0,0,1028,15,33,0,75,0
2020-07-21,Georgia,11,1,1039,16,40,1,81,1
2020-07-22,Georgia,10,0,1049,16,46,1,86,1
2020-07-23,Georgia,24,0,1073,16,67,1,105,1
2020-07-24,Georgia,31,0,1104,16,98,1,131,1
2020-07-25,Georgia,13,0,1117,16,99,1,136,1
2020-07-26,Georgia,14,0,1131,16,103,1,145,1
2020-07-27,Georgia,6,0,1137,16,109,1,142,1
2020-07-28,Georgia,8,0,1145,16,106,0,146,1
2020-07-29,Georgia,10,0,1155,16,106,0,152,1
2020-07-30,Georgia,0,1,1155,17,82,1,149,2
2020-07-31,Georgia,5,0,1160,17,56,1,154,2
2020-08-01,Georgia,8,0,1168,17,51,1,150,2
2020-08-02,Georgia,3,0,1171,17,40,1,143,2
2020-08-03,Georgia,6,0,1177,17,40,1,149,2
2020-08-04,Georgia,5,0,1182,17,37,1,143,1
2020-08-05,Georgia,15,0,1197,17,42,1,148,1
2020-08-06,Georgia,9,0,1206,17,51,0,133,1
2020-08-07,Georgia,0,0,1206,17,46,0,102,1
2020-08-08,Georgia,7,0,1213,17,45,0,96,1
2020-08-09,Georgia,12,0,1225,17,54,0,94,1
2020-08-10,Georgia,25,0,1250,17,73,0,113,1
2020-08-11,Georgia,14,0,1264,17,82,0,119,1
2020-08-12,Georgia,14,0,1278,17,81,0,123,1
2020-08-13,Georgia,5,0,1283,17,77,0,128,0
2020-08-14,Georgia,23,0,1306,17,100,0,146,0
2020-08-15,Georgia,0,0,1306,17,93,0,138,0
2020-08-16,Georgia,15,0,1321,17,96,0,150,0
2020-08-17,Georgia,20,0,1341,17,91,0,164,0
2020-08-18,Georgia,10,0,1351,17,87,0,169,0
2020-08-19,Georgia,10,0,1361,17,83,0,164,0
2020-08-20,Georgia,0,0,1361,17,78,0,155,0
2020-08-21,Georgia,9,0,1370,17,64,0,164,0
2020-08-22,Georgia,15,0,1385,17,79,0,172,0
2020-08-23,Georgia,9,0,1394,17,73,0,169,0
2020-08-24,Georgia,17,0,1411,17,70,0,161,0
2020-08-25,Georgia,10,1,1421,18,70,1,157,1
2020-08-26,Georgia,15,1,1436,19,75,2,158,2
2020-08-27,Georgia,11,0,1447,19,86,2,164,2
2020-08-28,Georgia,8,0,1455,19,85,2,149,2
2020-08-29,Georgia,7,0,1462,19,77,2,156,2
2020-08-30,Georgia,0,0,1462,19,68,2,141,2
2020-08-31,Georgia,25,0,1487,19,76,2,146,2
2020-04-01,Germany,5453,149,67366,732,35812,583,60210,719
2020-04-02,Germany,6156,140,73522,872,37014,674,65324,859
2020-04-03,Germany,6174,145,79696,1017,37408,764,65558,974
2020-04-04,Germany,6082,141,85778,1158,37196,833,67591,1113
2020-04-05,Germany,5936,184,91714,1342,39167,953,70251,1275
2020-04-06,Germany,3677,92,95391,1434,38093,979,70617,1340
2020-04-07,Germany,3834,173,99225,1607,37312,1024,70013,1481
2020-04-08,Germany,4003,254,103228,1861,35862,1129,71674,1712
2020-04-09,Germany,4974,246,108202,2107,34680,1235,71694,1909
2020-04-10,Germany,5323,266,113525,2373,33829,1356,71237,2120
2020-04-11,Germany,4133,171,117658,2544,31880,1386,69076,2219
2020-04-12,Germany,2821,129,120479,2673,28765,1331,67932,2284
2020-04-13,Germany,2537,126,123016,2799,27625,1365,65718,2344
2020-04-14,Germany,2082,170,125098,2969,25873,1362,63185,2386
2020-04-15,Germany,2486,285,127584,3254,24356,1393,60218,2522
2020-04-16,Germany,2866,315,130450,3569,22248,1462,56928,2697
2020-04-17,Germany,3380,299,133830,3868,20305,1495,54134,2851
2020-04-18,Germany,3609,242,137439,4110,19781,1566,51661,2952
2020-04-19,Germany,2458,184,139897,4294,19418,1621,48183,2952
2020-04-20,Germany,1775,110,141672,4404,18656,1605,46281,2970
2020-04-21,Germany,1785,194,143457,4598,18359,1629,44232,2991
2020-04-22,Germany,2237,281,145694,4879,18110,1625,42466,3018
2020-04-23,Germany,2352,215,148046,5094,17596,1525,39844,2987
2020-04-24,Germany,2337,227,150383,5321,16553,1453,36858,2948
2020-04-25,Germany,2055,179,152438,5500,14999,1390,34780,2956
2020-04-26,Germany,1737,140,154175,5640,14278,1346,33696,2967
2020-04-27,Germany,1018,110,155193,5750,13521,1346,32177,2951
2020-04-28,Germany,1144,163,156337,5913,12880,1315,31239,2944
2020-04-29,Germany,1304,202,157641,6115,11947,1236,30057,2861
2020-04-30,Germany,1478,173,159119,6288,11073,1194,28669,2719
2020-05-01,Germany,1639,193,160758,6481,10375,1160,26928,2613
2020-05-02,Germany,945,94,161703,6575,9265,1075,24264,2465
2020-05-03,Germany,793,74,162496,6649,8321,1009,22599,2355
2020-05-04,Germany,679,43,163175,6692,7982,942,21503,2288
2020-05-05,Germany,685,139,163860,6831,7523,918,20403,2233
2020-05-06,Germany,1037,165,164897,6996,7256,881,19203,2117
2020-05-07,Germany,1194,123,166091,7119,6972,831,18045,2025
2020-05-08,Germany,1209,147,167300,7266,6542,785,16917,1945
2020-05-09,Germany,1251,103,168551,7369,6848,794,16113,1869
2020-05-10,Germany,667,26,169218,7395,6722,746,15043,1755
2020-05-11,Germany,357,22,169575,7417,6400,725,14382,1667
2020-05-12,Germany,933,116,170508,7533,6648,702,14171,1620
2020-05-13,Germany,798,101,171306,7634,6409,638,13665,1519
2020-05-14,Germany,933,89,172239,7723,6148,604,13120,1435
2020-05-15,Germany,913,101,173152,7824,5852,558,12394,1343
2020-05-16,Germany,620,57,173772,7881,5221,512,12069,1306
2020-05-17,Germany,583,33,174355,7914,5137,519,11859,1265
2020-05-18,Germany,342,21,174697,7935,5122,518,11522,1243
2020-05-19,Germany,513,72,175210,8007,4702,474,11350,1176
2020-05-20,Germany,797,83,176007,8090,4701,456,11110,1094
2020-05-21,Germany,745,57,176752,8147,4513,424,10661,1028
2020-05-22,Germany,460,27,177212,8174,4060,350,9912,908
2020-05-23,Germany,638,42,177850,8216,4078,335,9299,847
2020-05-24,Germany,431,31,178281,8247,3926,333,9063,852
2020-05-25,Germany,289,10,178570,8257,3873,322,8995,840
2020-05-26,Germany,432,45,179002,8302,3792,295,8494,769
2020-05-27,Germany,362,47,179364,8349,3357,259,8058,715
2020-05-28,Germany,353,62,179717,8411,2965,264,7478,688
2020-05-29,Germany,741,39,180458,8450,3246,276,7306,626
2020-05-30,Germany,738,39,181196,8489,3346,273,7424,608
2020-05-31,Germany,286,11,181482,8500,3201,253,7127,586
2020-06-01,Germany,333,11,181815,8511,3245,254,7118,576
2020-06-02,Germany,213,11,182028,8522,3026,220,6818,515
2020-06-03,Germany,342,29,182370,8551,3006,202,6363,461
2020-06-04,Germany,394,30,182764,8581,3047,170,6012,434
2020-06-05,Germany,507,32,183271,8613,2813,163,6059,439
2020-06-06,Germany,407,33,183678,8646,2482,157,5828,430
2020-06-07,Germany,301,22,183979,8668,2497,168,5698,421
2020-06-08,Germany,214,6,184193,8674,2378,163,5623,417
2020-06-09,Germany,350,37,184543,8711,2515,189,5541,409
2020-06-10,Germany,318,18,184861,8729,2491,178,5497,380
2020-06-11,Germany,555,26,185416,8755,2652,174,5699,344
2020-06-12,Germany,258,8,185674,8763,2403,150,5216,313
2020-06-13,Germany,348,18,186022,8781,2344,135,4826,292
2020-06-14,Germany,247,6,186269,8787,2290,119,4787,287
2020-06-15,Germany,192,4,186461,8791,2268,117,4646,280
2020-06-16,Germany,378,9,186839,8800,2296,89,4811,278
2020-06-17,Germany,345,30,187184,8830,2323,101,4814,279
2020-06-18,Germany,580,26,187764,8856,2348,101,5000,275
2020-06-19,Germany,770,16,188534,8872,2860,109,5263,259
2020-06-20,Germany,601,10,189135,8882,3113,101,5457,236
2020-06-21,Germany,687,0,189822,8882,3553,95,5843,214
2020-06-22,Germany,537,3,190359,8885,3898,94,6166,211
2020-06-23,Germany,503,10,190862,8895,4023,95,6319,184
2020-06-24,Germany,587,19,191449,8914,4265,84,6588,185
2020-06-25,Germany,630,13,192079,8927,4315,71,6663,172
2020-06-26,Germany,477,21,192556,8948,4022,76,6882,185
2020-06-27,Germany,687,6,193243,8954,4108,72,7221,173
2020-06-28,Germany,256,3,193499,8957,3677,75,7230,170
2020-06-29,Germany,262,4,193761,8961,3402,76,7300,170
2020-06-30,Germany,498,12,194259,8973,3397,78,7420,173
2020-07-01,Germany,466,12,194725,8985,3276,71,7541,155
2020-07-02,Germany,503,9,195228,8994,3149,67,7464,138
2020-07-03,Germany,446,9,195674,9003,3118,55,7140,131
2020-07-04,Germany,422,7,196096,9010,2853,56,6961,128
2020-07-05,Germany,239,2,196335,9012,2836,55,6513,130
2020-07-06,Germany,219,4,196554,9016,2793,55,6195,131
2020-07-07,Germany,390,8,196944,9024,2685,51,6082,129
2020-07-08,Germany,397,12,197341,9036,2616,51,5892,122
2020-07-09,Germany,442,12,197783,9048,2555,54,5704,121
2020-07-10,Germany,395,6,198178,9054,2504,51,5622,106
2020-07-11,Germany,378,6,198556,9060,2460,50,5313,106
2020-07-12,Germany,248,3,198804,9063,2469,51,5305,106
2020-07-13,Germany,159,1,198963,9064,2409,48,5202,103
2020-07-14,Germany,412,4,199375,9068,2431,44,5116,95
2020-07-15,Germany,351,3,199726,9071,2385,35,5001,86
2020-07-16,Germany,534,7,200260,9078,2477,30,5032,84
2020-07-17,Germany,583,4,200843,9082,2665,28,5169,79
2020-07-18,Germany,529,1,201372,9083,2816,23,5276,73
2020-07-19,Germany,202,1,201574,9084,2770,21,5239,72
2020-07-20,Germany,249,2,201823,9086,2860,22,5269,70
2020-07-21,Germany,522,4,202345,9090,2970,22,5401,66
2020-07-22,Germany,454,5,202799,9095,3073,24,5458,59
2020-07-23,Germany,569,6,203368,9101,3108,23,5585,53
2020-07-24,Germany,815,10,204183,9111,3340,29,6005,57
2020-07-25,Germany,781,7,204964,9118,3592,35,6408,58
2020-07-26,Germany,305,0,205269,9118,3695,34,6465,55
2020-07-27,Germany,340,0,205609,9118,3786,32,6646,54
2020-07-28,Germany,633,4,206242,9122,3897,32,6867,54
2020-07-29,Germany,684,6,206926,9128,4127,33,7200,57
2020-07-30,Germany,902,6,207828,9134,4460,33,7568,56
2020-07-31,Germany,870,7,208698,9141,4515,30,7855,59
2020-08-01,Germany,955,0,209653,9141,4689,23,8281,58
2020-08-02,Germany,240,0,209893,9141,4624,23,8319,57
2020-08-03,Germany,509,7,210402,9148,4793,30,8579,62
2020-08-04,Germany,879,8,211281,9156,5039,34,8936,66
2020-08-05,Germany,741,12,212022,9168,5096,40,9223,73
2020-08-06,Germany,1740,7,213762,9175,5934,41,10394,74
2020-08-07,Germany,1164,8,214926,9183,6228,42,10743,72
2020-08-08,Germany,995,12,215921,9195,6268,54,10957,77
2020-08-09,Germany,704,1,216625,9196,6732,55,11356,78
2020-08-10,Germany,317,1,216942,9197,6540,49,11333,79
2020-08-11,Germany,1079,4,218021,9201,6740,45,11779,79
2020-08-12,Germany,1182,6,219203,9207,7181,39,12277,79
2020-08-13,Germany,1521,4,220724,9211,6962,36,12896,77
2020-08-14,Germany,1452,14,222176,9225,7250,42,13478,84
2020-08-15,Germany,1339,6,223515,9231,7594,36,13862,90
2020-08-16,Germany,718,0,224233,9231,7608,35,14340,90
2020-08-17,Germany,481,1,224714,9232,7772,35,14312,84
2020-08-18,Germany,1431,0,226145,9232,8124,31,14864,76
2020-08-19,Germany,769,11,226914,9243,7711,36,14892,75
2020-08-20,Germany,1707,10,228621,9253,7897,42,14859,78
2020-08-21,Germany,2327,7,230948,9260,8772,35,16022,77
2020-08-22,Germany,1134,7,232082,9267,8567,36,16161,72
2020-08-23,Germany,782,2,232864,9269,8631,38,16239,73
2020-08-24,Germany,711,3,233575,9272,8861,40,16633,75
2020-08-25,Germany,1278,5,234853,9277,8708,45,16832,76
2020-08-26,Germany,1576,3,236429,9280,9515,37,17226,73
2020-08-27,Germany,1507,5,237936,9285,9315,32,17212,74
2020-08-28,Germany,1571,3,239507,9288,8559,28,17331,63
2020-08-29,Germany,1479,1,240986,9289,8904,22,17471,58
2020-08-30,Germany,785,6,241771,9295,8907,26,17538,64
2020-08-31,Germany,610,3,242381,9298,8806,26,17667,66
2020-04-01,Ghana,0,0,152,5,99,3,146,5
2020-04-02,Ghana,43,0,195,5,127,2,188,5
2020-04-03,Ghana,9,0,204,5,72,2,193,5
2020-04-04,Ghana,1,0,205,5,68,2,189,5
2020-04-05,Ghana,9,0,214,5,73,0,193,4
2020-04-06,Ghana,0,0,214,5,62,0,190,4
2020-04-07,Ghana,73,0,287,5,135,0,260,3
2020-04-08,Ghana,0,0,287,5,135,0,234,3
2020-04-09,Ghana,26,1,313,6,118,1,245,3
2020-04-10,Ghana,65,0,378,6,174,1,246,3
2020-04-11,Ghana,0,0,378,6,173,1,241,3
2020-04-12,Ghana,30,2,408,8,194,3,267,3
2020-04-13,Ghana,158,0,566,8,352,3,414,3
2020-04-14,Ghana,0,0,566,8,279,3,414,3
2020-04-15,Ghana,70,0,636,8,349,3,484,3
2020-04-16,Ghana,5,0,641,8,328,2,446,3
2020-04-17,Ghana,0,0,641,8,263,2,437,3
2020-04-18,Ghana,0,0,641,8,263,2,436,3
2020-04-19,Ghana,193,1,834,9,426,1,620,4
2020-04-20,Ghana,208,0,1042,9,476,1,828,4
2020-04-21,Ghana,0,0,1042,9,476,1,755,4
2020-04-22,Ghana,0,0,1042,9,406,1,755,4
2020-04-23,Ghana,112,0,1154,9,513,1,841,3
2020-04-24,Ghana,0,0,1154,9,513,1,776,3
2020-04-25,Ghana,125,1,1279,10,638,2,901,4
2020-04-26,Ghana,0,0,1279,10,445,1,871,2
2020-04-27,Ghana,271,1,1550,11,508,2,984,3
2020-04-28,Ghana,0,0,1550,11,508,2,984,3
2020-04-29,Ghana,121,5,1671,16,629,7,1035,8
2020-04-30,Ghana,0,0,1671,16,517,7,1030,8
2020-05-01,Ghana,403,1,2074,17,920,8,1433,9
2020-05-02,Ghana,0,0,2074,17,795,7,1433,9
2020-05-03,Ghana,95,1,2169,18,890,8,1335,9
2020-05-04,Ghana,0,0,2169,18,619,7,1127,9
2020-05-05,Ghana,550,0,2719,18,1169,7,1677,9
2020-05-06,Ghana,0,0,2719,18,1048,2,1677,9
2020-05-07,Ghana,372,0,3091,18,1420,2,1937,9
2020-05-08,Ghana,0,0,3091,18,1017,1,1937,9
2020-05-09,Ghana,921,0,4012,18,1938,1,2733,8
2020-05-10,Ghana,251,4,4263,22,2094,4,2984,12
2020-05-11,Ghana,0,0,4263,22,2094,4,2713,11
2020-05-12,Ghana,437,0,4700,22,1981,4,3150,11
2020-05-13,Ghana,427,0,5127,22,2408,4,3456,6
2020-05-14,Ghana,281,2,5408,24,2317,6,3737,8
2020-05-15,Ghana,122,0,5530,24,2439,6,3456,7
2020-05-16,Ghana,108,4,5638,28,1626,10,3564,11
2020-05-17,Ghana,97,1,5735,29,1472,7,3566,11
2020-05-18,Ghana,0,0,5735,29,1472,7,3566,11
2020-05-19,Ghana,0,0,5735,29,1035,7,3016,11
2020-05-20,Ghana,361,2,6096,31,969,9,3377,13
2020-05-21,Ghana,173,0,6269,31,861,7,3178,13
2020-05-22,Ghana,217,0,6486,31,956,7,3395,13
2020-05-23,Ghana,131,0,6617,31,979,3,2605,13
2020-05-24,Ghana,0,0,6617,31,882,2,2354,9
2020-05-25,Ghana,66,1,6683,32,948,3,2420,10
2020-05-26,Ghana,125,0,6808,32,1073,3,2108,10
2020-05-27,Ghana,309,2,7117,34,1021,3,1990,12
2020-05-28,Ghana,186,0,7303,34,1034,3,1895,10
2020-05-29,Ghana,0,0,7303,34,817,3,1773,10
2020-05-30,Ghana,313,0,7616,34,999,3,1978,6
2020-05-31,Ghana,152,1,7768,35,1151,4,2033,6
2020-06-01,Ghana,302,1,8070,36,1387,4,2335,7
2020-06-02,Ghana,0,0,8070,36,1262,4,2335,7
2020-06-03,Ghana,227,2,8297,38,1180,4,2201,7
2020-06-04,Ghana,251,0,8548,38,1245,4,2279,7
2020-06-05,Ghana,337,0,8885,38,1582,4,2399,7
2020-06-06,Ghana,283,4,9168,42,1552,8,2551,11
2020-06-07,Ghana,294,2,9462,44,1694,9,2845,13
2020-06-08,Ghana,176,0,9638,44,1568,8,2955,12
2020-06-09,Ghana,272,4,9910,48,1840,12,3102,16
2020-06-10,Ghana,291,0,10201,48,1904,10,3084,14
2020-06-11,Ghana,157,0,10358,48,1810,10,3055,14
2020-06-12,Ghana,0,0,10358,48,1473,10,3055,14
2020-06-13,Ghana,760,0,11118,48,1950,6,3502,14
2020-06-14,Ghana,304,3,11422,51,1960,7,3654,16
2020-06-15,Ghana,542,3,11964,54,2326,10,3894,18
2020-06-16,Ghana,0,0,11964,54,2054,6,3894,18
2020-06-17,Ghana,229,4,12193,58,1992,10,3896,20
2020-06-18,Ghana,397,8,12590,66,2232,18,4042,28
2020-06-19,Ghana,339,0,12929,66,2571,18,4044,28
2020-06-20,Ghana,274,4,13203,70,2085,22,4035,28
2020-06-21,Ghana,508,15,13711,85,2289,34,4249,41
2020-06-22,Ghana,443,0,14154,85,2190,31,4516,41
2020-06-23,Ghana,0,0,14154,85,2190,31,4244,37
2020-06-24,Ghana,414,10,14568,95,2375,37,4367,47
2020-06-25,Ghana,445,0,15013,95,2423,29,4655,47
2020-06-26,Ghana,460,0,15473,95,2544,29,5115,47
2020-06-27,Ghana,361,8,15834,103,2631,33,4716,55
2020-06-28,Ghana,597,0,16431,103,2720,18,5009,52
2020-06-29,Ghana,920,9,17351,112,3197,27,5387,58
2020-06-30,Ghana,0,0,17351,112,3197,27,5387,58
2020-07-01,Ghana,390,0,17741,112,3173,17,5548,54
2020-07-02,Ghana,393,5,18134,117,3121,22,5544,51
2020-07-03,Ghana,0,0,18134,117,2661,22,5205,51
2020-07-04,Ghana,1254,0,19388,117,3554,14,6185,47
2020-07-05,Ghana,0,0,19388,117,2957,14,5677,32
2020-07-06,Ghana,697,5,20085,122,2734,10,5931,37
2020-07-07,Ghana,992,7,21077,129,3726,17,6923,44
2020-07-08,Ghana,891,0,21968,129,4227,17,7400,34
2020-07-09,Ghana,854,0,22822,129,4688,12,7809,34
2020-07-10,Ghana,641,0,23463,129,5329,12,7990,34
2020-07-11,Ghana,371,6,23834,135,4446,18,8000,32
2020-07-12,Ghana,414,0,24248,135,4860,18,7817,32
2020-07-13,Ghana,270,4,24518,139,4433,17,7167,27
2020-07-14,Ghana,470,0,24988,139,3911,10,7637,27
2020-07-15,Ghana,0,0,24988,139,3020,10,7247,27
2020-07-16,Ghana,442,0,25430,139,2608,10,7296,22
2020-07-17,Ghana,695,0,26125,139,2662,10,7991,22
2020-07-18,Ghana,447,5,26572,144,2738,9,7184,27
2020-07-19,Ghana,488,1,27060,145,2812,10,7672,28
2020-07-20,Ghana,607,3,27667,148,3149,9,7582,26
2020-07-21,Ghana,763,5,28430,153,3442,14,7353,24
2020-07-22,Ghana,559,0,28989,153,4001,14,7021,24
2020-07-23,Ghana,683,0,29672,153,4242,14,6850,24
2020-07-24,Ghana,694,0,30366,153,4241,14,6903,24
2020-07-25,Ghana,691,8,31057,161,4485,17,7223,26
2020-07-26,Ghana,794,0,31851,161,4791,16,7603,26
2020-07-27,Ghana,1118,7,32969,168,5302,20,8451,29
2020-07-28,Ghana,655,0,33624,168,5194,15,8636,29
2020-07-29,Ghana,782,0,34406,168,5417,15,9418,29
2020-07-30,Ghana,736,7,35142,175,5470,22,9712,36
2020-07-31,Ghana,0,0,35142,175,4776,22,9017,36
2020-08-01,Ghana,359,7,35501,182,4444,21,8929,38
2020-08-02,Ghana,1513,0,37014,182,5163,21,9954,37
2020-08-03,Ghana,0,0,37014,182,4045,14,9347,34
2020-08-04,Ghana,798,9,37812,191,4188,23,9382,38
2020-08-05,Ghana,0,0,37812,191,3406,23,8823,38
2020-08-06,Ghana,1263,8,39075,199,3933,24,9403,46
2020-08-07,Ghana,1022,7,40097,206,4955,31,9731,53
2020-08-08,Ghana,0,0,40097,206,4596,24,9040,45
2020-08-09,Ghana,436,0,40533,206,3519,24,8682,45
2020-08-10,Ghana,470,9,41003,215,3989,33,8034,47
2020-08-11,Ghana,209,0,41212,215,3400,24,7588,47
2020-08-12,Ghana,192,0,41404,215,3592,24,6998,47
2020-08-13,Ghana,321,8,41725,223,2650,24,6583,48
2020-08-14,Ghana,122,0,41847,223,1750,17,6705,48
2020-08-15,Ghana,216,8,42063,231,1966,25,6562,49
2020-08-16,Ghana,147,0,42210,231,1677,25,5196,49
2020-08-17,Ghana,322,0,42532,231,1529,16,5518,49
2020-08-18,Ghana,121,8,42653,239,1441,24,4841,48
2020-08-19,Ghana,340,9,42993,248,1589,33,5181,57
2020-08-20,Ghana,101,8,43094,256,1369,33,4019,57
2020-08-21,Ghana,166,5,43260,261,1413,38,3163,55
2020-08-22,Ghana,65,0,43325,261,1262,30,3228,55
2020-08-23,Ghana,180,0,43505,261,1295,30,2972,55
2020-08-24,Ghana,0,0,43505,261,973,30,2502,46
2020-08-25,Ghana,117,2,43622,263,969,24,2410,48
2020-08-26,Ghana,95,7,43717,270,724,22,2313,55
2020-08-27,Ghana,124,0,43841,270,747,14,2116,47
2020-08-28,Ghana,0,0,43841,270,581,9,1994,47
2020-08-29,Ghana,108,0,43949,270,624,9,1886,39
2020-08-30,Ghana,169,0,44118,270,613,9,1908,39
2020-08-31,Ghana,87,6,44205,276,700,15,1673,45
2020-04-01,Gibraltar,0,0,69,0,54,0,0,0
2020-04-02,Gibraltar,0,0,69,0,43,0,69,0
2020-04-03,Gibraltar,19,0,88,0,53,0,78,0
2020-04-04,Gibraltar,7,0,95,0,40,0,85,0
2020-04-05,Gibraltar,3,0,98,0,42,0,88,0
2020-04-06,Gibraltar,5,0,103,0,38,0,88,0
2020-04-07,Gibraltar,6,0,109,0,40,0,94,0
2020-04-08,Gibraltar,4,0,113,0,44,0,98,0
2020-04-09,Gibraltar,7,0,120,0,51,0,94,0
2020-04-10,Gibraltar,3,0,123,0,35,0,88,0
2020-04-11,Gibraltar,4,0,127,0,32,0,72,0
2020-04-12,Gibraltar,2,0,129,0,31,0,73,0
2020-04-13,Gibraltar,0,0,129,0,26,0,64,0
2020-04-14,Gibraltar,0,0,129,0,20,0,60,0
2020-04-15,Gibraltar,0,0,129,0,16,0,60,0
2020-04-16,Gibraltar,2,0,131,0,11,0,62,0
2020-04-17,Gibraltar,2,0,133,0,10,0,45,0
2020-04-18,Gibraltar,0,0,133,0,6,0,38,0
2020-04-19,Gibraltar,0,0,133,0,4,0,35,0
2020-04-20,Gibraltar,0,0,133,0,4,0,30,0
2020-04-21,Gibraltar,0,0,133,0,4,0,24,0
2020-04-22,Gibraltar,0,0,133,0,4,0,20,0
2020-04-23,Gibraltar,0,0,133,0,2,0,13,0
2020-04-24,Gibraltar,0,0,133,0,0,0,10,0
2020-04-25,Gibraltar,0,0,133,0,0,0,6,0
2020-04-26,Gibraltar,3,0,136,0,3,0,7,0
2020-04-27,Gibraltar,5,0,141,0,8,0,12,0
2020-04-28,Gibraltar,0,0,141,0,8,0,12,0
2020-04-29,Gibraltar,0,0,141,0,8,0,12,0
2020-04-30,Gibraltar,0,0,141,0,8,0,10,0
2020-05-01,Gibraltar,3,0,144,0,11,0,11,0
2020-05-02,Gibraltar,0,0,144,0,11,0,11,0
2020-05-03,Gibraltar,0,0,144,0,8,0,11,0
2020-05-04,Gibraltar,0,0,144,0,3,0,11,0
2020-05-05,Gibraltar,0,0,144,0,3,0,11,0
2020-05-06,Gibraltar,0,0,144,0,3,0,11,0
2020-05-07,Gibraltar,0,0,144,0,3,0,11,0
2020-05-08,Gibraltar,0,0,144,0,0,0,11,0
2020-05-09,Gibraltar,2,0,146,0,2,0,13,0
2020-05-10,Gibraltar,0,0,146,0,2,0,10,0
2020-05-11,Gibraltar,0,0,146,0,2,0,5,0
2020-05-12,Gibraltar,1,0,147,0,3,0,6,0
2020-05-13,Gibraltar,0,0,147,0,3,0,6,0
2020-05-14,Gibraltar,0,0,147,0,3,0,6,0
2020-05-15,Gibraltar,0,0,147,0,3,0,3,0
2020-05-16,Gibraltar,0,0,147,0,1,0,3,0
2020-05-17,Gibraltar,0,0,147,0,1,0,3,0
2020-05-18,Gibraltar,0,0,147,0,1,0,3,0
2020-05-19,Gibraltar,0,0,147,0,0,0,3,0
2020-05-20,Gibraltar,0,0,147,0,0,0,3,0
2020-05-21,Gibraltar,2,0,149,0,2,0,5,0
2020-05-22,Gibraltar,2,0,151,0,4,0,7,0
2020-05-23,Gibraltar,0,0,151,0,4,0,5,0
2020-05-24,Gibraltar,0,0,151,0,4,0,5,0
2020-05-25,Gibraltar,0,0,151,0,4,0,5,0
2020-05-26,Gibraltar,4,0,155,0,8,0,8,0
2020-05-27,Gibraltar,0,0,155,0,8,0,8,0
2020-05-28,Gibraltar,2,0,157,0,8,0,10,0
2020-05-29,Gibraltar,0,0,157,0,6,0,10,0
2020-05-30,Gibraltar,4,0,161,0,10,0,14,0
2020-05-31,Gibraltar,0,0,161,0,10,0,14,0
2020-06-01,Gibraltar,8,0,169,0,18,0,22,0
2020-06-02,Gibraltar,1,0,170,0,15,0,23,0
2020-06-03,Gibraltar,2,0,172,0,17,0,25,0
2020-06-04,Gibraltar,1,0,173,0,16,0,24,0
2020-06-05,Gibraltar,0,0,173,0,16,0,22,0
2020-06-06,Gibraltar,1,0,174,0,13,0,23,0
2020-06-07,Gibraltar,0,0,174,0,13,0,23,0
2020-06-08,Gibraltar,1,0,175,0,6,0,24,0
2020-06-09,Gibraltar,1,0,176,0,6,0,21,0
2020-06-10,Gibraltar,0,0,176,0,4,0,21,0
2020-06-11,Gibraltar,0,0,176,0,3,0,19,0
2020-06-12,Gibraltar,0,0,176,0,3,0,19,0
2020-06-13,Gibraltar,0,0,176,0,2,0,15,0
2020-06-14,Gibraltar,0,0,176,0,2,0,15,0
2020-06-15,Gibraltar,0,0,176,0,1,0,7,0
2020-06-16,Gibraltar,0,0,176,0,0,0,6,0
2020-06-17,Gibraltar,0,0,176,0,0,0,4,0
2020-06-18,Gibraltar,0,0,176,0,0,0,3,0
2020-06-19,Gibraltar,0,0,176,0,0,0,3,0
2020-06-20,Gibraltar,0,0,176,0,0,0,2,0
2020-06-21,Gibraltar,0,0,176,0,0,0,2,0
2020-06-22,Gibraltar,0,0,176,0,0,0,1,0
2020-06-23,Gibraltar,0,0,176,0,0,0,0,0
2020-06-24,Gibraltar,0,0,176,0,0,0,0,0
2020-06-25,Gibraltar,0,0,176,0,0,0,0,0
2020-06-26,Gibraltar,0,0,176,0,0,0,0,0
2020-06-27,Gibraltar,0,0,176,0,0,0,0,0
2020-06-28,Gibraltar,0,0,176,0,0,0,0,0
2020-06-29,Gibraltar,1,0,177,0,1,0,1,0
2020-06-30,Gibraltar,0,0,177,0,1,0,1,0
2020-07-01,Gibraltar,0,0,177,0,1,0,1,0
2020-07-02,Gibraltar,1,0,178,0,2,0,2,0
2020-07-03,Gibraltar,0,0,178,0,2,0,2,0
2020-07-04,Gibraltar,0,0,178,0,2,0,2,0
2020-07-05,Gibraltar,0,0,178,0,2,0,2,0
2020-07-06,Gibraltar,0,0,178,0,1,0,2,0
2020-07-07,Gibraltar,1,0,179,0,2,0,3,0
2020-07-08,Gibraltar,0,0,179,0,2,0,3,0
2020-07-09,Gibraltar,0,0,179,0,1,0,3,0
2020-07-10,Gibraltar,1,0,180,0,2,0,4,0
2020-07-11,Gibraltar,0,0,180,0,2,0,4,0
2020-07-12,Gibraltar,0,0,180,0,2,0,4,0
2020-07-13,Gibraltar,0,0,180,0,2,0,3,0
2020-07-14,Gibraltar,0,0,180,0,1,0,3,0
2020-07-15,Gibraltar,0,0,180,0,1,0,3,0
2020-07-16,Gibraltar,0,0,180,0,1,0,2,0
2020-07-17,Gibraltar,0,0,180,0,0,0,2,0
2020-07-18,Gibraltar,0,0,180,0,0,0,2,0
2020-07-19,Gibraltar,0,0,180,0,0,0,2,0
2020-07-20,Gibraltar,0,0,180,0,0,0,2,0
2020-07-21,Gibraltar,0,0,180,0,0,0,1,0
2020-07-22,Gibraltar,0,0,180,0,0,0,1,0
2020-07-23,Gibraltar,2,0,182,0,2,0,3,0
2020-07-24,Gibraltar,2,0,184,0,4,0,4,0
2020-07-25,Gibraltar,0,0,184,0,4,0,4,0
2020-07-26,Gibraltar,1,0,185,0,5,0,5,0
2020-07-27,Gibraltar,0,0,185,0,5,0,5,0
2020-07-28,Gibraltar,0,0,185,0,5,0,5,0
2020-07-29,Gibraltar,1,0,186,0,6,0,6,0
2020-07-30,Gibraltar,0,0,186,0,4,0,6,0
2020-07-31,Gibraltar,1,0,187,0,3,0,7,0
2020-08-01,Gibraltar,0,0,187,0,3,0,7,0
2020-08-02,Gibraltar,1,0,188,0,3,0,8,0
2020-08-03,Gibraltar,0,0,188,0,3,0,8,0
2020-08-04,Gibraltar,0,0,188,0,3,0,8,0
2020-08-05,Gibraltar,1,0,189,0,3,0,9,0
2020-08-06,Gibraltar,0,0,189,0,3,0,7,0
2020-08-07,Gibraltar,1,0,190,0,3,0,6,0
2020-08-08,Gibraltar,0,0,190,0,3,0,6,0
2020-08-09,Gibraltar,7,0,197,0,9,0,12,0
2020-08-10,Gibraltar,0,0,197,0,9,0,12,0
2020-08-11,Gibraltar,0,0,197,0,9,0,12,0
2020-08-12,Gibraltar,4,0,201,0,12,0,15,0
2020-08-13,Gibraltar,2,0,203,0,14,0,17,0
2020-08-14,Gibraltar,2,0,205,0,15,0,18,0
2020-08-15,Gibraltar,1,0,206,0,16,0,19,0
2020-08-16,Gibraltar,3,0,209,0,12,0,21,0
2020-08-17,Gibraltar,6,0,215,0,18,0,27,0
2020-08-18,Gibraltar,2,0,217,0,20,0,29,0
2020-08-19,Gibraltar,5,0,222,0,21,0,33,0
2020-08-20,Gibraltar,1,0,223,0,20,0,34,0
2020-08-21,Gibraltar,6,0,229,0,24,0,39,0
2020-08-22,Gibraltar,0,0,229,0,23,0,39,0
2020-08-23,Gibraltar,0,0,229,0,20,0,32,0
2020-08-24,Gibraltar,0,0,229,0,14,0,32,0
2020-08-25,Gibraltar,19,0,248,0,31,0,51,0
2020-08-26,Gibraltar,8,0,256,0,34,0,55,0
2020-08-27,Gibraltar,14,0,270,0,47,0,67,0
2020-08-28,Gibraltar,2,0,272,0,43,0,67,0
2020-08-29,Gibraltar,2,0,274,0,45,0,68,0
2020-08-30,Gibraltar,1,0,275,0,46,0,66,0
2020-08-31,Gibraltar,10,0,285,0,56,0,70,0
2020-04-01,Greece,102,6,1314,49,571,29,927,44
2020-04-02,Greece,61,1,1375,50,554,28,957,45
2020-04-03,Greece,139,3,1514,53,622,27,1050,48
2020-04-04,Greece,99,6,1613,59,647,31,1118,51
2020-04-05,Greece,60,9,1673,68,612,36,1143,55
2020-04-06,Greece,62,5,1735,73,579,35,1111,58
2020-04-07,Greece,20,6,1755,79,543,36,1060,62
2020-04-08,Greece,77,2,1832,81,518,32,1089,61
2020-04-09,Greece,52,2,1884,83,509,33,1063,61
2020-04-10,Greece,71,3,1955,86,441,33,1063,60
2020-04-11,Greece,56,4,2011,90,398,31,1045,62
2020-04-12,Greece,70,3,2081,93,408,25,1020,61
2020-04-13,Greece,33,5,2114,98,379,25,958,60
2020-04-14,Greece,31,1,2145,99,390,20,933,56
2020-04-15,Greece,25,2,2170,101,338,20,856,52
2020-04-16,Greece,22,1,2192,102,308,19,817,52
2020-04-17,Greece,15,3,2207,105,252,19,693,52
2020-04-18,Greece,0,0,2207,105,196,15,594,46
2020-04-19,Greece,0,0,2207,105,126,12,534,37
2020-04-20,Greece,28,5,2235,110,121,12,500,37
2020-04-21,Greece,10,6,2245,116,100,17,490,37
2020-04-22,Greece,156,5,2401,121,231,20,569,40
2020-04-23,Greece,7,0,2408,121,216,19,524,38
2020-04-24,Greece,55,4,2463,125,256,20,508,39
2020-04-25,Greece,27,5,2490,130,283,25,479,40
2020-04-26,Greece,16,0,2506,130,299,25,425,37
2020-04-27,Greece,0,0,2506,130,271,20,392,32
2020-04-28,Greece,28,6,2534,136,289,20,389,37
2020-04-29,Greece,0,0,2534,136,133,15,364,35
2020-04-30,Greece,42,3,2576,139,168,18,384,37
2020-05-01,Greece,15,1,2591,140,128,15,384,35
2020-05-02,Greece,0,0,2591,140,101,10,384,35
2020-05-03,Greece,29,3,2620,143,114,13,413,38
2020-05-04,Greece,6,1,2626,144,120,14,391,34
2020-05-05,Greece,6,2,2632,146,98,10,387,30
2020-05-06,Greece,10,0,2642,146,108,10,241,25
2020-05-07,Greece,21,1,2663,147,87,8,255,26
2020-05-08,Greece,15,1,2678,148,87,8,215,23
2020-05-09,Greece,13,2,2691,150,100,10,201,20
2020-05-10,Greece,19,1,2710,151,90,8,204,21
2020-05-11,Greece,6,0,2716,151,90,7,210,21
2020-05-12,Greece,10,0,2726,151,94,5,192,15
2020-05-13,Greece,18,1,2744,152,102,6,210,16
2020-05-14,Greece,16,3,2760,155,97,8,184,16
2020-05-15,Greece,10,1,2770,156,92,8,179,16
2020-05-16,Greece,40,4,2810,160,119,10,219,20
2020-05-17,Greece,9,2,2819,162,109,11,199,19
2020-05-18,Greece,15,1,2834,163,118,12,208,19
2020-05-19,Greece,2,2,2836,165,110,14,204,19
2020-05-20,Greece,4,0,2840,165,96,13,198,19
2020-05-21,Greece,10,1,2850,166,90,11,187,19
2020-05-22,Greece,3,2,2853,168,83,12,175,20
2020-05-23,Greece,20,1,2873,169,63,9,182,19
2020-05-24,Greece,3,2,2876,171,57,9,166,20
2020-05-25,Greece,2,0,2878,171,44,8,162,20
2020-05-26,Greece,4,1,2882,172,46,7,156,21
2020-05-27,Greece,10,1,2892,173,52,8,148,21
2020-05-28,Greece,11,0,2903,173,53,7,143,18
2020-05-29,Greece,3,2,2906,175,53,7,136,19
2020-05-30,Greece,3,0,2909,175,36,6,99,15
2020-05-31,Greece,6,0,2915,175,39,4,96,13
2020-06-01,Greece,2,0,2917,175,39,4,83,12
2020-06-02,Greece,1,4,2918,179,36,7,82,14
2020-06-03,Greece,19,0,2937,179,45,6,97,14
2020-06-04,Greece,0,0,2937,179,34,6,87,13
2020-06-05,Greece,15,1,2952,180,46,5,99,12
2020-06-06,Greece,15,0,2967,180,58,5,94,11
2020-06-07,Greece,13,0,2980,180,65,5,104,9
2020-06-08,Greece,17,0,2997,180,80,5,119,9
2020-06-09,Greece,52,2,3049,182,131,3,167,10
2020-06-10,Greece,9,1,3058,183,121,4,166,10
2020-06-11,Greece,10,0,3068,183,131,4,165,10
2020-06-12,Greece,20,0,3088,183,136,3,182,8
2020-06-13,Greece,20,0,3108,183,141,3,199,8
2020-06-14,Greece,4,0,3112,183,132,3,197,8
2020-06-15,Greece,9,0,3121,183,124,3,204,8
2020-06-16,Greece,13,1,3134,184,85,2,216,5
2020-06-17,Greece,14,1,3148,185,90,2,211,6
2020-06-18,Greece,55,2,3203,187,135,4,266,8
2020-06-19,Greece,24,1,3227,188,139,5,275,8
2020-06-20,Greece,10,1,3237,189,129,6,270,9
2020-06-21,Greece,19,1,3256,190,144,7,276,10
2020-06-22,Greece,10,0,3266,190,145,7,269,10
2020-06-23,Greece,21,0,3287,190,153,6,238,8
2020-06-24,Greece,15,0,3302,190,154,5,244,7
2020-06-25,Greece,8,0,3310,190,107,3,242,7
2020-06-26,Greece,11,1,3321,191,94,3,233,8
2020-06-27,Greece,22,0,3343,191,106,2,235,8
2020-06-28,Greece,23,0,3366,191,110,1,254,8
2020-06-29,Greece,10,0,3376,191,110,1,255,8
2020-06-30,Greece,14,0,3390,191,103,1,256,7
2020-07-01,Greece,19,1,3409,192,107,2,261,7
2020-07-02,Greece,23,0,3432,192,122,2,229,5
2020-07-03,Greece,26,0,3458,192,137,1,231,4
2020-07-04,Greece,28,0,3486,192,143,1,249,3
2020-07-05,Greece,25,0,3511,192,145,1,255,2
2020-07-06,Greece,8,0,3519,192,143,1,253,2
2020-07-07,Greece,43,0,3562,192,172,1,275,2
2020-07-08,Greece,27,1,3589,193,180,1,287,3
2020-07-09,Greece,33,0,3622,193,190,1,312,3
2020-07-10,Greece,50,0,3672,193,214,1,351,2
2020-07-11,Greece,60,0,3732,193,246,1,389,2
2020-07-12,Greece,40,0,3772,193,261,1,406,2
2020-07-13,Greece,31,0,3803,193,284,1,427,2
2020-07-14,Greece,23,0,3826,193,264,1,436,2
2020-07-15,Greece,57,0,3883,193,294,0,474,1
2020-07-16,Greece,27,0,3910,193,288,0,478,1
2020-07-17,Greece,29,0,3939,193,267,0,481,1
2020-07-18,Greece,25,1,3964,194,232,1,478,2
2020-07-19,Greece,19,0,3983,194,211,1,472,2
2020-07-20,Greece,24,0,4007,194,204,1,488,2
2020-07-21,Greece,5,1,4012,195,186,2,450,3
2020-07-22,Greece,36,2,4048,197,165,4,459,4
2020-07-23,Greece,29,3,4077,200,167,7,455,7
2020-07-24,Greece,33,1,4110,201,171,8,438,8
2020-07-25,Greece,25,0,4135,201,171,7,403,8
2020-07-26,Greece,31,0,4166,201,183,7,394,8
2020-07-27,Greece,27,1,4193,202,186,8,390,9
2020-07-28,Greece,34,0,4227,202,215,7,401,9
2020-07-29,Greece,52,1,4279,203,231,6,396,10
2020-07-30,Greece,57,0,4336,203,259,3,426,10
2020-07-31,Greece,65,0,4401,203,291,2,462,10
2020-08-01,Greece,76,3,4477,206,342,5,513,12
2020-08-02,Greece,110,0,4587,206,421,5,604,12
2020-08-03,Greece,75,2,4662,208,469,6,655,14
2020-08-04,Greece,75,1,4737,209,510,7,725,14
2020-08-05,Greece,118,0,4855,209,576,6,807,12
2020-08-06,Greece,118,1,4973,210,637,7,896,10
2020-08-07,Greece,150,0,5123,210,722,7,1013,9
2020-08-08,Greece,147,0,5270,210,793,4,1135,9
2020-08-09,Greece,151,1,5421,211,834,5,1255,10
2020-08-10,Greece,202,1,5623,212,961,4,1430,10
2020-08-11,Greece,126,1,5749,213,1012,4,1522,11
2020-08-12,Greece,193,1,5942,214,1087,5,1663,11
2020-08-13,Greece,235,2,6177,216,1204,6,1841,13
2020-08-14,Greece,204,5,6381,221,1258,11,1980,18
2020-08-15,Greece,251,2,6632,223,1362,13,2155,17
2020-08-16,Greece,226,3,6858,226,1437,15,2271,20
2020-08-17,Greece,217,2,7075,228,1452,16,2413,20
2020-08-18,Greece,147,2,7222,230,1473,17,2485,21
2020-08-19,Greece,250,2,7472,232,1530,18,2617,23
2020-08-20,Greece,212,3,7684,235,1507,19,2711,25
2020-08-21,Greece,250,0,7934,235,1553,14,2811,25
2020-08-22,Greece,204,3,8138,238,1506,15,2868,28
2020-08-23,Greece,243,2,8381,240,1523,14,2960,29
2020-08-24,Greece,283,2,8664,242,1589,14,3041,30
2020-08-25,Greece,155,0,8819,242,1597,12,3070,29
2020-08-26,Greece,168,1,8987,243,1515,11,3045,29
2020-08-27,Greece,293,5,9280,248,1596,13,3103,32
2020-08-28,Greece,251,6,9531,254,1597,19,3150,33
2020-08-29,Greece,269,5,9800,259,1662,21,3168,36
2020-08-30,Greece,177,1,9977,260,1596,20,3119,34
2020-08-31,Greece,157,2,10134,262,1470,20,3059,34
2020-04-01,Greenland,0,0,10,0,6,0,0,0
2020-04-02,Greenland,0,0,10,0,5,0,10,0
2020-04-03,Greenland,0,0,10,0,4,0,8,0
2020-04-04,Greenland,0,0,10,0,1,0,8,0
2020-04-05,Greenland,0,0,10,0,0,0,8,0
2020-04-06,Greenland,1,0,11,0,1,0,9,0
2020-04-07,Greenland,0,0,11,0,1,0,7,0
2020-04-08,Greenland,0,0,11,0,1,0,7,0
2020-04-09,Greenland,0,0,11,0,1,0,6,0
2020-04-10,Greenland,0,0,11,0,1,0,5,0
2020-04-11,Greenland,0,0,11,0,1,0,2,0
2020-04-12,Greenland,0,0,11,0,1,0,1,0
2020-04-13,Greenland,0,0,11,0,0,0,1,0
2020-04-14,Greenland,0,0,11,0,0,0,1,0
2020-04-15,Greenland,0,0,11,0,0,0,1,0
2020-04-16,Greenland,0,0,11,0,0,0,1,0
2020-04-17,Greenland,0,0,11,0,0,0,1,0
2020-04-18,Greenland,0,0,11,0,0,0,1,0
2020-04-19,Greenland,0,0,11,0,0,0,1,0
2020-04-20,Greenland,0,0,11,0,0,0,0,0
2020-04-21,Greenland,0,0,11,0,0,0,0,0
2020-04-22,Greenland,0,0,11,0,0,0,0,0
2020-04-23,Greenland,0,0,11,0,0,0,0,0
2020-04-24,Greenland,0,0,11,0,0,0,0,0
2020-04-25,Greenland,0,0,11,0,0,0,0,0
2020-04-26,Greenland,0,0,11,0,0,0,0,0
2020-04-27,Greenland,0,0,11,0,0,0,0,0
2020-04-28,Greenland,0,0,11,0,0,0,0,0
2020-04-29,Greenland,0,0,11,0,0,0,0,0
2020-04-30,Greenland,0,0,11,0,0,0,0,0
2020-05-01,Greenland,0,0,11,0,0,0,0,0
2020-05-02,Greenland,0,0,11,0,0,0,0,0
2020-05-03,Greenland,0,0,11,0,0,0,0,0
2020-05-04,Greenland,0,0,11,0,0,0,0,0
2020-05-05,Greenland,0,0,11,0,0,0,0,0
2020-05-06,Greenland,0,0,11,0,0,0,0,0
2020-05-07,Greenland,0,0,11,0,0,0,0,0
2020-05-08,Greenland,0,0,11,0,0,0,0,0
2020-05-09,Greenland,0,0,11,0,0,0,0,0
2020-05-10,Greenland,0,0,11,0,0,0,0,0
2020-05-11,Greenland,0,0,11,0,0,0,0,0
2020-05-12,Greenland,0,0,11,0,0,0,0,0
2020-05-13,Greenland,0,0,11,0,0,0,0,0
2020-05-14,Greenland,0,0,11,0,0,0,0,0
2020-05-15,Greenland,0,0,11,0,0,0,0,0
2020-05-16,Greenland,0,0,11,0,0,0,0,0
2020-05-17,Greenland,0,0,11,0,0,0,0,0
2020-05-18,Greenland,0,0,11,0,0,0,0,0
2020-05-19,Greenland,0,0,11,0,0,0,0,0
2020-05-20,Greenland,0,0,11,0,0,0,0,0
2020-05-21,Greenland,0,0,11,0,0,0,0,0
2020-05-22,Greenland,0,0,11,0,0,0,0,0
2020-05-23,Greenland,0,0,11,0,0,0,0,0
2020-05-24,Greenland,0,0,11,0,0,0,0,0
2020-05-25,Greenland,0,0,11,0,0,0,0,0
2020-05-26,Greenland,1,0,12,0,1,0,1,0
2020-05-27,Greenland,0,0,12,0,1,0,1,0
2020-05-28,Greenland,0,0,12,0,1,0,1,0
2020-05-29,Greenland,1,0,13,0,2,0,2,0
2020-05-30,Greenland,0,0,13,0,2,0,2,0
2020-05-31,Greenland,0,0,13,0,2,0,2,0
2020-06-01,Greenland,0,0,13,0,2,0,2,0
2020-06-02,Greenland,0,0,13,0,1,0,2,0
2020-06-03,Greenland,0,0,13,0,1,0,2,0
2020-06-04,Greenland,0,0,13,0,1,0,2,0
2020-06-05,Greenland,0,0,13,0,0,0,2,0
2020-06-06,Greenland,0,0,13,0,0,0,2,0
2020-06-07,Greenland,0,0,13,0,0,0,2,0
2020-06-08,Greenland,0,0,13,0,0,0,2,0
2020-06-09,Greenland,0,0,13,0,0,0,1,0
2020-06-10,Greenland,0,0,13,0,0,0,1,0
2020-06-11,Greenland,0,0,13,0,0,0,1,0
2020-06-12,Greenland,0,0,13,0,0,0,0,0
2020-06-13,Greenland,0,0,13,0,0,0,0,0
2020-06-14,Greenland,0,0,13,0,0,0,0,0
2020-06-15,Greenland,0,0,13,0,0,0,0,0
2020-06-16,Greenland,0,0,13,0,0,0,0,0
2020-06-17,Greenland,0,0,13,0,0,0,0,0
2020-06-18,Greenland,0,0,13,0,0,0,0,0
2020-06-19,Greenland,0,0,13,0,0,0,0,0
2020-06-20,Greenland,0,0,13,0,0,0,0,0
2020-06-21,Greenland,0,0,13,0,0,0,0,0
2020-06-22,Greenland,0,0,13,0,0,0,0,0
2020-06-23,Greenland,0,0,13,0,0,0,0,0
2020-06-24,Greenland,0,0,13,0,0,0,0,0
2020-06-25,Greenland,0,0,13,0,0,0,0,0
2020-06-26,Greenland,0,0,13,0,0,0,0,0
2020-06-27,Greenland,0,0,13,0,0,0,0,0
2020-06-28,Greenland,0,0,13,0,0,0,0,0
2020-06-29,Greenland,0,0,13,0,0,0,0,0
2020-06-30,Greenland,0,0,13,0,0,0,0,0
2020-07-01,Greenland,0,0,13,0,0,0,0,0
2020-07-02,Greenland,0,0,13,0,0,0,0,0
2020-07-03,Greenland,0,0,13,0,0,0,0,0
2020-07-04,Greenland,0,0,13,0,0,0,0,0
2020-07-05,Greenland,0,0,13,0,0,0,0,0
2020-07-06,Greenland,0,0,13,0,0,0,0,0
2020-07-07,Greenland,0,0,13,0,0,0,0,0
2020-07-08,Greenland,0,0,13,0,0,0,0,0
2020-07-09,Greenland,0,0,13,0,0,0,0,0
2020-07-10,Greenland,0,0,13,0,0,0,0,0
2020-07-11,Greenland,0,0,13,0,0,0,0,0
2020-07-12,Greenland,0,0,13,0,0,0,0,0
2020-07-13,Greenland,0,0,13,0,0,0,0,0
2020-07-14,Greenland,0,0,13,0,0,0,0,0
2020-07-15,Greenland,0,0,13,0,0,0,0,0
2020-07-16,Greenland,0,0,13,0,0,0,0,0
2020-07-17,Greenland,0,0,13,0,0,0,0,0
2020-07-18,Greenland,0,0,13,0,0,0,0,0
2020-07-19,Greenland,0,0,13,0,0,0,0,0
2020-07-20,Greenland,0,0,13,0,0,0,0,0
2020-07-21,Greenland,0,0,13,0,0,0,0,0
2020-07-22,Greenland,0,0,13,0,0,0,0,0
2020-07-23,Greenland,0,0,13,0,0,0,0,0
2020-07-24,Greenland,0,0,13,0,0,0,0,0
2020-07-25,Greenland,0,0,13,0,0,0,0,0
2020-07-26,Greenland,0,0,13,0,0,0,0,0
2020-07-27,Greenland,0,0,13,0,0,0,0,0
2020-07-28,Greenland,0,0,13,0,0,0,0,0
2020-07-29,Greenland,1,0,14,0,1,0,1,0
2020-07-30,Greenland,0,0,14,0,1,0,1,0
2020-07-31,Greenland,0,0,14,0,1,0,1,0
2020-08-01,Greenland,0,0,14,0,1,0,1,0
2020-08-02,Greenland,0,0,14,0,1,0,1,0
2020-08-03,Greenland,0,0,14,0,1,0,1,0
2020-08-04,Greenland,0,0,14,0,1,0,1,0
2020-08-05,Greenland,0,0,14,0,0,0,1,0
2020-08-06,Greenland,0,0,14,0,0,0,1,0
2020-08-07,Greenland,0,0,14,0,0,0,1,0
2020-08-08,Greenland,0,0,14,0,0,0,1,0
2020-08-09,Greenland,0,0,14,0,0,0,1,0
2020-08-10,Greenland,0,0,14,0,0,0,1,0
2020-08-11,Greenland,0,0,14,0,0,0,1,0
2020-08-12,Greenland,0,0,14,0,0,0,0,0
2020-08-13,Greenland,0,0,14,0,0,0,0,0
2020-08-14,Greenland,0,0,14,0,0,0,0,0
2020-08-15,Greenland,0,0,14,0,0,0,0,0
2020-08-16,Greenland,0,0,14,0,0,0,0,0
2020-08-17,Greenland,0,0,14,0,0,0,0,0
2020-08-18,Greenland,0,0,14,0,0,0,0,0
2020-08-19,Greenland,0,0,14,0,0,0,0,0
2020-08-20,Greenland,0,0,14,0,0,0,0,0
2020-08-21,Greenland,0,0,14,0,0,0,0,0
2020-08-22,Greenland,0,0,14,0,0,0,0,0
2020-08-23,Greenland,0,0,14,0,0,0,0,0
2020-08-24,Greenland,0,0,14,0,0,0,0,0
2020-08-25,Greenland,0,0,14,0,0,0,0,0
2020-08-26,Greenland,0,0,14,0,0,0,0,0
2020-08-27,Greenland,0,0,14,0,0,0,0,0
2020-08-28,Greenland,0,0,14,0,0,0,0,0
2020-08-29,Greenland,0,0,14,0,0,0,0,0
2020-08-30,Greenland,0,0,14,0,0,0,0,0
2020-08-31,Greenland,0,0,14,0,0,0,0,0
2020-04-01,Grenada,0,0,9,0,8,0,0,0
2020-04-02,Grenada,1,0,10,0,9,0,0,0
2020-04-03,Grenada,0,0,10,0,3,0,0,0
2020-04-04,Grenada,2,0,12,0,5,0,0,0
2020-04-05,Grenada,0,0,12,0,3,0,12,0
2020-04-06,Grenada,0,0,12,0,3,0,11,0
2020-04-07,Grenada,0,0,12,0,3,0,11,0
2020-04-08,Grenada,0,0,12,0,3,0,11,0
2020-04-09,Grenada,0,0,12,0,2,0,11,0
2020-04-10,Grenada,0,0,12,0,2,0,5,0
2020-04-11,Grenada,2,0,14,0,2,0,7,0
2020-04-12,Grenada,0,0,14,0,2,0,5,0
2020-04-13,Grenada,0,0,14,0,2,0,5,0
2020-04-14,Grenada,0,0,14,0,2,0,5,0
2020-04-15,Grenada,0,0,14,0,2,0,5,0
2020-04-16,Grenada,0,0,14,0,2,0,4,0
2020-04-17,Grenada,0,0,14,0,2,0,4,0
2020-04-18,Grenada,0,0,14,0,0,0,2,0
2020-04-19,Grenada,0,0,14,0,0,0,2,0
2020-04-20,Grenada,0,0,14,0,0,0,2,0
2020-04-21,Grenada,0,0,14,0,0,0,2,0
2020-04-22,Grenada,0,0,14,0,0,0,2,0
2020-04-23,Grenada,1,0,15,0,1,0,3,0
2020-04-24,Grenada,0,0,15,0,1,0,3,0
2020-04-25,Grenada,0,0,15,0,1,0,1,0
2020-04-26,Grenada,3,0,18,0,4,0,4,0
2020-04-27,Grenada,0,0,18,0,4,0,4,0
2020-04-28,Grenada,0,0,18,0,4,0,4,0
2020-04-29,Grenada,0,0,18,0,4,0,4,0
2020-04-30,Grenada,2,0,20,0,5,0,6,0
2020-05-01,Grenada,0,0,20,0,5,0,6,0
2020-05-02,Grenada,0,0,20,0,5,0,6,0
2020-05-03,Grenada,1,0,21,0,3,0,7,0
2020-05-04,Grenada,0,0,21,0,3,0,7,0
2020-05-05,Grenada,0,0,21,0,3,0,7,0
2020-05-06,Grenada,0,0,21,0,3,0,7,0
2020-05-07,Grenada,0,0,21,0,1,0,6,0
2020-05-08,Grenada,0,0,21,0,1,0,6,0
2020-05-09,Grenada,0,0,21,0,1,0,6,0
2020-05-10,Grenada,0,0,21,0,0,0,3,0
2020-05-11,Grenada,0,0,21,0,0,0,3,0
2020-05-12,Grenada,0,0,21,0,0,0,3,0
2020-05-13,Grenada,0,0,21,0,0,0,3,0
2020-05-14,Grenada,0,0,21,0,0,0,1,0
2020-05-15,Grenada,0,0,21,0,0,0,1,0
2020-05-16,Grenada,1,0,22,0,1,0,2,0
2020-05-17,Grenada,0,0,22,0,1,0,1,0
2020-05-18,Grenada,0,0,22,0,1,0,1,0
2020-05-19,Grenada,0,0,22,0,1,0,1,0
2020-05-20,Grenada,0,0,22,0,1,0,1,0
2020-05-21,Grenada,0,0,22,0,1,0,1,0
2020-05-22,Grenada,0,0,22,0,1,0,1,0
2020-05-23,Grenada,0,0,22,0,0,0,1,0
2020-05-24,Grenada,0,0,22,0,0,0,1,0
2020-05-25,Grenada,0,0,22,0,0,0,1,0
2020-05-26,Grenada,1,0,23,0,1,0,2,0
2020-05-27,Grenada,0,0,23,0,1,0,2,0
2020-05-28,Grenada,0,0,23,0,1,0,2,0
2020-05-29,Grenada,0,0,23,0,1,0,2,0
2020-05-30,Grenada,0,0,23,0,1,0,1,0
2020-05-31,Grenada,0,0,23,0,1,0,1,0
2020-06-01,Grenada,0,0,23,0,1,0,1,0
2020-06-02,Grenada,0,0,23,0,0,0,1,0
2020-06-03,Grenada,0,0,23,0,0,0,1,0
2020-06-04,Grenada,0,0,23,0,0,0,1,0
2020-06-05,Grenada,0,0,23,0,0,0,1,0
2020-06-06,Grenada,0,0,23,0,0,0,1,0
2020-06-07,Grenada,0,0,23,0,0,0,1,0
2020-06-08,Grenada,0,0,23,0,0,0,1,0
2020-06-09,Grenada,0,0,23,0,0,0,0,0
2020-06-10,Grenada,0,0,23,0,0,0,0,0
2020-06-11,Grenada,0,0,23,0,0,0,0,0
2020-06-12,Grenada,0,0,23,0,0,0,0,0
2020-06-13,Grenada,0,0,23,0,0,0,0,0
2020-06-14,Grenada,0,0,23,0,0,0,0,0
2020-06-15,Grenada,0,0,23,0,0,0,0,0
2020-06-16,Grenada,0,0,23,0,0,0,0,0
2020-06-17,Grenada,0,0,23,0,0,0,0,0
2020-06-18,Grenada,0,0,23,0,0,0,0,0
2020-06-19,Grenada,0,0,23,0,0,0,0,0
2020-06-20,Grenada,0,0,23,0,0,0,0,0
2020-06-21,Grenada,0,0,23,0,0,0,0,0
2020-06-22,Grenada,0,0,23,0,0,0,0,0
2020-06-23,Grenada,0,0,23,0,0,0,0,0
2020-06-24,Grenada,0,0,23,0,0,0,0,0
2020-06-25,Grenada,0,0,23,0,0,0,0,0
2020-06-26,Grenada,0,0,23,0,0,0,0,0
2020-06-27,Grenada,0,0,23,0,0,0,0,0
2020-06-28,Grenada,0,0,23,0,0,0,0,0
2020-06-29,Grenada,0,0,23,0,0,0,0,0
2020-06-30,Grenada,0,0,23,0,0,0,0,0
2020-07-01,Grenada,0,0,23,0,0,0,0,0
2020-07-02,Grenada,0,0,23,0,0,0,0,0
2020-07-03,Grenada,0,0,23,0,0,0,0,0
2020-07-04,Grenada,0,0,23,0,0,0,0,0
2020-07-05,Grenada,0,0,23,0,0,0,0,0
2020-07-06,Grenada,0,0,23,0,0,0,0,0
2020-07-07,Grenada,0,0,23,0,0,0,0,0
2020-07-08,Grenada,0,0,23,0,0,0,0,0
2020-07-09,Grenada,0,0,23,0,0,0,0,0
2020-07-10,Grenada,0,0,23,0,0,0,0,0
2020-07-11,Grenada,0,0,23,0,0,0,0,0
2020-07-12,Grenada,0,0,23,0,0,0,0,0
2020-07-13,Grenada,0,0,23,0,0,0,0,0
2020-07-14,Grenada,0,0,23,0,0,0,0,0
2020-07-15,Grenada,0,0,23,0,0,0,0,0
2020-07-16,Grenada,0,0,23,0,0,0,0,0
2020-07-17,Grenada,0,0,23,0,0,0,0,0
2020-07-18,Grenada,0,0,23,0,0,0,0,0
2020-07-19,Grenada,0,0,23,0,0,0,0,0
2020-07-20,Grenada,0,0,23,0,0,0,0,0
2020-07-21,Grenada,0,0,23,0,0,0,0,0
2020-07-22,Grenada,0,0,23,0,0,0,0,0
2020-07-23,Grenada,0,0,23,0,0,0,0,0
2020-07-24,Grenada,0,0,23,0,0,0,0,0
2020-07-25,Grenada,0,0,23,0,0,0,0,0
2020-07-26,Grenada,0,0,23,0,0,0,0,0
2020-07-27,Grenada,0,0,23,0,0,0,0,0
2020-07-28,Grenada,0,0,23,0,0,0,0,0
2020-07-29,Grenada,0,0,23,0,0,0,0,0
2020-07-30,Grenada,1,0,24,0,1,0,1,0
2020-07-31,Grenada,0,0,24,0,1,0,1,0
2020-08-01,Grenada,0,0,24,0,1,0,1,0
2020-08-02,Grenada,0,0,24,0,1,0,1,0
2020-08-03,Grenada,0,0,24,0,1,0,1,0
2020-08-04,Grenada,0,0,24,0,1,0,1,0
2020-08-05,Grenada,0,0,24,0,1,0,1,0
2020-08-06,Grenada,0,0,24,0,0,0,1,0
2020-08-07,Grenada,0,0,24,0,0,0,1,0
2020-08-08,Grenada,0,0,24,0,0,0,1,0
2020-08-09,Grenada,0,0,24,0,0,0,1,0
2020-08-10,Grenada,0,0,24,0,0,0,1,0
2020-08-11,Grenada,0,0,24,0,0,0,1,0
2020-08-12,Grenada,0,0,24,0,0,0,1,0
2020-08-13,Grenada,0,0,24,0,0,0,0,0
2020-08-14,Grenada,0,0,24,0,0,0,0,0
2020-08-15,Grenada,0,0,24,0,0,0,0,0
2020-08-16,Grenada,0,0,24,0,0,0,0,0
2020-08-17,Grenada,0,0,24,0,0,0,0,0
2020-08-18,Grenada,0,0,24,0,0,0,0,0
2020-08-19,Grenada,0,0,24,0,0,0,0,0
2020-08-20,Grenada,0,0,24,0,0,0,0,0
2020-08-21,Grenada,0,0,24,0,0,0,0,0
2020-08-22,Grenada,0,0,24,0,0,0,0,0
2020-08-23,Grenada,0,0,24,0,0,0,0,0
2020-08-24,Grenada,0,0,24,0,0,0,0,0
2020-08-25,Grenada,0,0,24,0,0,0,0,0
2020-08-26,Grenada,0,0,24,0,0,0,0,0
2020-08-27,Grenada,0,0,24,0,0,0,0,0
2020-08-28,Grenada,0,0,24,0,0,0,0,0
2020-08-29,Grenada,0,0,24,0,0,0,0,0
2020-08-30,Grenada,0,0,24,0,0,0,0,0
2020-08-31,Grenada,0,0,24,0,0,0,0,0
2020-04-01,Guam,9,2,69,3,37,2,69,3
2020-04-02,Guam,8,0,77,3,40,2,74,3
2020-04-03,Guam,5,0,82,3,33,2,70,3
2020-04-04,Guam,5,1,87,4,36,3,73,4
2020-04-05,Guam,6,0,93,4,38,3,78,3
2020-04-06,Guam,17,0,110,4,54,3,83,3
2020-04-07,Guam,2,0,112,4,52,3,83,3
2020-04-08,Guam,9,0,121,4,52,1,89,3
2020-04-09,Guam,4,0,125,4,48,1,88,3
2020-04-10,Guam,3,0,128,4,46,1,79,3
2020-04-11,Guam,2,0,130,4,43,0,79,3
2020-04-12,Guam,3,1,133,5,40,1,78,4
2020-04-13,Guam,0,0,133,5,23,1,77,4
2020-04-14,Guam,1,0,134,5,22,1,74,4
2020-04-15,Guam,1,0,135,5,14,1,66,2
2020-04-16,Guam,0,0,135,5,10,1,58,2
2020-04-17,Guam,0,0,135,5,7,1,53,2
2020-04-18,Guam,1,0,136,5,6,1,49,1
2020-04-19,Guam,0,0,136,5,3,0,43,1
2020-04-20,Guam,0,0,136,5,3,0,26,1
2020-04-21,Guam,0,0,136,5,2,0,24,1
2020-04-22,Guam,0,0,136,5,1,0,15,1
2020-04-23,Guam,1,0,137,5,2,0,12,1
2020-04-24,Guam,3,0,140,5,5,0,12,1
2020-04-25,Guam,1,0,141,5,5,0,11,1
2020-04-26,Guam,0,0,141,5,5,0,8,0
2020-04-27,Guam,1,0,142,5,6,0,9,0
2020-04-28,Guam,2,0,144,5,8,0,10,0
2020-04-29,Guam,1,0,145,5,9,0,10,0
2020-04-30,Guam,0,0,145,5,8,0,10,0
2020-05-01,Guam,1,0,146,5,6,0,11,0
2020-05-02,Guam,0,0,146,5,5,0,10,0
2020-05-03,Guam,2,0,148,5,7,0,12,0
2020-05-04,Guam,1,0,149,5,7,0,13,0
2020-05-05,Guam,0,0,149,5,5,0,13,0
2020-05-06,Guam,0,0,149,5,4,0,13,0
2020-05-07,Guam,2,0,151,5,6,0,14,0
2020-05-08,Guam,0,0,151,5,5,0,11,0
2020-05-09,Guam,0,0,151,5,5,0,10,0
2020-05-10,Guam,0,0,151,5,3,0,10,0
2020-05-11,Guam,0,0,151,5,2,0,9,0
2020-05-12,Guam,1,0,152,5,3,0,8,0
2020-05-13,Guam,0,0,152,5,3,0,7,0
2020-05-14,Guam,0,0,152,5,1,0,7,0
2020-05-15,Guam,2,0,154,5,3,0,8,0
2020-05-16,Guam,0,0,154,5,3,0,8,0
2020-05-17,Guam,0,0,154,5,3,0,6,0
2020-05-18,Guam,0,0,154,5,3,0,5,0
2020-05-19,Guam,0,0,154,5,2,0,5,0
2020-05-20,Guam,0,0,154,5,2,0,5,0
2020-05-21,Guam,11,0,165,5,13,0,14,0
2020-05-22,Guam,0,0,165,5,11,0,14,0
2020-05-23,Guam,0,0,165,5,11,0,14,0
2020-05-24,Guam,1,0,166,5,12,0,15,0
2020-05-25,Guam,0,0,166,5,12,0,15,0
2020-05-26,Guam,0,0,166,5,12,0,14,0
2020-05-27,Guam,3,0,169,5,15,0,17,0
2020-05-28,Guam,2,0,171,5,6,0,19,0
2020-05-29,Guam,1,0,172,5,7,0,18,0
2020-05-30,Guam,0,0,172,5,7,0,18,0
2020-05-31,Guam,1,0,173,5,7,0,19,0
2020-06-01,Guam,2,0,175,5,9,0,21,0
2020-06-02,Guam,0,0,175,5,9,0,21,0
2020-06-03,Guam,2,0,177,5,8,0,23,0
2020-06-04,Guam,2,0,179,5,8,0,14,0
2020-06-05,Guam,0,0,179,5,7,0,14,0
2020-06-06,Guam,0,0,179,5,7,0,14,0
2020-06-07,Guam,0,0,179,5,6,0,13,0
2020-06-08,Guam,0,0,179,5,4,0,13,0
2020-06-09,Guam,1,0,180,5,5,0,14,0
2020-06-10,Guam,0,0,180,5,3,0,11,0
2020-06-11,Guam,2,0,182,5,3,0,11,0
2020-06-12,Guam,0,0,182,5,3,0,10,0
2020-06-13,Guam,3,0,185,5,6,0,13,0
2020-06-14,Guam,0,0,185,5,6,0,12,0
2020-06-15,Guam,0,0,185,5,6,0,10,0
2020-06-16,Guam,1,0,186,5,6,0,11,0
2020-06-17,Guam,2,0,188,5,8,0,11,0
2020-06-18,Guam,4,0,192,5,10,0,13,0
2020-06-19,Guam,8,0,200,5,18,0,21,0
2020-06-20,Guam,0,0,200,5,15,0,21,0
2020-06-21,Guam,22,0,222,5,37,0,43,0
2020-06-22,Guam,0,0,222,5,37,0,43,0
2020-06-23,Guam,3,0,225,5,39,0,45,0
2020-06-24,Guam,1,0,226,5,38,0,46,0
2020-06-25,Guam,5,0,231,5,39,0,49,0
2020-06-26,Guam,16,0,247,5,47,0,65,0
2020-06-27,Guam,1,0,248,5,48,0,63,0
2020-06-28,Guam,0,0,248,5,26,0,63,0
2020-06-29,Guam,5,0,253,5,31,0,68,0
2020-06-30,Guam,4,0,257,5,32,0,71,0
2020-07-01,Guam,10,0,267,5,41,0,79,0
2020-07-02,Guam,13,0,280,5,49,0,88,0
2020-07-03,Guam,6,0,286,5,39,0,86,0
2020-07-04,Guam,2,0,288,5,40,0,88,0
2020-07-05,Guam,0,0,288,5,40,0,66,0
2020-07-06,Guam,13,0,301,5,48,0,79,0
2020-07-07,Guam,2,0,303,5,46,0,78,0
2020-07-08,Guam,0,0,303,5,36,0,77,0
2020-07-09,Guam,6,0,309,5,29,0,78,0
2020-07-10,Guam,1,0,310,5,24,0,63,0
2020-07-11,Guam,2,0,312,5,24,0,64,0
2020-07-12,Guam,0,0,312,5,24,0,64,0
2020-07-13,Guam,0,0,312,5,11,0,59,0
2020-07-14,Guam,0,0,312,5,9,0,55,0
2020-07-15,Guam,1,0,313,5,10,0,46,0
2020-07-16,Guam,1,0,314,5,5,0,34,0
2020-07-17,Guam,0,0,314,5,4,0,28,0
2020-07-18,Guam,1,0,315,5,3,0,27,0
2020-07-19,Guam,0,0,315,5,3,0,27,0
2020-07-20,Guam,4,0,319,5,7,0,18,0
2020-07-21,Guam,8,0,327,5,15,0,24,0
2020-07-22,Guam,3,0,330,5,17,0,27,0
2020-07-23,Guam,2,0,332,5,18,0,23,0
2020-07-24,Guam,5,0,337,5,23,0,27,0
2020-07-25,Guam,0,0,337,5,22,0,25,0
2020-07-26,Guam,0,0,337,5,22,0,25,0
2020-07-27,Guam,9,0,346,5,27,0,34,0
2020-07-28,Guam,3,0,349,5,22,0,37,0
2020-07-29,Guam,2,0,351,5,21,0,38,0
2020-07-30,Guam,3,0,354,5,22,0,40,0
2020-07-31,Guam,2,0,356,5,19,0,42,0
2020-08-01,Guam,3,0,359,5,22,0,44,0
2020-08-02,Guam,0,0,359,5,22,0,44,0
2020-08-03,Guam,9,0,368,5,22,0,49,0
2020-08-04,Guam,7,0,375,5,26,0,48,0
2020-08-05,Guam,14,0,389,5,38,0,59,0
2020-08-06,Guam,8,0,397,5,43,0,65,0
2020-08-07,Guam,14,0,411,5,55,0,74,0
2020-08-08,Guam,1,0,412,5,53,0,75,0
2020-08-09,Guam,0,0,412,5,53,0,75,0
2020-08-10,Guam,6,0,418,5,50,0,72,0
2020-08-11,Guam,16,0,434,5,59,0,85,0
2020-08-12,Guam,15,0,449,5,60,0,98,0
2020-08-13,Guam,0,0,449,5,52,0,95,0
2020-08-14,Guam,28,0,477,5,66,0,121,0
2020-08-15,Guam,25,0,502,5,90,0,143,0
2020-08-16,Guam,14,0,516,5,104,0,157,0
2020-08-17,Guam,42,0,558,5,140,0,190,0
2020-08-18,Guam,19,0,577,5,143,0,202,0
2020-08-19,Guam,22,0,599,5,150,0,210,0
2020-08-20,Guam,0,0,599,5,150,0,202,0
2020-08-21,Guam,105,1,704,6,227,1,293,1
2020-08-22,Guam,63,1,767,7,265,2,355,2
2020-08-23,Guam,53,0,820,7,304,2,408,2
2020-08-24,Guam,0,0,820,7,262,2,402,2
2020-08-25,Guam,87,0,907,7,330,2,473,2
2020-08-26,Guam,77,2,984,9,385,4,535,4
2020-08-27,Guam,136,0,1120,9,521,4,671,4
2020-08-28,Guam,112,1,1232,10,528,4,755,5
2020-08-29,Guam,55,0,1287,10,520,3,785,5
2020-08-30,Guam,60,0,1347,10,527,3,831,5
2020-08-31,Guam,0,0,1347,10,527,3,789,5
2020-04-01,Guatemala,2,0,38,1,17,0,32,0
2020-04-02,Guatemala,8,0,46,1,22,0,38,0
2020-04-03,Guatemala,1,0,47,1,22,0,38,0
2020-04-04,Guatemala,3,0,50,1,18,0,37,0
2020-04-05,Guatemala,11,1,61,2,27,1,44,1
2020-04-06,Guatemala,9,1,70,3,34,2,51,2
2020-04-07,Guatemala,4,0,74,3,38,2,54,2
2020-04-08,Guatemala,6,0,80,3,42,2,59,2
2020-04-09,Guatemala,7,0,87,3,41,2,63,2
2020-04-10,Guatemala,39,0,126,3,79,2,101,2
2020-04-11,Guatemala,11,0,137,3,87,2,105,2
2020-04-12,Guatemala,16,0,153,3,92,1,119,2
2020-04-13,Guatemala,3,2,156,5,86,2,120,4
2020-04-14,Guatemala,11,0,167,5,93,2,131,4
2020-04-15,Guatemala,13,0,180,5,100,2,142,4
2020-04-16,Guatemala,16,0,196,5,109,2,150,4
2020-04-17,Guatemala,18,2,214,7,88,4,167,6
2020-04-18,Guatemala,21,0,235,7,98,4,185,6
2020-04-19,Guatemala,22,0,257,7,104,4,196,5
2020-04-20,Guatemala,32,0,289,7,133,2,219,4
2020-04-21,Guatemala,5,0,294,7,127,2,220,4
2020-04-22,Guatemala,22,1,316,8,136,3,236,5
2020-04-23,Guatemala,26,2,342,10,146,5,255,7
2020-04-24,Guatemala,42,1,384,11,170,4,258,8
2020-04-25,Guatemala,46,0,430,11,195,4,293,8
2020-04-26,Guatemala,43,2,473,13,216,6,320,10
2020-04-27,Guatemala,27,2,500,15,211,8,344,10
2020-04-28,Guatemala,30,0,530,15,236,8,363,10
2020-04-29,Guatemala,27,1,557,16,241,8,377,11
2020-04-30,Guatemala,28,0,585,16,243,6,389,11
2020-05-01,Guatemala,14,0,599,16,215,5,385,9
2020-05-02,Guatemala,45,0,644,16,214,5,409,9
2020-05-03,Guatemala,44,1,688,17,215,4,431,10
2020-05-04,Guatemala,15,0,703,17,203,2,414,10
2020-05-05,Guatemala,27,2,730,19,200,4,436,12
2020-05-06,Guatemala,33,0,763,19,206,3,447,11
2020-05-07,Guatemala,35,2,798,21,213,5,456,11
2020-05-08,Guatemala,34,2,832,23,233,7,448,12
2020-05-09,Guatemala,68,1,900,24,256,8,470,13
2020-05-10,Guatemala,67,0,967,24,279,7,494,11
2020-05-11,Guatemala,85,2,1052,26,349,9,552,11
2020-05-12,Guatemala,62,0,1114,26,384,7,584,11
2020-05-13,Guatemala,85,1,1199,27,436,8,642,11
2020-05-14,Guatemala,143,2,1342,29,544,8,757,13
2020-05-15,Guatemala,176,0,1518,29,686,6,919,13
2020-05-16,Guatemala,125,1,1643,30,743,6,999,14
2020-05-17,Guatemala,120,3,1763,33,796,9,1075,16
2020-05-18,Guatemala,149,2,1912,35,860,9,1209,18
2020-05-19,Guatemala,89,3,2001,38,887,12,1271,19
2020-05-20,Guatemala,132,5,2133,43,934,16,1370,24
2020-05-21,Guatemala,132,2,2265,45,923,16,1467,24
2020-05-22,Guatemala,247,3,2512,48,994,19,1680,25
2020-05-23,Guatemala,231,3,2743,51,1100,21,1843,27
2020-05-24,Guatemala,311,4,3054,55,1291,22,2087,31
2020-05-25,Guatemala,370,3,3424,58,1512,23,2372,32
2020-05-26,Guatemala,336,1,3760,59,1759,21,2646,33
2020-05-27,Guatemala,194,4,3954,63,1821,20,2755,36
2020-05-28,Guatemala,191,5,4145,68,1880,23,2803,39
2020-05-29,Guatemala,203,12,4348,80,1836,32,2830,51
2020-05-30,Guatemala,259,10,4607,90,1864,39,2964,60
2020-05-31,Guatemala,132,12,4739,102,1685,47,2976,69
2020-06-01,Guatemala,348,6,5087,108,1663,50,3175,73
2020-06-02,Guatemala,249,8,5336,116,1576,57,3335,78
2020-06-03,Guatemala,250,7,5586,123,1632,60,3453,80
2020-06-04,Guatemala,174,20,5760,143,1615,75,3495,98
2020-06-05,Guatemala,394,15,6154,158,1806,78,3642,110
2020-06-06,Guatemala,331,58,6485,216,1878,126,3742,165
2020-06-07,Guatemala,307,14,6792,230,2053,128,3738,175
2020-06-08,Guatemala,263,22,7055,252,1968,144,3631,194
2020-06-09,Guatemala,447,15,7502,267,2166,151,3742,208
2020-06-10,Guatemala,364,22,7866,289,2280,166,3912,226
2020-06-11,Guatemala,355,27,8221,316,2461,173,4076,248
2020-06-12,Guatemala,340,18,8561,334,2407,176,4213,254
2020-06-13,Guatemala,421,17,8982,351,2497,135,4375,261
2020-06-14,Guatemala,509,16,9491,367,2699,137,4752,265
2020-06-15,Guatemala,354,17,9845,384,2790,132,4758,276
2020-06-16,Guatemala,427,15,10272,399,2770,132,4936,283
2020-06-17,Guatemala,434,19,10706,418,2840,129,5120,295
2020-06-18,Guatemala,545,14,11251,432,3030,116,5491,289
2020-06-19,Guatemala,617,17,11868,449,3307,115,5714,291
2020-06-20,Guatemala,641,34,12509,483,3527,132,6024,267
2020-06-21,Guatemala,246,31,12755,514,3264,147,5963,284
2020-06-22,Guatemala,390,17,13145,531,3300,147,6090,279
2020-06-23,Guatemala,624,16,13769,547,3497,148,6267,280
2020-06-24,Guatemala,771,35,14540,582,3834,164,6674,293
2020-06-25,Guatemala,279,19,14819,601,3568,169,6598,285
2020-06-26,Guatemala,800,22,15619,623,3751,174,7058,289
2020-06-27,Guatemala,209,49,15828,672,3319,189,6846,321
2020-06-28,Guatemala,569,34,16397,706,3642,192,6906,339
2020-06-29,Guatemala,533,21,16930,727,3785,196,7085,343
2020-06-30,Guatemala,479,19,17409,746,3640,199,7137,347
2020-07-01,Guatemala,687,27,18096,773,3556,191,7390,355
2020-07-02,Guatemala,915,44,19011,817,4192,216,7760,385
2020-07-03,Guatemala,1061,26,20072,843,4453,220,8204,394
2020-07-04,Guatemala,1221,37,21293,880,5465,208,8784,397
2020-07-05,Guatemala,1208,40,22501,920,6104,214,9746,406
2020-07-06,Guatemala,747,27,23248,947,6318,220,10103,416
2020-07-07,Guatemala,724,34,23972,981,6563,235,10203,434
2020-07-08,Guatemala,815,23,24787,1004,6691,231,10247,422
2020-07-09,Guatemala,624,49,25411,1053,6400,236,10592,452
2020-07-10,Guatemala,1247,39,26658,1092,6586,249,11039,469
2020-07-11,Guatemala,961,47,27619,1139,6326,259,11791,467
2020-07-12,Guatemala,979,33,28598,1172,6097,252,12201,466
2020-07-13,Guatemala,757,47,29355,1219,6107,272,12425,492
2020-07-14,Guatemala,387,25,29742,1244,5770,263,12333,498
2020-07-15,Guatemala,1130,58,30872,1302,6085,298,12776,529
2020-07-16,Guatemala,1202,48,32074,1350,6663,297,13063,533
2020-07-17,Guatemala,865,54,32939,1404,6281,312,12867,561
2020-07-18,Guatemala,870,39,33809,1443,6190,304,12516,563
2020-07-19,Guatemala,4233,6,38042,1449,9444,277,15541,529
2020-07-20,Guatemala,635,36,38677,1485,9322,266,15429,538
2020-07-21,Guatemala,362,17,39039,1502,9297,258,15067,521
2020-07-22,Guatemala,1190,29,40229,1531,9357,229,15442,527
2020-07-23,Guatemala,906,42,41135,1573,9061,223,15724,520
2020-07-24,Guatemala,1057,59,42192,1632,9253,228,15534,540
2020-07-25,Guatemala,1091,37,43283,1669,9474,226,15664,530
2020-07-26,Guatemala,1209,0,44492,1669,6450,220,15894,497
2020-07-27,Guatemala,561,65,45053,1734,6376,249,15698,515
2020-07-28,Guatemala,0,0,45053,1734,6014,232,15311,490
2020-07-29,Guatemala,6,27,45059,1761,4830,230,14187,459
2020-07-30,Guatemala,2546,74,47605,1835,6470,262,15531,485
2020-07-31,Guatemala,1221,32,48826,1867,6634,235,15887,463
2020-08-01,Guatemala,963,57,49789,1924,6506,255,15980,481
2020-08-02,Guatemala,1190,35,50979,1959,6487,290,12937,510
2020-08-03,Guatemala,327,36,51306,1995,6253,261,12629,510
2020-08-04,Guatemala,236,18,51542,2013,6489,279,12503,511
2020-08-05,Guatemala,823,24,52365,2037,7306,276,12136,506
2020-08-06,Guatemala,1144,35,53509,2072,5904,237,12374,499
2020-08-07,Guatemala,830,47,54339,2119,5513,252,12147,487
2020-08-08,Guatemala,931,49,55270,2168,5481,244,11987,499
2020-08-09,Guatemala,919,29,56189,2197,5210,238,11697,528
2020-08-10,Guatemala,416,14,56605,2211,5299,216,11552,477
2020-08-11,Guatemala,382,11,56987,2222,5445,209,11934,488
2020-08-12,Guatemala,979,11,57966,2233,5601,196,12907,472
2020-08-13,Guatemala,1123,34,59089,2267,5580,195,11484,432
2020-08-14,Guatemala,1195,29,60284,2296,5945,177,11458,429
2020-08-15,Guatemala,1144,45,61428,2341,6158,173,11639,417
2020-08-16,Guatemala,885,14,62313,2355,6124,158,11334,396
2020-08-17,Guatemala,249,24,62562,2379,5957,168,11256,384
2020-08-18,Guatemala,382,10,62944,2389,5957,167,11402,376
2020-08-19,Guatemala,903,30,63847,2419,5881,186,11482,382
2020-08-20,Guatemala,1034,48,64881,2467,5792,200,11372,395
2020-08-21,Guatemala,1102,39,65983,2506,5699,210,11644,387
2020-08-22,Guatemala,958,26,66941,2532,5513,191,11671,364
2020-08-23,Guatemala,915,48,67856,2580,5543,225,11667,383
2020-08-24,Guatemala,332,14,68188,2594,5626,215,11583,383
2020-08-25,Guatemala,345,17,68533,2611,5589,222,11546,389
2020-08-26,Guatemala,1118,19,69651,2630,5804,211,11685,397
2020-08-27,Guatemala,1063,32,70714,2662,5833,195,11625,395
2020-08-28,Guatemala,1142,23,71856,2685,5873,179,11572,389
2020-08-29,Guatemala,1065,24,72921,2709,5980,177,11493,368
2020-08-30,Guatemala,758,19,73679,2728,5823,148,11366,373
2020-08-31,Guatemala,233,12,73912,2740,5724,146,11350,361
2020-04-01,Guernsey,15,0,60,0,37,0,0,0
2020-04-02,Guernsey,18,0,78,0,48,0,78,0
2020-04-03,Guernsey,13,0,91,0,57,0,90,0
2020-04-04,Guernsey,23,2,114,2,78,2,113,2
2020-04-05,Guernsey,22,0,136,2,97,2,135,2
2020-04-06,Guernsey,18,1,154,3,109,3,137,3
2020-04-07,Guernsey,11,1,165,4,120,4,145,4
2020-04-08,Guernsey,1,0,166,4,106,4,143,4
2020-04-09,Guernsey,15,1,181,5,103,5,151,5
2020-04-10,Guernsey,10,0,191,5,100,5,157,5
2020-04-11,Guernsey,9,1,200,6,86,4,164,6
2020-04-12,Guernsey,9,0,209,6,73,4,170,6
2020-04-13,Guernsey,9,0,218,6,64,3,173,6
2020-04-14,Guernsey,1,0,219,6,54,2,174,6
2020-04-15,Guernsey,4,1,223,7,57,3,163,7
2020-04-16,Guernsey,0,0,223,7,42,2,145,7
2020-04-17,Guernsey,11,2,234,9,43,4,143,9
2020-04-18,Guernsey,0,0,234,9,34,3,120,7
2020-04-19,Guernsey,5,0,239,9,30,3,103,7
2020-04-20,Guernsey,0,0,239,9,21,3,85,6
2020-04-21,Guernsey,0,1,239,10,20,4,74,6
2020-04-22,Guernsey,0,0,239,10,16,3,73,6
2020-04-23,Guernsey,4,0,243,10,20,3,62,5
2020-04-24,Guernsey,2,0,245,10,11,1,54,5
2020-04-25,Guernsey,0,1,245,11,11,2,45,5
2020-04-26,Guernsey,0,1,245,12,6,3,36,6
2020-04-27,Guernsey,2,1,247,13,8,4,29,7
2020-04-28,Guernsey,0,0,247,13,8,3,28,7
2020-04-29,Guernsey,0,0,247,13,8,3,24,6
2020-04-30,Guernsey,4,0,251,13,8,3,28,6
2020-05-01,Guernsey,0,0,251,13,6,3,17,4
2020-05-02,Guernsey,1,0,252,13,7,2,18,4
2020-05-03,Guernsey,0,0,252,13,7,1,13,4
2020-05-04,Guernsey,0,0,252,13,5,0,13,4
2020-05-05,Guernsey,0,0,252,13,5,0,13,3
2020-05-06,Guernsey,0,0,252,13,5,0,13,3
2020-05-07,Guernsey,0,0,252,13,1,0,9,3
2020-05-08,Guernsey,0,0,252,13,1,0,7,3
2020-05-09,Guernsey,0,0,252,13,0,0,7,2
2020-05-10,Guernsey,0,0,252,13,0,0,7,1
2020-05-11,Guernsey,0,0,252,13,0,0,5,0
2020-05-12,Guernsey,0,0,252,13,0,0,5,0
2020-05-13,Guernsey,0,0,252,13,0,0,5,0
2020-05-14,Guernsey,0,0,252,13,0,0,1,0
2020-05-15,Guernsey,0,0,252,13,0,0,1,0
2020-05-16,Guernsey,0,0,252,13,0,0,0,0
2020-05-17,Guernsey,0,0,252,13,0,0,0,0
2020-05-18,Guernsey,0,0,252,13,0,0,0,0
2020-05-19,Guernsey,0,0,252,13,0,0,0,0
2020-05-20,Guernsey,0,0,252,13,0,0,0,0
2020-05-21,Guernsey,0,0,252,13,0,0,0,0
2020-05-22,Guernsey,0,0,252,13,0,0,0,0
2020-05-23,Guernsey,0,0,252,13,0,0,0,0
2020-05-24,Guernsey,0,0,252,13,0,0,0,0
2020-05-25,Guernsey,0,0,252,13,0,0,0,0
2020-05-26,Guernsey,0,0,252,13,0,0,0,0
2020-05-27,Guernsey,0,0,252,13,0,0,0,0
2020-05-28,Guernsey,0,0,252,13,0,0,0,0
2020-05-29,Guernsey,0,0,252,13,0,0,0,0
2020-05-30,Guernsey,0,0,252,13,0,0,0,0
2020-05-31,Guernsey,0,0,252,13,0,0,0,0
2020-06-01,Guernsey,0,0,252,13,0,0,0,0
2020-06-02,Guernsey,0,0,252,13,0,0,0,0
2020-06-03,Guernsey,0,0,252,13,0,0,0,0
2020-06-04,Guernsey,0,0,252,13,0,0,0,0
2020-06-05,Guernsey,0,0,252,13,0,0,0,0
2020-06-06,Guernsey,0,0,252,13,0,0,0,0
2020-06-07,Guernsey,0,0,252,13,0,0,0,0
2020-06-08,Guernsey,0,0,252,13,0,0,0,0
2020-06-09,Guernsey,0,0,252,13,0,0,0,0
2020-06-10,Guernsey,0,0,252,13,0,0,0,0
2020-06-11,Guernsey,0,0,252,13,0,0,0,0
2020-06-12,Guernsey,0,0,252,13,0,0,0,0
2020-06-13,Guernsey,0,0,252,13,0,0,0,0
2020-06-14,Guernsey,0,0,252,13,0,0,0,0
2020-06-15,Guernsey,0,0,252,13,0,0,0,0
2020-06-16,Guernsey,0,0,252,13,0,0,0,0
2020-06-17,Guernsey,0,0,252,13,0,0,0,0
2020-06-18,Guernsey,0,0,252,13,0,0,0,0
2020-06-19,Guernsey,0,0,252,13,0,0,0,0
2020-06-20,Guernsey,0,0,252,13,0,0,0,0
2020-06-21,Guernsey,0,0,252,13,0,0,0,0
2020-06-22,Guernsey,0,0,252,13,0,0,0,0
2020-06-23,Guernsey,0,0,252,13,0,0,0,0
2020-06-24,Guernsey,0,0,252,13,0,0,0,0
2020-06-25,Guernsey,0,0,252,13,0,0,0,0
2020-06-26,Guernsey,0,0,252,13,0,0,0,0
2020-06-27,Guernsey,0,0,252,13,0,0,0,0
2020-06-28,Guernsey,0,0,252,13,0,0,0,0
2020-06-29,Guernsey,0,0,252,13,0,0,0,0
2020-06-30,Guernsey,0,0,252,13,0,0,0,0
2020-07-01,Guernsey,0,0,252,13,0,0,0,0
2020-07-02,Guernsey,0,0,252,13,0,0,0,0
2020-07-03,Guernsey,0,0,252,13,0,0,0,0
2020-07-04,Guernsey,0,0,252,13,0,0,0,0
2020-07-05,Guernsey,0,0,252,13,0,0,0,0
2020-07-06,Guernsey,0,0,252,13,0,0,0,0
2020-07-07,Guernsey,0,0,252,13,0,0,0,0
2020-07-08,Guernsey,0,0,252,13,0,0,0,0
2020-07-09,Guernsey,0,0,252,13,0,0,0,0
2020-07-10,Guernsey,0,0,252,13,0,0,0,0
2020-07-11,Guernsey,0,0,252,13,0,0,0,0
2020-07-12,Guernsey,0,0,252,13,0,0,0,0
2020-07-13,Guernsey,0,0,252,13,0,0,0,0
2020-07-14,Guernsey,0,0,252,13,0,0,0,0
2020-07-15,Guernsey,0,0,252,13,0,0,0,0
2020-07-16,Guernsey,0,0,252,13,0,0,0,0
2020-07-17,Guernsey,0,0,252,13,0,0,0,0
2020-07-18,Guernsey,0,0,252,13,0,0,0,0
2020-07-19,Guernsey,0,0,252,13,0,0,0,0
2020-07-20,Guernsey,0,0,252,13,0,0,0,0
2020-07-21,Guernsey,0,0,252,13,0,0,0,0
2020-07-22,Guernsey,0,0,252,13,0,0,0,0
2020-07-23,Guernsey,0,0,252,13,0,0,0,0
2020-07-24,Guernsey,0,0,252,13,0,0,0,0
2020-07-25,Guernsey,0,0,252,13,0,0,0,0
2020-07-26,Guernsey,0,0,252,13,0,0,0,0
2020-07-27,Guernsey,0,0,252,13,0,0,0,0
2020-07-28,Guernsey,0,0,252,13,0,0,0,0
2020-07-29,Guernsey,0,0,252,13,0,0,0,0
2020-07-30,Guernsey,0,0,252,13,0,0,0,0
2020-07-31,Guernsey,0,0,252,13,0,0,0,0
2020-08-01,Guernsey,0,0,252,13,0,0,0,0
2020-08-02,Guernsey,0,0,252,13,0,0,0,0
2020-08-03,Guernsey,0,0,252,13,0,0,0,0
2020-08-04,Guernsey,0,0,252,13,0,0,0,0
2020-08-05,Guernsey,0,0,252,13,0,0,0,0
2020-08-06,Guernsey,0,0,252,13,0,0,0,0
2020-08-07,Guernsey,0,0,252,13,0,0,0,0
2020-08-08,Guernsey,0,0,252,13,0,0,0,0
2020-08-09,Guernsey,0,0,252,13,0,0,0,0
2020-08-10,Guernsey,0,0,252,13,0,0,0,0
2020-08-11,Guernsey,0,0,252,13,0,0,0,0
2020-08-12,Guernsey,0,0,252,13,0,0,0,0
2020-08-13,Guernsey,0,0,252,13,0,0,0,0
2020-08-14,Guernsey,0,0,252,13,0,0,0,0
2020-08-15,Guernsey,0,0,252,13,0,0,0,0
2020-08-16,Guernsey,0,0,252,13,0,0,0,0
2020-08-17,Guernsey,0,0,252,13,0,0,0,0
2020-08-18,Guernsey,0,0,252,13,0,0,0,0
2020-08-19,Guernsey,0,0,252,13,0,0,0,0
2020-08-20,Guernsey,0,0,252,13,0,0,0,0
2020-08-21,Guernsey,0,0,252,13,0,0,0,0
2020-08-22,Guernsey,0,0,252,13,0,0,0,0
2020-08-23,Guernsey,0,0,252,13,0,0,0,0
2020-08-24,Guernsey,0,0,252,13,0,0,0,0
2020-08-25,Guernsey,0,0,252,13,0,0,0,0
2020-08-26,Guernsey,0,0,252,13,0,0,0,0
2020-08-27,Guernsey,0,0,252,13,0,0,0,0
2020-08-28,Guernsey,0,0,252,13,0,0,0,0
2020-08-29,Guernsey,0,0,252,13,0,0,0,0
2020-08-30,Guernsey,0,0,252,13,0,0,0,0
2020-08-31,Guernsey,0,0,252,13,0,0,0,0
2020-04-01,Guinea,0,0,16,0,12,0,15,0
2020-04-02,Guinea,14,0,30,0,26,0,29,0
2020-04-03,Guinea,22,0,52,0,47,0,51,0
2020-04-04,Guinea,0,0,52,0,47,0,50,0
2020-04-05,Guinea,59,0,111,0,103,0,109,0
2020-04-06,Guinea,10,0,121,0,113,0,119,0
2020-04-07,Guinea,7,0,128,0,112,0,126,0
2020-04-08,Guinea,16,0,144,0,128,0,140,0
2020-04-09,Guinea,20,0,164,0,134,0,160,0
2020-04-10,Guinea,30,0,194,0,142,0,189,0
2020-04-11,Guinea,18,0,212,0,160,0,207,0
2020-04-12,Guinea,38,0,250,0,139,0,242,0
2020-04-13,Guinea,0,0,250,0,129,0,242,0
2020-04-14,Guinea,69,0,319,0,191,0,303,0
2020-04-15,Guinea,44,0,363,0,219,0,347,0
2020-04-16,Guinea,41,1,404,1,240,1,374,1
2020-04-17,Guinea,34,0,438,1,244,1,386,1
2020-04-18,Guinea,39,2,477,3,265,3,425,3
2020-04-19,Guinea,0,0,477,3,227,3,366,3
2020-04-20,Guinea,102,2,579,5,329,5,458,5
2020-04-21,Guinea,43,0,622,5,303,5,494,5
2020-04-22,Guinea,66,1,688,6,325,6,544,6
2020-04-23,Guinea,73,0,761,6,357,5,597,6
2020-04-24,Guinea,101,0,862,6,424,5,668,6
2020-04-25,Guinea,92,0,954,6,477,3,742,6
2020-04-26,Guinea,42,1,996,7,519,4,746,7
2020-04-27,Guinea,98,0,1094,7,515,2,844,7
2020-04-28,Guinea,69,0,1163,7,541,2,844,7
2020-04-29,Guinea,77,0,1240,7,552,1,877,7
2020-04-30,Guinea,111,0,1351,7,590,1,947,6
2020-05-01,Guinea,144,0,1495,7,633,1,1057,6
2020-05-02,Guinea,42,0,1537,7,583,1,1060,4
2020-05-03,Guinea,49,0,1586,7,590,0,1109,4
2020-05-04,Guinea,0,0,1586,7,492,0,1007,2
2020-05-05,Guinea,124,2,1710,9,547,2,1088,4
2020-05-06,Guinea,101,1,1811,10,571,3,1123,4
2020-05-07,Guinea,45,1,1856,11,505,4,1095,5
2020-05-08,Guinea,71,0,1927,11,432,4,1065,5
2020-05-09,Guinea,82,0,2009,11,472,4,1055,5
2020-05-10,Guinea,33,0,2042,11,456,4,1046,4
2020-05-11,Guinea,104,0,2146,11,560,4,1052,4
2020-05-12,Guinea,67,0,2213,11,503,2,1050,4
2020-05-13,Guinea,0,0,2213,11,402,1,973,4
2020-05-14,Guinea,161,3,2374,14,518,3,1023,7
2020-05-15,Guinea,99,0,2473,14,546,3,978,7
2020-05-16,Guinea,58,1,2531,15,522,4,994,8
2020-05-17,Guinea,127,1,2658,16,616,5,1072,9
2020-05-18,Guinea,0,0,2658,16,512,5,1072,9
2020-05-19,Guinea,138,0,2796,16,583,5,1086,7
2020-05-20,Guinea,67,2,2863,18,650,7,1052,8
2020-05-21,Guinea,0,0,2863,18,489,4,1007,7
2020-05-22,Guinea,204,1,3067,19,594,5,1140,8
2020-05-23,Guinea,0,0,3067,19,536,4,1058,8
2020-05-24,Guinea,109,1,3176,20,518,4,1134,9
2020-05-25,Guinea,99,0,3275,20,617,4,1129,9
2020-05-26,Guinea,0,0,3275,20,479,4,1062,9
2020-05-27,Guinea,83,0,3358,20,495,2,1145,9
2020-05-28,Guinea,88,1,3446,21,583,3,1072,7
2020-05-29,Guinea,107,1,3553,22,486,3,1080,8
2020-05-30,Guinea,103,0,3656,22,589,3,1125,7
2020-05-31,Guinea,50,1,3706,23,530,3,1048,7
2020-06-01,Guinea,65,0,3771,23,496,3,1113,7
2020-06-02,Guinea,73,0,3844,23,569,3,1048,7
2020-06-03,Guinea,0,0,3844,23,486,3,981,5
2020-06-04,Guinea,42,0,3886,23,440,2,1023,5
2020-06-05,Guinea,105,0,3991,23,438,1,924,4
2020-06-06,Guinea,69,0,4060,23,404,1,993,4
2020-06-07,Guinea,57,0,4117,23,411,0,941,3
2020-06-08,Guinea,48,0,4165,23,394,0,890,3
2020-06-09,Guinea,51,0,4216,23,372,0,941,3
2020-06-10,Guinea,42,0,4258,23,414,0,900,3
2020-06-11,Guinea,0,0,4258,23,372,0,812,2
2020-06-12,Guinea,114,0,4372,23,381,0,819,1
2020-06-13,Guinea,54,1,4426,24,366,1,770,2
2020-06-14,Guinea,58,1,4484,25,367,2,778,2
2020-06-15,Guinea,48,0,4532,25,367,2,761,2
2020-06-16,Guinea,40,1,4572,26,356,3,728,3
2020-06-17,Guinea,67,0,4639,26,381,3,795,3
2020-06-18,Guinea,29,0,4668,26,410,3,782,3
2020-06-19,Guinea,173,0,4841,26,469,3,850,3
2020-06-20,Guinea,63,1,4904,27,478,3,844,4
2020-06-21,Guinea,56,0,4960,27,476,2,843,4
2020-06-22,Guinea,28,0,4988,27,456,2,823,4
2020-06-23,Guinea,0,0,4988,27,416,1,772,4
2020-06-24,Guinea,116,2,5104,29,465,3,846,6
2020-06-25,Guinea,70,0,5174,29,506,3,916,6
2020-06-26,Guinea,37,0,5211,29,370,3,839,6
2020-06-27,Guinea,49,0,5260,29,356,2,834,5
2020-06-28,Guinea,31,1,5291,30,331,3,807,5
2020-06-29,Guinea,51,1,5342,31,354,4,810,6
2020-06-30,Guinea,9,0,5351,31,363,4,779,5
2020-07-01,Guinea,40,2,5391,33,287,4,752,7
2020-07-02,Guinea,13,0,5404,33,230,4,736,7
2020-07-03,Guinea,46,0,5450,33,239,4,609,7
2020-07-04,Guinea,71,0,5521,33,261,4,617,6
2020-07-05,Guinea,49,1,5570,34,279,4,610,7
2020-07-06,Guinea,40,0,5610,34,268,3,622,7
2020-07-07,Guinea,26,0,5636,34,285,3,648,7
2020-07-08,Guinea,61,0,5697,34,306,1,593,5
2020-07-09,Guinea,0,0,5697,34,293,1,523,5
2020-07-10,Guinea,184,2,5881,36,431,3,670,7
2020-07-11,Guinea,88,1,5969,37,448,4,709,8
2020-07-12,Guinea,75,0,6044,37,474,3,753,7
2020-07-13,Guinea,97,0,6141,37,531,3,799,6
2020-07-14,Guinea,0,0,6141,37,505,3,790,6
2020-07-15,Guinea,0,0,6141,37,444,3,750,4
2020-07-16,Guinea,135,1,6276,38,579,4,872,5
2020-07-17,Guinea,0,0,6276,38,395,2,826,5
2020-07-18,Guinea,154,1,6430,39,461,2,909,6
2020-07-19,Guinea,61,0,6491,39,447,2,921,5
2020-07-20,Guinea,53,0,6544,39,403,2,934,5
2020-07-21,Guinea,46,1,6590,40,449,3,954,6
2020-07-22,Guinea,62,1,6652,41,511,4,955,7
2020-07-23,Guinea,95,0,6747,41,471,3,1050,7
2020-07-24,Guinea,59,1,6806,42,530,4,925,6
2020-07-25,Guinea,61,0,6867,42,437,3,898,5
2020-07-26,Guinea,60,0,6927,42,436,3,883,5
2020-07-27,Guinea,81,1,7008,43,464,4,867,6
2020-07-28,Guinea,47,2,7055,45,465,5,914,8
2020-07-29,Guinea,71,1,7126,46,474,5,985,9
2020-07-30,Guinea,57,0,7183,46,436,5,907,8
2020-07-31,Guinea,59,0,7242,46,436,4,966,8
2020-08-01,Guinea,66,0,7308,46,441,4,878,7
2020-08-02,Guinea,9,0,7317,46,390,4,826,7
2020-08-03,Guinea,47,0,7364,46,356,3,820,7
2020-08-04,Guinea,0,0,7364,46,309,1,774,6
2020-08-05,Guinea,125,2,7489,48,363,2,837,7
2020-08-06,Guinea,86,1,7575,49,392,3,828,8
2020-08-07,Guinea,89,0,7664,49,422,3,858,7
2020-08-08,Guinea,113,1,7777,50,469,4,910,8
2020-08-09,Guinea,98,0,7875,50,558,4,948,8
2020-08-10,Guinea,55,0,7930,50,566,4,922,7
2020-08-11,Guinea,0,0,7930,50,566,4,875,5
2020-08-12,Guinea,88,0,8018,50,529,2,892,4
2020-08-13,Guinea,98,0,8116,50,541,1,933,4
2020-08-14,Guinea,82,0,8198,50,534,1,956,4
2020-08-15,Guinea,62,0,8260,50,483,0,952,4
2020-08-16,Guinea,83,0,8343,50,468,0,1026,4
2020-08-17,Guinea,139,1,8482,51,552,1,1118,5
2020-08-18,Guinea,138,0,8620,51,690,1,1256,5
2020-08-19,Guinea,95,1,8715,52,697,2,1226,4
2020-08-20,Guinea,77,1,8792,53,676,3,1217,4
2020-08-21,Guinea,84,0,8876,53,678,3,1212,4
2020-08-22,Guinea,56,0,8932,53,672,3,1155,3
2020-08-23,Guinea,0,0,8932,53,589,3,1057,3
2020-08-24,Guinea,35,0,8967,53,485,2,1037,3
2020-08-25,Guinea,46,1,9013,54,393,3,1083,4
2020-08-26,Guinea,115,3,9128,57,413,5,1110,7
2020-08-27,Guinea,39,0,9167,57,375,4,1051,7
2020-08-28,Guinea,46,1,9213,58,337,5,1015,8
2020-08-29,Guinea,38,1,9251,59,319,6,991,9
2020-08-30,Guinea,0,0,9251,59,319,6,908,9
2020-08-31,Guinea,120,0,9371,59,404,6,889,8
2020-04-01,Guinea-Bissau,6,0,8,0,0,0,0,0
2020-04-02,Guinea-Bissau,1,0,9,0,9,0,0,0
2020-04-03,Guinea-Bissau,0,0,9,0,7,0,0,0
2020-04-04,Guinea-Bissau,6,0,15,0,13,0,0,0
2020-04-05,Guinea-Bissau,3,0,18,0,16,0,0,0
2020-04-06,Guinea-Bissau,0,0,18,0,16,0,0,0
2020-04-07,Guinea-Bissau,15,0,33,0,31,0,0,0
2020-04-08,Guinea-Bissau,0,0,33,0,25,0,0,0
2020-04-09,Guinea-Bissau,0,0,33,0,24,0,33,0
2020-04-10,Guinea-Bissau,2,0,35,0,26,0,33,0
2020-04-11,Guinea-Bissau,0,0,35,0,20,0,33,0
2020-04-12,Guinea-Bissau,3,0,38,0,20,0,36,0
2020-04-13,Guinea-Bissau,1,0,39,0,21,0,37,0
2020-04-14,Guinea-Bissau,0,0,39,0,6,0,37,0
2020-04-15,Guinea-Bissau,1,0,40,0,7,0,32,0
2020-04-16,Guinea-Bissau,3,0,43,0,10,0,34,0
2020-04-17,Guinea-Bissau,3,0,46,0,11,0,37,0
2020-04-18,Guinea-Bissau,4,0,50,0,15,0,35,0
2020-04-19,Guinea-Bissau,0,0,50,0,12,0,32,0
2020-04-20,Guinea-Bissau,0,0,50,0,11,0,32,0
2020-04-21,Guinea-Bissau,0,0,50,0,11,0,17,0
2020-04-22,Guinea-Bissau,0,0,50,0,10,0,17,0
2020-04-23,Guinea-Bissau,0,0,50,0,7,0,17,0
2020-04-24,Guinea-Bissau,2,0,52,0,6,0,17,0
2020-04-25,Guinea-Bissau,0,0,52,0,2,0,17,0
2020-04-26,Guinea-Bissau,0,0,52,0,2,0,14,0
2020-04-27,Guinea-Bissau,1,1,53,1,3,1,14,1
2020-04-28,Guinea-Bissau,20,0,73,1,23,1,34,1
2020-04-29,Guinea-Bissau,0,0,73,1,23,1,33,1
2020-04-30,Guinea-Bissau,4,0,77,1,27,1,34,1
2020-05-01,Guinea-Bissau,128,0,205,1,153,1,159,1
2020-05-02,Guinea-Bissau,52,0,257,1,205,1,207,1
2020-05-03,Guinea-Bissau,0,0,257,1,205,1,207,1
2020-05-04,Guinea-Bissau,35,1,292,2,239,1,242,2
2020-05-05,Guinea-Bissau,121,0,413,2,340,1,363,2
2020-05-06,Guinea-Bissau,62,0,475,2,402,1,425,2
2020-05-07,Guinea-Bissau,0,0,475,2,398,1,425,2
2020-05-08,Guinea-Bissau,89,0,564,2,359,1,512,2
2020-05-09,Guinea-Bissau,30,0,594,2,337,1,542,2
2020-05-10,Guinea-Bissau,47,1,641,3,384,2,589,3
2020-05-11,Guinea-Bissau,85,0,726,3,434,1,673,2
2020-05-12,Guinea-Bissau,35,0,761,3,348,1,688,2
2020-05-13,Guinea-Bissau,59,0,820,3,345,1,747,2
2020-05-14,Guinea-Bissau,0,0,820,3,345,1,743,2
2020-05-15,Guinea-Bissau,93,0,913,3,349,1,708,2
2020-05-16,Guinea-Bissau,0,0,913,3,319,1,656,2
2020-05-17,Guinea-Bissau,0,0,913,3,272,0,656,2
2020-05-18,Guinea-Bissau,77,1,990,4,264,1,698,2
2020-05-19,Guinea-Bissau,0,0,990,4,229,1,577,2
2020-05-20,Guinea-Bissau,48,2,1038,6,218,3,563,4
2020-05-21,Guinea-Bissau,0,0,1038,6,218,3,563,4
2020-05-22,Guinea-Bissau,51,0,1089,6,176,3,525,4
2020-05-23,Guinea-Bissau,0,0,1089,6,176,3,495,4
2020-05-24,Guinea-Bissau,25,0,1114,6,201,3,473,3
2020-05-25,Guinea-Bissau,59,0,1173,6,183,2,447,3
2020-05-26,Guinea-Bissau,0,0,1173,6,183,2,412,3
2020-05-27,Guinea-Bissau,0,0,1173,6,135,0,353,3
2020-05-28,Guinea-Bissau,5,1,1178,7,140,1,358,4
2020-05-29,Guinea-Bissau,0,0,1178,7,89,1,265,4
2020-05-30,Guinea-Bissau,78,1,1256,8,167,2,343,5
2020-05-31,Guinea-Bissau,0,0,1256,8,142,2,343,5
2020-06-01,Guinea-Bissau,66,0,1322,8,149,2,332,4
2020-06-02,Guinea-Bissau,17,0,1339,8,166,2,349,4
2020-06-03,Guinea-Bissau,0,0,1339,8,166,2,301,2
2020-06-04,Guinea-Bissau,0,0,1339,8,161,1,301,2
2020-06-05,Guinea-Bissau,7,1,1346,9,168,2,257,3
2020-06-06,Guinea-Bissau,22,3,1368,12,112,4,279,6
2020-06-07,Guinea-Bissau,0,0,1368,12,112,4,254,6
2020-06-08,Guinea-Bissau,0,0,1368,12,46,4,195,6
2020-06-09,Guinea-Bissau,21,0,1389,12,50,4,216,6
2020-06-10,Guinea-Bissau,0,0,1389,12,50,4,216,6
2020-06-11,Guinea-Bissau,0,0,1389,12,50,4,211,5
2020-06-12,Guinea-Bissau,0,0,1389,12,43,3,211,5
2020-06-13,Guinea-Bissau,0,0,1389,12,21,0,133,4
2020-06-14,Guinea-Bissau,71,3,1460,15,92,3,204,7
2020-06-15,Guinea-Bissau,0,0,1460,15,92,3,138,7
2020-06-16,Guinea-Bissau,0,0,1460,15,71,3,121,7
2020-06-17,Guinea-Bissau,32,0,1492,15,103,3,153,7
2020-06-18,Guinea-Bissau,0,0,1492,15,103,3,153,7
2020-06-19,Guinea-Bissau,20,0,1512,15,123,3,166,6
2020-06-20,Guinea-Bissau,0,0,1512,15,123,3,144,3
2020-06-21,Guinea-Bissau,29,2,1541,17,81,2,173,5
2020-06-22,Guinea-Bissau,0,0,1541,17,81,2,173,5
2020-06-23,Guinea-Bissau,15,2,1556,19,96,4,167,7
2020-06-24,Guinea-Bissau,0,0,1556,19,64,4,167,7
2020-06-25,Guinea-Bissau,0,0,1556,19,64,4,167,7
2020-06-26,Guinea-Bissau,0,0,1556,19,44,4,167,7
2020-06-27,Guinea-Bissau,0,0,1556,19,44,4,167,7
2020-06-28,Guinea-Bissau,58,2,1614,21,73,4,154,6
2020-06-29,Guinea-Bissau,0,0,1614,21,73,4,154,6
2020-06-30,Guinea-Bissau,0,0,1614,21,58,2,154,6
2020-07-01,Guinea-Bissau,40,3,1654,24,98,5,162,9
2020-07-02,Guinea-Bissau,0,0,1654,24,98,5,162,9
2020-07-03,Guinea-Bissau,0,0,1654,24,98,5,142,9
2020-07-04,Guinea-Bissau,56,0,1710,24,154,5,198,9
2020-07-05,Guinea-Bissau,55,1,1765,25,151,4,224,8
2020-07-06,Guinea-Bissau,0,0,1765,25,151,4,224,8
2020-07-07,Guinea-Bissau,0,0,1765,25,151,4,209,6
2020-07-08,Guinea-Bissau,25,0,1790,25,136,1,234,6
2020-07-09,Guinea-Bissau,0,0,1790,25,136,1,234,6
2020-07-10,Guinea-Bissau,0,0,1790,25,136,1,234,6
2020-07-11,Guinea-Bissau,0,0,1790,25,80,1,234,6
2020-07-12,Guinea-Bissau,52,0,1842,25,77,0,228,4
2020-07-13,Guinea-Bissau,0,0,1842,25,77,0,228,4
2020-07-14,Guinea-Bissau,0,0,1842,25,77,0,228,4
2020-07-15,Guinea-Bissau,60,1,1902,26,112,1,248,2
2020-07-16,Guinea-Bissau,0,0,1902,26,112,1,248,2
2020-07-17,Guinea-Bissau,25,0,1927,26,137,1,273,2
2020-07-18,Guinea-Bissau,0,0,1927,26,137,1,217,2
2020-07-19,Guinea-Bissau,0,0,1927,26,85,1,162,1
2020-07-20,Guinea-Bissau,0,0,1927,26,85,1,162,1
2020-07-21,Guinea-Bissau,23,0,1950,26,108,1,185,1
2020-07-22,Guinea-Bissau,4,0,1954,26,52,0,164,1
2020-07-23,Guinea-Bissau,0,0,1954,26,52,0,164,1
2020-07-24,Guinea-Bissau,0,0,1954,26,27,0,164,1
2020-07-25,Guinea-Bissau,0,0,1954,26,27,0,164,1
2020-07-26,Guinea-Bissau,0,0,1954,26,27,0,112,1
2020-07-27,Guinea-Bissau,0,0,1954,26,27,0,112,1
2020-07-28,Guinea-Bissau,0,0,1954,26,4,0,112,1
2020-07-29,Guinea-Bissau,0,0,1954,26,0,0,52,0
2020-07-30,Guinea-Bissau,0,0,1954,26,0,0,52,0
2020-07-31,Guinea-Bissau,27,0,1981,26,27,0,54,0
2020-08-01,Guinea-Bissau,0,0,1981,26,27,0,54,0
2020-08-02,Guinea-Bissau,0,0,1981,26,27,0,54,0
2020-08-03,Guinea-Bissau,0,0,1981,26,27,0,54,0
2020-08-04,Guinea-Bissau,0,1,1981,27,27,1,31,1
2020-08-05,Guinea-Bissau,51,0,2032,27,78,1,78,1
2020-08-06,Guinea-Bissau,0,0,2032,27,78,1,78,1
2020-08-07,Guinea-Bissau,0,0,2032,27,51,1,78,1
2020-08-08,Guinea-Bissau,0,0,2032,27,51,1,78,1
2020-08-09,Guinea-Bissau,20,2,2052,29,71,3,98,3
2020-08-10,Guinea-Bissau,0,0,2052,29,71,3,98,3
2020-08-11,Guinea-Bissau,0,0,2052,29,71,2,98,3
2020-08-12,Guinea-Bissau,0,0,2052,29,20,2,98,3
2020-08-13,Guinea-Bissau,0,0,2052,29,20,2,98,3
2020-08-14,Guinea-Bissau,65,4,2117,33,85,6,136,7
2020-08-15,Guinea-Bissau,0,0,2117,33,85,6,136,7
2020-08-16,Guinea-Bissau,0,0,2117,33,65,4,136,7
2020-08-17,Guinea-Bissau,0,0,2117,33,65,4,136,7
2020-08-18,Guinea-Bissau,0,0,2117,33,65,4,136,6
2020-08-19,Guinea-Bissau,0,0,2117,33,65,4,85,6
2020-08-20,Guinea-Bissau,0,0,2117,33,65,4,85,6
2020-08-21,Guinea-Bissau,0,0,2117,33,0,0,85,6
2020-08-22,Guinea-Bissau,32,0,2149,33,32,0,117,6
2020-08-23,Guinea-Bissau,0,0,2149,33,32,0,97,4
2020-08-24,Guinea-Bissau,0,0,2149,33,32,0,97,4
2020-08-25,Guinea-Bissau,0,0,2149,33,32,0,97,4
2020-08-26,Guinea-Bissau,0,0,2149,33,32,0,97,4
2020-08-27,Guinea-Bissau,0,0,2149,33,32,0,97,4
2020-08-28,Guinea-Bissau,0,0,2149,33,32,0,32,0
2020-08-29,Guinea-Bissau,0,0,2149,33,0,0,32,0
2020-08-30,Guinea-Bissau,56,0,2205,33,56,0,88,0
2020-08-31,Guinea-Bissau,0,1,2205,34,56,1,88,1
2020-04-01,Guyana,4,1,12,2,7,1,8,1
2020-04-02,Guyana,7,2,19,4,14,3,14,3
2020-04-03,Guyana,0,0,19,4,14,3,14,3
2020-04-04,Guyana,4,0,23,4,18,3,18,3
2020-04-05,Guyana,1,0,24,4,16,3,19,3
2020-04-06,Guyana,5,0,29,4,21,3,24,3
2020-04-07,Guyana,2,1,31,5,23,4,26,4
2020-04-08,Guyana,2,0,33,5,21,3,28,4
2020-04-09,Guyana,4,1,37,6,18,2,32,5
2020-04-10,Guyana,0,0,37,6,18,2,32,5
2020-04-11,Guyana,3,0,40,6,17,2,35,5
2020-04-12,Guyana,5,0,45,6,21,2,37,5
2020-04-13,Guyana,0,0,45,6,16,2,37,5
2020-04-14,Guyana,2,0,47,6,16,1,39,5
2020-04-15,Guyana,1,0,48,6,15,1,36,4
2020-04-16,Guyana,7,0,55,6,18,0,36,2
2020-04-17,Guyana,2,0,57,6,20,0,38,2
2020-04-18,Guyana,6,0,63,6,23,0,40,2
2020-04-19,Guyana,0,1,63,7,18,1,39,3
2020-04-20,Guyana,2,0,65,7,20,1,36,3
2020-04-21,Guyana,1,0,66,7,19,1,35,2
2020-04-22,Guyana,1,0,67,7,19,1,34,2
2020-04-23,Guyana,0,0,67,7,12,1,30,1
2020-04-24,Guyana,3,0,70,7,13,1,33,1
2020-04-25,Guyana,3,1,73,8,10,2,33,2
2020-04-26,Guyana,1,0,74,8,11,1,29,2
2020-04-27,Guyana,0,0,74,8,9,1,29,2
2020-04-28,Guyana,0,0,74,8,8,1,27,2
2020-04-29,Guyana,1,0,75,8,8,1,27,2
2020-04-30,Guyana,3,0,78,8,11,1,23,2
2020-05-01,Guyana,4,1,82,9,12,2,25,3
2020-05-02,Guyana,0,0,82,9,9,1,19,3
2020-05-03,Guyana,0,0,82,9,8,1,19,2
2020-05-04,Guyana,0,0,82,9,8,1,17,2
2020-05-05,Guyana,10,0,92,9,18,1,26,2
2020-05-06,Guyana,1,1,93,10,18,2,26,3
2020-05-07,Guyana,0,0,93,10,15,2,26,3
2020-05-08,Guyana,0,0,93,10,11,1,23,3
2020-05-09,Guyana,1,0,94,10,12,1,21,2
2020-05-10,Guyana,3,0,97,10,15,1,23,2
2020-05-11,Guyana,7,0,104,10,22,1,30,2
2020-05-12,Guyana,5,0,109,10,17,1,35,2
2020-05-13,Guyana,4,0,113,10,20,0,38,2
2020-05-14,Guyana,0,0,113,10,20,0,35,2
2020-05-15,Guyana,0,0,113,10,20,0,31,1
2020-05-16,Guyana,3,0,116,10,22,0,34,1
2020-05-17,Guyana,1,0,117,10,20,0,35,1
2020-05-18,Guyana,0,0,117,10,13,0,35,1
2020-05-19,Guyana,7,0,124,10,15,0,32,1
2020-05-20,Guyana,1,0,125,10,12,0,32,0
2020-05-21,Guyana,0,0,125,10,12,0,32,0
2020-05-22,Guyana,2,0,127,10,14,0,34,0
2020-05-23,Guyana,0,0,127,10,11,0,33,0
2020-05-24,Guyana,0,0,127,10,10,0,30,0
2020-05-25,Guyana,8,0,135,10,18,0,31,0
2020-05-26,Guyana,2,1,137,11,13,1,28,1
2020-05-27,Guyana,2,0,139,11,14,1,26,1
2020-05-28,Guyana,0,0,139,11,14,1,26,1
2020-05-29,Guyana,11,0,150,11,23,1,37,1
2020-05-30,Guyana,0,0,150,11,23,1,34,1
2020-05-31,Guyana,2,1,152,12,25,2,35,2
2020-06-01,Guyana,1,0,153,12,18,2,36,2
2020-06-02,Guyana,0,0,153,12,16,1,29,2
2020-06-03,Guyana,0,0,153,12,14,1,28,2
2020-06-04,Guyana,0,0,153,12,14,1,28,2
2020-06-05,Guyana,0,0,153,12,3,1,26,2
2020-06-06,Guyana,0,0,153,12,3,1,26,2
2020-06-07,Guyana,1,0,154,12,2,0,27,2
2020-06-08,Guyana,0,0,154,12,1,0,19,2
2020-06-09,Guyana,0,0,154,12,1,0,17,1
2020-06-10,Guyana,2,0,156,12,3,0,17,1
2020-06-11,Guyana,0,0,156,12,3,0,17,1
2020-06-12,Guyana,2,0,158,12,5,0,8,1
2020-06-13,Guyana,1,0,159,12,6,0,9,1
2020-06-14,Guyana,0,0,159,12,5,0,7,0
2020-06-15,Guyana,0,0,159,12,5,0,6,0
2020-06-16,Guyana,0,0,159,12,5,0,6,0
2020-06-17,Guyana,12,0,171,12,15,0,18,0
2020-06-18,Guyana,0,0,171,12,15,0,18,0
2020-06-19,Guyana,12,0,183,12,25,0,30,0
2020-06-20,Guyana,0,0,183,12,24,0,30,0
2020-06-21,Guyana,0,0,183,12,24,0,29,0
2020-06-22,Guyana,1,0,184,12,25,0,30,0
2020-06-23,Guyana,21,0,205,12,46,0,51,0
2020-06-24,Guyana,1,0,206,12,35,0,50,0
2020-06-25,Guyana,3,0,209,12,38,0,53,0
2020-06-26,Guyana,6,0,215,12,32,0,57,0
2020-06-27,Guyana,15,0,230,12,47,0,71,0
2020-06-28,Guyana,0,0,230,12,47,0,71,0
2020-06-29,Guyana,0,0,230,12,46,0,71,0
2020-06-30,Guyana,5,0,235,12,30,0,76,0
2020-07-01,Guyana,10,0,245,12,39,0,74,0
2020-07-02,Guyana,3,1,248,13,39,1,77,1
2020-07-03,Guyana,2,1,250,14,35,2,67,2
2020-07-04,Guyana,6,0,256,14,26,2,73,2
2020-07-05,Guyana,16,0,272,14,42,2,89,2
2020-07-06,Guyana,1,1,273,15,43,3,89,3
2020-07-07,Guyana,5,1,278,16,43,4,73,4
2020-07-08,Guyana,7,0,285,16,40,4,79,4
2020-07-09,Guyana,0,0,285,16,37,3,76,4
2020-07-10,Guyana,1,0,286,16,36,2,71,4
2020-07-11,Guyana,4,0,290,16,34,2,60,4
2020-07-12,Guyana,1,1,291,17,19,3,61,5
2020-07-13,Guyana,6,0,297,17,24,2,67,5
2020-07-14,Guyana,3,0,300,17,22,1,65,5
2020-07-15,Guyana,8,0,308,17,23,1,63,5
2020-07-16,Guyana,5,1,313,18,28,2,65,5
2020-07-17,Guyana,1,1,314,19,28,3,64,5
2020-07-18,Guyana,1,0,315,19,25,3,59,5
2020-07-19,Guyana,12,0,327,19,36,2,55,5
2020-07-20,Guyana,9,0,336,19,39,2,63,4
2020-07-21,Guyana,1,0,337,19,37,2,59,3
2020-07-22,Guyana,2,0,339,19,31,2,54,3
2020-07-23,Guyana,11,0,350,19,37,1,65,3
2020-07-24,Guyana,1,0,351,19,37,0,65,3
2020-07-25,Guyana,1,1,352,20,37,1,62,4
2020-07-26,Guyana,8,0,360,20,33,1,69,3
2020-07-27,Guyana,10,0,370,20,34,1,73,3
2020-07-28,Guyana,19,0,389,20,52,1,89,3
2020-07-29,Guyana,7,0,396,20,57,1,88,3
2020-07-30,Guyana,2,0,398,20,48,1,85,2
2020-07-31,Guyana,3,0,401,20,50,1,87,1
2020-08-01,Guyana,12,0,413,20,61,0,98,1
2020-08-02,Guyana,17,0,430,20,70,0,103,1
2020-08-03,Guyana,44,1,474,21,104,1,138,2
2020-08-04,Guyana,0,0,474,21,85,1,137,2
2020-08-05,Guyana,23,1,497,22,101,2,158,3
2020-08-06,Guyana,12,0,509,22,111,2,159,3
2020-08-07,Guyana,29,0,538,22,137,2,187,3
2020-08-08,Guyana,0,0,538,22,125,2,186,2
2020-08-09,Guyana,16,0,554,22,124,2,194,2
2020-08-10,Guyana,14,0,568,22,94,1,198,2
2020-08-11,Guyana,0,0,568,22,94,1,179,2
2020-08-12,Guyana,0,0,568,22,71,0,172,2
2020-08-13,Guyana,55,0,623,22,114,0,225,2
2020-08-14,Guyana,8,0,631,22,93,0,230,2
2020-08-15,Guyana,18,0,649,22,111,0,236,2
2020-08-16,Guyana,25,0,674,22,120,0,244,2
2020-08-17,Guyana,35,1,709,23,141,1,235,2
2020-08-18,Guyana,0,0,709,23,141,1,235,2
2020-08-19,Guyana,28,2,737,25,169,3,240,3
2020-08-20,Guyana,39,2,776,27,153,5,267,5
2020-08-21,Guyana,70,2,846,29,215,7,308,7
2020-08-22,Guyana,35,1,881,30,232,8,343,8
2020-08-23,Guyana,44,1,925,31,251,9,371,9
2020-08-24,Guyana,30,0,955,31,246,8,387,9
2020-08-25,Guyana,0,0,955,31,246,8,387,9
2020-08-26,Guyana,105,0,1060,31,323,6,492,9
2020-08-27,Guyana,33,0,1093,31,317,4,470,9
2020-08-28,Guyana,47,1,1140,32,294,3,509,10
2020-08-29,Guyana,40,3,1180,35,299,5,531,13
2020-08-30,Guyana,4,0,1184,35,259,4,510,13
2020-08-31,Guyana,50,2,1234,37,279,6,525,14
2020-04-01,Haiti,0,0,15,0,8,0,0,0
2020-04-02,Haiti,1,0,16,0,8,0,16,0
2020-04-03,Haiti,2,0,18,0,10,0,16,0
2020-04-04,Haiti,0,0,18,0,10,0,16,0
2020-04-05,Haiti,3,0,21,0,13,0,19,0
2020-04-06,Haiti,0,0,21,0,6,0,19,0
2020-04-07,Haiti,3,1,24,1,9,1,19,1
2020-04-08,Haiti,1,0,25,1,10,1,18,1
2020-04-09,Haiti,2,0,27,1,11,1,19,1
2020-04-10,Haiti,3,1,30,2,12,2,22,2
2020-04-11,Haiti,1,0,31,2,13,2,23,2
2020-04-12,Haiti,2,0,33,2,12,2,25,2
2020-04-13,Haiti,0,1,33,3,12,3,18,3
2020-04-14,Haiti,7,0,40,3,16,2,25,3
2020-04-15,Haiti,0,0,40,3,15,2,25,3
2020-04-16,Haiti,1,0,41,3,14,2,25,3
2020-04-17,Haiti,2,0,43,3,13,1,25,3
2020-04-18,Haiti,1,0,44,3,13,1,26,3
2020-04-19,Haiti,0,0,44,3,11,1,23,3
2020-04-20,Haiti,3,0,47,3,14,0,26,3
2020-04-21,Haiti,10,0,57,3,17,0,33,2
2020-04-22,Haiti,1,1,58,4,18,1,33,3
2020-04-23,Haiti,4,0,62,4,21,1,35,3
2020-04-24,Haiti,10,1,72,5,29,2,42,3
2020-04-25,Haiti,0,0,72,5,28,2,41,3
2020-04-26,Haiti,0,1,72,6,28,3,39,4
2020-04-27,Haiti,0,0,72,6,25,3,39,3
2020-04-28,Haiti,4,0,76,6,19,3,36,3
2020-04-29,Haiti,0,0,76,6,18,2,36,3
2020-04-30,Haiti,0,0,76,6,14,2,35,3
2020-05-01,Haiti,5,2,81,8,9,3,38,5
2020-05-02,Haiti,4,0,85,8,13,3,41,5
2020-05-03,Haiti,0,0,85,8,13,2,41,5
2020-05-04,Haiti,0,0,85,8,13,2,38,5
2020-05-05,Haiti,15,3,100,11,24,5,43,8
2020-05-06,Haiti,1,1,101,12,25,6,43,8
2020-05-07,Haiti,7,0,108,12,32,6,46,8
2020-05-08,Haiti,21,0,129,12,48,4,57,7
2020-05-09,Haiti,17,0,146,12,61,4,74,7
2020-05-10,Haiti,5,0,151,12,66,4,79,6
2020-05-11,Haiti,31,3,182,15,97,7,110,9
2020-05-12,Haiti,27,1,209,16,109,5,133,10
2020-05-13,Haiti,10,2,219,18,118,6,143,12
2020-05-14,Haiti,15,0,234,18,126,6,158,12
2020-05-15,Haiti,39,2,273,20,144,8,192,12
2020-05-16,Haiti,37,0,310,20,164,8,225,12
2020-05-17,Haiti,48,0,358,20,207,8,273,12
2020-05-18,Haiti,98,0,456,20,274,5,371,12
2020-05-19,Haiti,77,1,533,21,324,5,433,10
2020-05-20,Haiti,63,1,596,22,377,4,495,10
2020-05-21,Haiti,0,0,596,22,362,4,488,10
2020-05-22,Haiti,138,3,734,25,461,5,605,13
2020-05-23,Haiti,78,0,812,25,502,5,666,13
2020-05-24,Haiti,53,1,865,26,507,6,714,14
2020-05-25,Haiti,93,1,958,27,502,7,776,12
2020-05-26,Haiti,105,4,1063,31,530,10,854,15
2020-05-27,Haiti,111,2,1174,33,578,11,955,15
2020-05-28,Haiti,146,1,1320,34,724,12,1086,16
2020-05-29,Haiti,123,1,1443,35,709,10,1170,15
2020-05-30,Haiti,141,0,1584,35,772,10,1274,15
2020-05-31,Haiti,281,6,1865,41,1000,15,1507,21
2020-06-01,Haiti,259,3,2124,44,1166,17,1668,24
2020-06-02,Haiti,102,1,2226,45,1163,14,1693,24
2020-06-03,Haiti,281,3,2507,48,1333,15,1911,26
2020-06-04,Haiti,133,2,2640,50,1320,16,2044,28
2020-06-05,Haiti,0,0,2640,50,1197,15,1906,25
2020-06-06,Haiti,284,0,2924,50,1340,15,2112,25
2020-06-07,Haiti,148,0,3072,50,1207,9,2207,24
2020-06-08,Haiti,262,1,3334,51,1210,7,2376,24
2020-06-09,Haiti,204,3,3538,54,1312,9,2475,23
2020-06-10,Haiti,124,2,3662,56,1155,8,2488,23
2020-06-11,Haiti,134,2,3796,58,1156,8,2476,24
2020-06-12,Haiti,145,6,3941,64,1301,14,2498,29
2020-06-13,Haiti,0,0,3941,64,1017,14,2357,29
2020-06-14,Haiti,224,6,4165,70,1093,20,2300,29
2020-06-15,Haiti,144,3,4309,73,975,22,2185,29
2020-06-16,Haiti,132,3,4441,76,903,22,2215,31
2020-06-17,Haiti,106,4,4547,80,885,24,2040,32
2020-06-18,Haiti,141,2,4688,82,892,24,2048,32
2020-06-19,Haiti,228,2,4916,84,975,20,2276,34
2020-06-20,Haiti,64,3,4980,87,1039,23,2056,37
2020-06-21,Haiti,97,1,5077,88,912,18,2005,38
2020-06-22,Haiti,134,0,5211,88,902,15,1877,37
2020-06-23,Haiti,0,0,5211,88,770,12,1673,34
2020-06-24,Haiti,113,1,5324,89,777,9,1662,33
2020-06-25,Haiti,105,3,5429,92,741,10,1633,34
2020-06-26,Haiti,114,4,5543,96,627,12,1602,32
2020-06-27,Haiti,179,2,5722,98,742,11,1781,34
2020-06-28,Haiti,55,2,5777,100,700,12,1612,30
2020-06-29,Haiti,70,4,5847,104,636,16,1538,31
2020-06-30,Haiti,86,1,5933,105,722,17,1492,29
2020-07-01,Haiti,42,0,5975,105,651,16,1428,25
2020-07-02,Haiti,65,2,6040,107,611,15,1352,25
2020-07-03,Haiti,61,3,6101,110,558,14,1185,26
2020-07-04,Haiti,129,0,6230,110,508,12,1250,23
2020-07-05,Haiti,64,3,6294,113,517,13,1217,25
2020-07-06,Haiti,39,0,6333,113,486,9,1122,25
2020-07-07,Haiti,38,0,6371,113,438,8,1160,25
2020-07-08,Haiti,61,4,6432,117,457,12,1108,28
2020-07-09,Haiti,54,6,6486,123,446,16,1057,31
2020-07-10,Haiti,0,0,6486,123,385,13,943,27
2020-07-11,Haiti,131,12,6617,135,387,25,895,37
2020-07-12,Haiti,73,4,6690,139,396,26,913,39
2020-07-13,Haiti,37,0,6727,139,394,26,880,35
2020-07-14,Haiti,0,2,6727,141,356,28,794,36
2020-07-15,Haiti,104,2,6831,143,399,26,856,38
2020-07-16,Haiti,71,2,6902,145,416,22,862,38
2020-07-17,Haiti,46,0,6948,145,462,22,847,35
2020-07-18,Haiti,27,1,6975,146,358,11,745,36
2020-07-19,Haiti,78,0,7053,146,363,7,759,33
2020-07-20,Haiti,0,0,7053,146,326,7,720,33
2020-07-21,Haiti,10,0,7063,146,336,5,692,33
2020-07-22,Haiti,83,8,7146,154,315,11,714,37
2020-07-23,Haiti,21,0,7167,154,265,9,681,31
2020-07-24,Haiti,30,0,7197,154,249,9,711,31
2020-07-25,Haiti,63,2,7260,156,285,10,643,21
2020-07-26,Haiti,37,0,7297,156,244,10,607,17
2020-07-27,Haiti,18,1,7315,157,262,11,588,18
2020-07-28,Haiti,25,1,7340,158,277,12,613,17
2020-07-29,Haiti,31,0,7371,158,225,4,540,15
2020-07-30,Haiti,7,1,7378,159,211,5,476,14
2020-07-31,Haiti,34,2,7412,161,215,7,464,16
2020-08-01,Haiti,12,0,7424,161,164,5,449,15
2020-08-02,Haiti,44,4,7468,165,171,9,415,19
2020-08-03,Haiti,8,0,7476,165,161,8,423,19
2020-08-04,Haiti,35,1,7511,166,171,8,448,20
2020-08-05,Haiti,21,5,7532,171,161,13,386,17
2020-08-06,Haiti,12,0,7544,171,166,12,377,17
2020-08-07,Haiti,38,0,7582,171,170,10,385,17
2020-08-08,Haiti,17,6,7599,177,175,16,339,21
2020-08-09,Haiti,12,5,7611,182,143,17,314,26
2020-08-10,Haiti,23,1,7634,183,158,18,319,26
2020-08-11,Haiti,15,0,7649,183,138,17,309,25
2020-08-12,Haiti,0,0,7649,183,117,12,278,25
2020-08-13,Haiti,94,4,7743,187,199,16,365,28
2020-08-14,Haiti,67,5,7810,192,228,21,398,31
2020-08-15,Haiti,21,4,7831,196,232,19,407,35
2020-08-16,Haiti,0,0,7831,196,220,14,363,31
2020-08-17,Haiti,48,0,7879,196,245,13,403,31
2020-08-18,Haiti,18,0,7897,196,248,13,386,30
2020-08-19,Haiti,24,0,7921,196,272,13,389,25
2020-08-20,Haiti,28,0,7949,196,206,9,405,25
2020-08-21,Haiti,48,0,7997,196,187,4,415,25
2020-08-22,Haiti,19,0,8016,196,185,0,417,19
2020-08-23,Haiti,34,0,8050,196,219,0,439,14
2020-08-24,Haiti,32,0,8082,196,203,0,448,13
2020-08-25,Haiti,28,0,8110,196,213,0,461,13
2020-08-26,Haiti,2,0,8112,196,191,0,463,13
2020-08-27,Haiti,39,4,8151,200,202,4,408,13
2020-08-28,Haiti,0,0,8151,200,154,4,341,8
2020-08-29,Haiti,10,1,8161,201,145,5,330,5
2020-08-30,Haiti,48,0,8209,201,159,5,378,5
2020-08-31,Haiti,0,0,8209,201,127,5,330,5
2020-04-01,Honduras,31,3,172,10,136,10,163,10
2020-04-02,Honduras,47,4,219,14,167,14,207,14
2020-04-03,Honduras,3,1,222,15,155,14,198,15
2020-04-04,Honduras,42,0,264,15,169,14,240,15
2020-04-05,Honduras,4,7,268,22,158,20,242,22
2020-04-06,Honduras,30,0,298,22,159,19,271,22
2020-04-07,Honduras,7,0,305,22,164,15,275,22
2020-04-08,Honduras,7,0,312,22,140,12,276,22
2020-04-09,Honduras,31,1,343,23,124,9,291,23
2020-04-10,Honduras,39,0,382,23,160,8,315,22
2020-04-11,Honduras,10,1,392,24,128,9,297,23
2020-04-12,Honduras,1,1,393,25,125,3,283,23
2020-04-13,Honduras,4,0,397,25,99,3,258,22
2020-04-14,Honduras,10,1,407,26,102,4,266,19
2020-04-15,Honduras,12,5,419,31,107,9,247,21
2020-04-16,Honduras,7,4,426,35,83,12,207,21
2020-04-17,Honduras,16,6,442,41,60,18,220,26
2020-04-18,Honduras,15,5,457,46,65,22,193,31
2020-04-19,Honduras,15,0,472,46,79,21,204,24
2020-04-20,Honduras,5,0,477,46,80,21,179,24
2020-04-21,Honduras,17,0,494,46,87,20,189,24
2020-04-22,Honduras,16,0,510,46,91,15,198,24
2020-04-23,Honduras,9,1,519,47,93,12,176,24
2020-04-24,Honduras,0,0,519,47,77,6,137,24
2020-04-25,Honduras,72,0,591,47,134,1,199,23
2020-04-26,Honduras,36,12,627,59,155,13,234,34
2020-04-27,Honduras,34,2,661,61,184,15,264,36
2020-04-28,Honduras,32,0,693,61,199,15,286,35
2020-04-29,Honduras,45,5,738,66,228,20,319,35
2020-04-30,Honduras,33,5,771,71,252,24,345,36
2020-05-01,Honduras,33,4,804,75,285,28,362,34
2020-05-02,Honduras,95,0,899,75,308,28,442,29
2020-05-03,Honduras,111,1,1010,76,383,17,538,30
2020-05-04,Honduras,45,6,1055,82,394,21,578,36
2020-05-05,Honduras,123,0,1178,82,485,21,684,36
2020-05-06,Honduras,92,11,1270,93,532,27,760,47
2020-05-07,Honduras,191,6,1461,99,690,28,942,52
2020-05-08,Honduras,224,6,1685,105,881,30,1166,58
2020-05-09,Honduras,86,2,1771,107,872,32,1180,60
2020-05-10,Honduras,59,1,1830,108,820,32,1203,49
2020-05-11,Honduras,142,0,1972,108,917,26,1311,47
2020-05-12,Honduras,34,8,2006,116,828,34,1313,55
2020-05-13,Honduras,74,5,2080,121,810,28,1342,55
2020-05-14,Honduras,175,2,2255,123,794,24,1484,52
2020-05-15,Honduras,63,10,2318,133,633,28,1514,58
2020-05-16,Honduras,142,1,2460,134,689,27,1561,59
2020-05-17,Honduras,105,4,2565,138,735,30,1555,62
2020-05-18,Honduras,81,4,2646,142,674,34,1591,60
2020-05-19,Honduras,152,4,2798,146,792,30,1620,64
2020-05-20,Honduras,157,1,2955,147,875,26,1685,54
2020-05-21,Honduras,145,4,3100,151,845,28,1639,52
2020-05-22,Honduras,104,5,3204,156,886,23,1519,51
2020-05-23,Honduras,273,11,3477,167,1017,33,1706,60
2020-05-24,Honduras,266,7,3743,174,1178,36,1913,66
2020-05-25,Honduras,207,6,3950,180,1304,38,1978,72
2020-05-26,Honduras,239,2,4189,182,1391,36,2183,66
2020-05-27,Honduras,212,6,4401,188,1446,41,2321,67
2020-05-28,Honduras,239,6,4640,194,1540,43,2385,71
2020-05-29,Honduras,112,2,4752,196,1548,40,2434,63
2020-05-30,Honduras,134,3,4886,199,1409,32,2426,65
2020-05-31,Honduras,208,2,5094,201,1351,27,2529,63
2020-06-01,Honduras,108,11,5202,212,1252,32,2556,70
2020-06-02,Honduras,160,5,5362,217,1173,35,2564,71
2020-06-03,Honduras,165,8,5527,225,1126,37,2572,78
2020-06-04,Honduras,163,9,5690,234,1050,40,2590,83
2020-06-05,Honduras,190,9,5880,243,1128,47,2676,87
2020-06-06,Honduras,91,5,5971,248,1085,49,2494,81
2020-06-07,Honduras,184,2,6155,250,1061,49,2412,76
2020-06-08,Honduras,172,8,6327,258,1125,46,2377,78
2020-06-09,Honduras,123,4,6450,262,1088,45,2261,80
2020-06-10,Honduras,485,9,6935,271,1408,46,2534,83
2020-06-11,Honduras,425,19,7360,290,1670,56,2720,96
2020-06-12,Honduras,309,4,7669,294,1789,51,2917,98
2020-06-13,Honduras,463,12,8132,306,2161,58,3246,107
2020-06-14,Honduras,323,4,8455,310,2300,60,3361,109
2020-06-15,Honduras,403,2,8858,312,2531,54,3656,100
2020-06-16,Honduras,320,10,9178,322,2728,60,3816,105
2020-06-17,Honduras,478,8,9656,330,2721,59,4129,105
2020-06-18,Honduras,643,6,10299,336,2939,46,4609,102
2020-06-19,Honduras,440,7,10739,343,3070,49,4859,100
2020-06-20,Honduras,519,6,11258,349,3126,43,5287,101
2020-06-21,Honduras,992,9,12250,358,3795,48,6095,108
2020-06-22,Honduras,519,5,12769,363,3911,51,6442,105
2020-06-23,Honduras,587,32,13356,395,4178,73,6906,133
2020-06-24,Honduras,587,10,13943,405,4287,75,7008,134
2020-06-25,Honduras,628,12,14571,417,4272,81,7211,127
2020-06-26,Honduras,795,9,15366,426,4627,83,7697,132
2020-06-27,Honduras,628,45,15994,471,4736,122,7862,165
2020-06-28,Honduras,1013,8,17007,479,4757,121,8552,169
2020-06-29,Honduras,1075,0,18082,479,5313,116,9224,167
2020-06-30,Honduras,736,6,18818,485,5462,90,9640,163
2020-07-01,Honduras,740,12,19558,497,5615,92,9902,167
2020-07-02,Honduras,704,45,20262,542,5691,125,9963,206
2020-07-03,Honduras,858,49,21120,591,5754,165,10381,248
2020-07-04,Honduras,996,14,22116,605,6122,134,10858,256
2020-07-05,Honduras,805,24,22921,629,5914,150,10671,271
2020-07-06,Honduras,1022,10,23943,639,5861,160,11174,276
2020-07-07,Honduras,722,17,24665,656,5847,171,11309,261
2020-07-08,Honduras,763,21,25428,677,5870,180,11485,272
2020-07-09,Honduras,550,17,25978,694,5716,152,11407,277
2020-07-10,Honduras,406,10,26384,704,5264,113,11018,278
2020-07-11,Honduras,669,46,27053,750,4937,145,11059,279
2020-07-12,Honduras,530,21,27583,771,4662,142,10576,292
2020-07-13,Honduras,507,3,28090,774,4147,135,10008,295
2020-07-14,Honduras,489,15,28579,789,3914,133,9761,304
2020-07-15,Honduras,527,18,29106,807,3678,130,9548,310
2020-07-16,Honduras,930,18,30036,825,4058,131,9774,283
2020-07-17,Honduras,831,10,30867,835,4483,131,9747,244
2020-07-18,Honduras,878,22,31745,857,4692,107,9629,252
2020-07-19,Honduras,1048,34,32793,891,5210,120,9872,262
2020-07-20,Honduras,1042,9,33835,900,5745,126,9892,261
2020-07-21,Honduras,776,35,34611,935,6032,146,9946,279
2020-07-22,Honduras,734,53,35345,988,6239,181,9917,311
2020-07-23,Honduras,757,18,36102,1006,6066,181,10124,312
2020-07-24,Honduras,800,5,36902,1011,6035,176,10518,307
2020-07-25,Honduras,657,50,37559,1061,5814,204,10506,311
2020-07-26,Honduras,879,37,38438,1098,5645,207,10855,327
2020-07-27,Honduras,838,18,39276,1116,5441,216,11186,342
2020-07-28,Honduras,465,50,39741,1166,5130,231,11162,377
2020-07-29,Honduras,719,48,40460,1214,5115,226,11354,407
2020-07-30,Honduras,484,45,40944,1259,4842,253,10908,434
2020-07-31,Honduras,482,53,41426,1312,4524,301,10559,477
2020-08-01,Honduras,976,25,42402,1337,4843,276,10657,480
2020-08-02,Honduras,283,31,42685,1368,4247,270,9892,477
2020-08-03,Honduras,512,9,43197,1377,3921,261,9362,477
2020-08-04,Honduras,597,7,43794,1384,4053,218,9183,449
2020-08-05,Honduras,505,16,44299,1400,3839,186,8954,412
2020-08-06,Honduras,799,23,45098,1423,4154,164,8996,417
2020-08-07,Honduras,657,23,45755,1446,4329,134,8853,435
2020-08-08,Honduras,610,19,46365,1465,3963,128,8806,404
2020-08-09,Honduras,611,11,46976,1476,4291,108,8538,378
2020-08-10,Honduras,478,19,47454,1495,4257,118,8178,379
2020-08-11,Honduras,418,11,47872,1506,4078,122,8131,340
2020-08-12,Honduras,531,9,48403,1515,4104,115,7943,301
2020-08-13,Honduras,254,18,48657,1533,3559,110,7713,274
2020-08-14,Honduras,385,9,49042,1542,3287,96,7616,230
2020-08-15,Honduras,425,6,49467,1548,3102,83,7065,211
2020-08-16,Honduras,512,19,49979,1567,3003,91,7294,199
2020-08-17,Honduras,523,8,50502,1575,3048,80,7305,198
2020-08-18,Honduras,493,8,50995,1583,3123,77,7201,199
2020-08-19,Honduras,675,10,51670,1593,3267,78,7371,193
2020-08-20,Honduras,626,15,52296,1608,3639,75,7198,185
2020-08-21,Honduras,523,11,52819,1619,3777,77,7064,173
2020-08-22,Honduras,562,13,53381,1632,3914,84,7016,167
2020-08-23,Honduras,602,11,53983,1643,4004,76,7007,167
2020-08-24,Honduras,528,11,54511,1654,4009,79,7057,159
2020-08-25,Honduras,968,29,55479,1683,4484,100,7607,177
2020-08-26,Honduras,0,0,55479,1683,3809,90,7076,168
2020-08-27,Honduras,1170,64,56649,1747,4353,139,7992,214
2020-08-28,Honduras,1020,56,57669,1803,4850,184,8627,261
2020-08-29,Honduras,1141,24,58810,1827,5429,195,9343,279
2020-08-30,Honduras,835,15,59645,1842,5662,199,9666,275
2020-08-31,Honduras,529,16,60174,1858,5663,204,9672,283
2020-04-01,Hungary,33,4,525,20,299,10,475,19
2020-04-02,Hungary,60,1,585,21,324,11,512,20
2020-04-03,Hungary,38,5,623,26,323,16,538,25
2020-04-04,Hungary,55,6,678,32,335,21,575,28
2020-04-05,Hungary,55,2,733,34,325,21,602,30
2020-04-06,Hungary,11,4,744,38,297,23,577,31
2020-04-07,Hungary,73,9,817,47,325,31,630,39
2020-04-08,Hungary,78,11,895,58,370,38,669,48
2020-04-09,Hungary,85,8,980,66,395,45,719,56
2020-04-10,Hungary,210,11,1190,77,567,51,890,67
2020-04-11,Hungary,120,8,1310,85,632,53,967,74
2020-04-12,Hungary,100,14,1410,99,677,65,1002,86
2020-04-13,Hungary,48,10,1458,109,714,71,1011,94
2020-04-14,Hungary,54,13,1512,122,695,75,1020,106
2020-04-15,Hungary,67,12,1579,134,684,76,1054,114
2020-04-16,Hungary,73,8,1652,142,672,76,1067,121
2020-04-17,Hungary,111,14,1763,156,573,79,1140,130
2020-04-18,Hungary,71,16,1834,172,524,87,1156,140
2020-04-19,Hungary,82,17,1916,189,506,90,1183,155
2020-04-20,Hungary,68,10,1984,199,526,90,1240,161
2020-04-21,Hungary,114,14,2098,213,586,91,1281,166
2020-04-22,Hungary,70,12,2168,225,589,91,1273,167
2020-04-23,Hungary,116,0,2284,225,632,83,1304,159
2020-04-24,Hungary,99,25,2383,250,620,94,1193,173
2020-04-25,Hungary,60,12,2443,262,609,90,1133,177
2020-04-26,Hungary,57,10,2500,272,584,83,1090,173
2020-04-27,Hungary,83,8,2583,280,599,81,1125,171
2020-04-28,Hungary,66,11,2649,291,551,78,1137,169
2020-04-29,Hungary,78,9,2727,300,559,75,1148,166
2020-04-30,Hungary,48,12,2775,312,491,87,1123,170
2020-05-01,Hungary,88,11,2863,323,480,73,1100,167
2020-05-02,Hungary,79,12,2942,335,499,73,1108,163
2020-05-03,Hungary,56,5,2998,340,498,68,1082,151
2020-05-04,Hungary,37,11,3035,351,452,71,1051,152
2020-05-05,Hungary,30,12,3065,363,416,72,967,150
2020-05-06,Hungary,46,10,3111,373,384,73,943,148
2020-05-07,Hungary,39,10,3150,383,375,71,866,158
2020-05-08,Hungary,28,9,3178,392,315,69,795,142
2020-05-09,Hungary,35,13,3213,405,271,70,770,143
2020-05-10,Hungary,50,8,3263,413,265,73,763,141
2020-05-11,Hungary,21,8,3284,421,249,70,701,141
2020-05-12,Hungary,29,4,3313,425,248,62,664,134
2020-05-13,Hungary,28,5,3341,430,230,57,614,130
2020-05-14,Hungary,39,6,3380,436,230,53,605,124
2020-05-15,Hungary,37,6,3417,442,239,50,554,119
2020-05-16,Hungary,56,6,3473,448,260,43,531,113
2020-05-17,Hungary,36,3,3509,451,246,38,511,111
2020-05-18,Hungary,26,11,3535,462,251,41,500,111
2020-05-19,Hungary,21,5,3556,467,243,42,491,104
2020-05-20,Hungary,42,3,3598,470,257,40,487,97
2020-05-21,Hungary,43,3,3641,473,261,37,491,90
2020-05-22,Hungary,37,3,3678,476,261,34,500,84
2020-05-23,Hungary,35,6,3713,482,240,34,500,77
2020-05-24,Hungary,28,4,3741,486,232,35,478,73
2020-05-25,Hungary,15,5,3756,491,221,29,472,70
2020-05-26,Hungary,15,8,3771,499,215,32,458,74
2020-05-27,Hungary,22,6,3793,505,195,35,452,75
2020-05-28,Hungary,23,4,3816,509,175,36,436,73
2020-05-29,Hungary,25,8,3841,517,163,41,424,75
2020-05-30,Hungary,0,0,3841,517,128,35,368,69
2020-05-31,Hungary,26,7,3867,524,126,38,358,73
2020-06-01,Hungary,9,2,3876,526,120,35,341,64
2020-06-02,Hungary,45,6,3921,532,150,33,365,65
2020-06-03,Hungary,10,2,3931,534,138,29,333,64
2020-06-04,Hungary,0,0,3931,534,115,25,290,61
2020-06-05,Hungary,23,5,3954,539,113,22,276,63
2020-06-06,Hungary,16,3,3970,542,129,25,257,60
2020-06-07,Hungary,0,0,3970,542,103,18,229,56
2020-06-08,Hungary,0,0,3970,542,94,16,214,51
2020-06-09,Hungary,44,6,4014,548,93,16,243,49
2020-06-10,Hungary,3,2,4017,550,86,16,224,45
2020-06-11,Hungary,10,1,4027,551,96,17,211,42
2020-06-12,Hungary,12,2,4039,553,85,14,198,36
2020-06-13,Hungary,14,2,4053,555,83,13,212,38
2020-06-14,Hungary,11,4,4064,559,94,17,197,35
2020-06-15,Hungary,12,4,4076,563,106,21,200,37
2020-06-16,Hungary,1,2,4077,565,63,17,156,33
2020-06-17,Hungary,1,2,4078,567,61,17,147,33
2020-06-18,Hungary,1,1,4079,568,52,17,148,34
2020-06-19,Hungary,2,0,4081,568,42,15,127,29
2020-06-20,Hungary,5,2,4086,570,33,15,116,28
2020-06-21,Hungary,8,0,4094,570,30,11,124,28
2020-06-22,Hungary,8,2,4102,572,26,9,132,30
2020-06-23,Hungary,5,1,4107,573,30,8,93,25
2020-06-24,Hungary,0,0,4107,573,29,6,90,23
2020-06-25,Hungary,7,3,4114,576,35,8,87,25
2020-06-26,Hungary,9,1,4123,577,42,9,84,24
2020-06-27,Hungary,4,1,4127,578,41,8,74,23
2020-06-28,Hungary,11,0,4138,578,44,8,74,19
2020-06-29,Hungary,4,3,4142,581,40,9,66,18
2020-06-30,Hungary,3,4,4145,585,38,12,68,20
2020-07-01,Hungary,10,0,4155,585,48,12,77,18
2020-07-02,Hungary,2,1,4157,586,43,10,78,18
2020-07-03,Hungary,9,1,4166,587,43,10,85,19
2020-07-04,Hungary,6,1,4172,588,45,10,86,18
2020-07-05,Hungary,11,1,4183,589,45,11,89,19
2020-07-06,Hungary,0,0,4183,589,41,8,81,17
2020-07-07,Hungary,6,0,4189,589,44,4,82,16
2020-07-08,Hungary,16,0,4205,589,50,4,98,16
2020-07-09,Hungary,5,0,4210,589,53,3,96,13
2020-07-10,Hungary,10,2,4220,591,54,4,97,14
2020-07-11,Hungary,3,2,4223,593,51,5,96,15
2020-07-12,Hungary,6,2,4229,595,46,6,91,17
2020-07-13,Hungary,5,0,4234,595,51,6,92,14
2020-07-14,Hungary,13,0,4247,595,58,6,102,10
2020-07-15,Hungary,16,0,4263,595,58,6,108,10
2020-07-16,Hungary,0,0,4263,595,53,6,106,9
2020-07-17,Hungary,16,0,4279,595,59,4,113,8
2020-07-18,Hungary,14,0,4293,595,70,2,121,7
2020-07-19,Hungary,22,1,4315,596,86,1,132,7
2020-07-20,Hungary,18,0,4333,596,99,1,150,7
2020-07-21,Hungary,14,0,4347,596,100,1,158,7
2020-07-22,Hungary,19,0,4366,596,103,1,161,7
2020-07-23,Hungary,14,0,4380,596,117,1,170,7
2020-07-24,Hungary,18,0,4398,596,119,1,178,5
2020-07-25,Hungary,26,0,4424,596,131,1,201,3
2020-07-26,Hungary,11,0,4435,596,120,0,206,1
2020-07-27,Hungary,13,0,4448,596,115,0,214,1
2020-07-28,Hungary,8,0,4456,596,109,0,209,1
2020-07-29,Hungary,9,0,4465,596,99,0,202,1
2020-07-30,Hungary,19,0,4484,596,104,0,221,1
2020-07-31,Hungary,21,0,4505,596,107,0,226,1
2020-08-01,Hungary,0,0,4505,596,81,0,212,1
2020-08-02,Hungary,21,1,4526,597,91,1,211,1
2020-08-03,Hungary,9,0,4535,597,87,1,202,1
2020-08-04,Hungary,9,0,4544,597,88,1,197,1
2020-08-05,Hungary,9,1,4553,598,88,2,187,2
2020-08-06,Hungary,11,1,4564,599,80,3,184,3
2020-08-07,Hungary,33,1,4597,600,92,4,199,4
2020-08-08,Hungary,24,2,4621,602,116,6,197,6
2020-08-09,Hungary,32,0,4653,602,127,5,218,6
2020-08-10,Hungary,43,0,4696,602,161,5,248,6
2020-08-11,Hungary,35,3,4731,605,187,8,275,9
2020-08-12,Hungary,15,0,4746,605,193,7,281,9
2020-08-13,Hungary,22,0,4768,605,204,6,284,9
2020-08-14,Hungary,45,2,4813,607,216,7,308,11
2020-08-15,Hungary,40,0,4853,607,232,5,348,11
2020-08-16,Hungary,24,0,4877,607,224,5,351,10
2020-08-17,Hungary,39,1,4916,608,220,6,381,11
2020-08-18,Hungary,54,1,4970,609,239,4,426,12
2020-08-19,Hungary,0,0,4970,609,224,4,417,11
2020-08-20,Hungary,32,0,5002,609,234,4,438,10
2020-08-21,Hungary,44,0,5046,609,233,2,449,9
2020-08-22,Hungary,52,2,5098,611,245,4,477,9
2020-08-23,Hungary,35,0,5133,611,256,4,480,9
2020-08-24,Hungary,22,2,5155,613,239,5,459,11
2020-08-25,Hungary,36,0,5191,613,221,4,460,8
2020-08-26,Hungary,24,1,5215,614,245,5,469,9
2020-08-27,Hungary,73,0,5288,614,286,5,520,9
2020-08-28,Hungary,91,0,5379,614,333,5,566,7
2020-08-29,Hungary,132,0,5511,614,413,3,658,7
2020-08-30,Hungary,158,0,5669,614,536,3,792,7
2020-08-31,Hungary,292,0,5961,614,806,1,1045,6
2020-04-01,Iceland,49,0,1135,2,487,0,888,2
2020-04-02,Iceland,85,0,1220,2,483,0,970,2
2020-04-03,Iceland,99,2,1319,4,517,2,989,3
2020-04-04,Iceland,45,0,1364,4,474,2,955,3
2020-04-05,Iceland,53,0,1417,4,454,2,944,3
2020-04-06,Iceland,69,0,1486,4,466,2,918,3
2020-04-07,Iceland,76,2,1562,6,476,4,974,4
2020-04-08,Iceland,24,0,1586,6,451,4,938,4
2020-04-09,Iceland,30,0,1616,6,396,4,879,4
2020-04-10,Iceland,32,0,1648,6,329,2,846,4
2020-04-11,Iceland,27,1,1675,7,311,3,785,5
2020-04-12,Iceland,14,1,1689,8,272,4,726,6
2020-04-13,Iceland,12,0,1701,8,215,4,681,6
2020-04-14,Iceland,10,0,1711,8,149,2,625,6
2020-04-15,Iceland,9,0,1720,8,134,2,585,6
2020-04-16,Iceland,7,0,1727,8,111,2,507,6
2020-04-17,Iceland,12,0,1739,8,91,2,420,4
2020-04-18,Iceland,15,0,1754,8,79,1,390,4
2020-04-19,Iceland,6,1,1760,9,71,1,343,5
2020-04-20,Iceland,11,0,1771,9,70,1,285,5
2020-04-21,Iceland,2,1,1773,10,62,2,211,4
2020-04-22,Iceland,5,0,1778,10,58,2,192,4
2020-04-23,Iceland,7,0,1785,10,58,2,169,4
2020-04-24,Iceland,4,0,1789,10,50,2,141,4
2020-04-25,Iceland,0,0,1789,10,35,2,114,3
2020-04-26,Iceland,1,0,1790,10,30,1,101,2
2020-04-27,Iceland,2,0,1792,10,21,1,91,2
2020-04-28,Iceland,0,0,1792,10,19,0,81,2
2020-04-29,Iceland,3,0,1795,10,17,0,75,2
2020-04-30,Iceland,2,0,1797,10,12,0,70,2
2020-05-01,Iceland,0,0,1797,10,8,0,58,2
2020-05-02,Iceland,1,0,1798,10,9,0,44,2
2020-05-03,Iceland,0,0,1798,10,8,0,38,1
2020-05-04,Iceland,1,0,1799,10,7,0,28,1
2020-05-05,Iceland,0,0,1799,10,7,0,26,0
2020-05-06,Iceland,0,0,1799,10,4,0,21,0
2020-05-07,Iceland,0,0,1799,10,2,0,14,0
2020-05-08,Iceland,2,0,1801,10,4,0,12,0
2020-05-09,Iceland,0,0,1801,10,3,0,12,0
2020-05-10,Iceland,0,0,1801,10,3,0,11,0
2020-05-11,Iceland,0,0,1801,10,2,0,9,0
2020-05-12,Iceland,0,0,1801,10,2,0,9,0
2020-05-13,Iceland,0,0,1801,10,2,0,6,0
2020-05-14,Iceland,1,0,1802,10,3,0,5,0
2020-05-15,Iceland,0,0,1802,10,1,0,5,0
2020-05-16,Iceland,0,0,1802,10,1,0,4,0
2020-05-17,Iceland,0,0,1802,10,1,0,4,0
2020-05-18,Iceland,0,0,1802,10,1,0,3,0
2020-05-19,Iceland,0,0,1802,10,1,0,3,0
2020-05-20,Iceland,0,0,1802,10,1,0,3,0
2020-05-21,Iceland,1,0,1803,10,1,0,4,0
2020-05-22,Iceland,0,0,1803,10,1,0,2,0
2020-05-23,Iceland,0,0,1803,10,1,0,2,0
2020-05-24,Iceland,1,0,1804,10,2,0,3,0
2020-05-25,Iceland,0,0,1804,10,2,0,3,0
2020-05-26,Iceland,0,0,1804,10,2,0,3,0
2020-05-27,Iceland,0,0,1804,10,2,0,3,0
2020-05-28,Iceland,1,0,1805,10,2,0,3,0
2020-05-29,Iceland,0,0,1805,10,2,0,3,0
2020-05-30,Iceland,0,0,1805,10,2,0,3,0
2020-05-31,Iceland,1,0,1806,10,2,0,4,0
2020-06-01,Iceland,0,0,1806,10,2,0,4,0
2020-06-02,Iceland,0,0,1806,10,2,0,4,0
2020-06-03,Iceland,0,0,1806,10,2,0,4,0
2020-06-04,Iceland,0,0,1806,10,1,0,3,0
2020-06-05,Iceland,0,0,1806,10,1,0,3,0
2020-06-06,Iceland,0,0,1806,10,1,0,3,0
2020-06-07,Iceland,0,0,1806,10,0,0,2,0
2020-06-08,Iceland,1,0,1807,10,1,0,3,0
2020-06-09,Iceland,0,0,1807,10,1,0,3,0
2020-06-10,Iceland,0,0,1807,10,1,0,3,0
2020-06-11,Iceland,0,0,1807,10,1,0,2,0
2020-06-12,Iceland,0,0,1807,10,1,0,2,0
2020-06-13,Iceland,1,0,1808,10,2,0,3,0
2020-06-14,Iceland,2,0,1810,10,4,0,4,0
2020-06-15,Iceland,0,0,1810,10,3,0,4,0
2020-06-16,Iceland,1,0,1811,10,4,0,5,0
2020-06-17,Iceland,1,0,1812,10,5,0,6,0
2020-06-18,Iceland,0,0,1812,10,5,0,6,0
2020-06-19,Iceland,2,0,1814,10,7,0,8,0
2020-06-20,Iceland,1,0,1815,10,7,0,9,0
2020-06-21,Iceland,0,0,1815,10,5,0,9,0
2020-06-22,Iceland,0,0,1815,10,5,0,8,0
2020-06-23,Iceland,0,0,1815,10,4,0,8,0
2020-06-24,Iceland,0,0,1815,10,3,0,8,0
2020-06-25,Iceland,2,0,1817,10,5,0,10,0
2020-06-26,Iceland,1,0,1818,10,4,0,11,0
2020-06-27,Iceland,2,0,1820,10,5,0,12,0
2020-06-28,Iceland,0,0,1820,10,5,0,10,0
2020-06-29,Iceland,1,0,1821,10,6,0,11,0
2020-06-30,Iceland,1,0,1822,10,7,0,11,0
2020-07-01,Iceland,2,0,1824,10,9,0,12,0
2020-07-02,Iceland,1,0,1825,10,8,0,13,0
2020-07-03,Iceland,5,0,1830,10,12,0,16,0
2020-07-04,Iceland,0,0,1830,10,10,0,15,0
2020-07-05,Iceland,0,0,1830,10,10,0,15,0
2020-07-06,Iceland,0,0,1830,10,9,0,15,0
2020-07-07,Iceland,2,0,1832,10,10,0,17,0
2020-07-08,Iceland,1,0,1833,10,9,0,18,0
2020-07-09,Iceland,0,0,1833,10,8,0,16,0
2020-07-10,Iceland,0,0,1833,10,3,0,15,0
2020-07-11,Iceland,0,0,1833,10,3,0,13,0
2020-07-12,Iceland,0,0,1833,10,3,0,13,0
2020-07-13,Iceland,0,0,1833,10,3,0,12,0
2020-07-14,Iceland,0,0,1833,10,1,0,11,0
2020-07-15,Iceland,2,0,1835,10,2,0,11,0
2020-07-16,Iceland,0,0,1835,10,2,0,10,0
2020-07-17,Iceland,1,0,1836,10,3,0,6,0
2020-07-18,Iceland,0,0,1836,10,3,0,6,0
2020-07-19,Iceland,2,0,1838,10,5,0,8,0
2020-07-20,Iceland,1,0,1839,10,6,0,9,0
2020-07-21,Iceland,0,0,1839,10,6,0,7,0
2020-07-22,Iceland,0,0,1839,10,4,0,6,0
2020-07-23,Iceland,1,0,1840,10,5,0,7,0
2020-07-24,Iceland,1,0,1841,10,5,0,8,0
2020-07-25,Iceland,2,0,1843,10,7,0,10,0
2020-07-26,Iceland,0,0,1843,10,5,0,10,0
2020-07-27,Iceland,4,0,1847,10,8,0,14,0
2020-07-28,Iceland,7,0,1854,10,15,0,21,0
2020-07-29,Iceland,3,0,1857,10,18,0,22,0
2020-07-30,Iceland,4,0,1861,10,21,0,26,0
2020-07-31,Iceland,11,0,1872,10,31,0,36,0
2020-08-01,Iceland,13,0,1885,10,42,0,49,0
2020-08-02,Iceland,8,0,1893,10,50,0,55,0
2020-08-03,Iceland,14,0,1907,10,60,0,68,0
2020-08-04,Iceland,8,0,1915,10,61,0,76,0
2020-08-05,Iceland,3,0,1918,10,61,0,79,0
2020-08-06,Iceland,8,0,1926,10,65,0,86,0
2020-08-07,Iceland,6,0,1932,10,60,0,91,0
2020-08-08,Iceland,20,0,1952,10,67,0,109,0
2020-08-09,Iceland,3,0,1955,10,62,0,112,0
2020-08-10,Iceland,3,0,1958,10,51,0,111,0
2020-08-11,Iceland,4,0,1962,10,47,0,108,0
2020-08-12,Iceland,6,0,1968,10,50,0,111,0
2020-08-13,Iceland,4,0,1972,10,46,0,111,0
2020-08-14,Iceland,4,0,1976,10,44,0,104,0
2020-08-15,Iceland,7,0,1983,10,31,0,98,0
2020-08-16,Iceland,16,0,1999,10,44,0,106,0
2020-08-17,Iceland,12,0,2011,10,53,0,104,0
2020-08-18,Iceland,3,0,2014,10,52,0,99,0
2020-08-19,Iceland,13,0,2027,10,59,0,109,0
2020-08-20,Iceland,8,0,2035,10,63,0,109,0
2020-08-21,Iceland,5,0,2040,10,64,0,108,0
2020-08-22,Iceland,10,0,2050,10,67,0,98,0
2020-08-23,Iceland,8,0,2058,10,59,0,103,0
2020-08-24,Iceland,6,0,2064,10,53,0,106,0
2020-08-25,Iceland,9,0,2073,10,59,0,111,0
2020-08-26,Iceland,4,0,2077,10,50,0,109,0
2020-08-27,Iceland,5,0,2082,10,47,0,110,0
2020-08-28,Iceland,5,0,2087,10,47,0,111,0
2020-08-29,Iceland,5,0,2092,10,42,0,109,0
2020-08-30,Iceland,8,0,2100,10,42,0,101,0
2020-08-31,Iceland,5,0,2105,10,41,0,94,0
2020-04-01,India,146,3,1397,35,835,26,1260,32
2020-04-02,India,568,15,1965,50,1316,37,1800,47
2020-04-03,India,336,6,2301,56,1577,39,2110,52
2020-04-04,India,601,12,2902,68,2029,49,2671,64
2020-04-05,India,472,9,3374,77,2395,52,3054,73
2020-04-06,India,693,32,4067,109,2996,80,3628,102
2020-04-07,India,354,5,4421,114,3170,82,3929,105
2020-04-08,India,773,35,5194,149,3797,114,4632,140
2020-04-09,India,540,17,5734,166,3769,116,5085,153
2020-04-10,India,678,33,6412,199,4111,143,5688,182
2020-04-11,India,1035,40,7447,239,4545,171,6574,220
2020-04-12,India,909,34,8356,273,4982,196,7377,248
2020-04-13,India,796,35,9152,308,5085,199,8081,279
2020-04-14,India,1211,31,10363,339,5942,225,9112,307
2020-04-15,India,1075,38,11438,377,6244,228,10041,342
2020-04-16,India,942,37,12380,414,6646,248,10415,364
2020-04-17,India,1007,23,13387,437,6975,238,11086,381
2020-04-18,India,991,43,14378,480,6931,241,11476,412
2020-04-19,India,1334,27,15712,507,7356,234,12338,430
2020-04-20,India,1553,36,17265,543,8113,235,13198,434
2020-04-21,India,1335,47,18600,590,8237,251,14179,476
2020-04-22,India,1384,50,19984,640,8546,263,14790,491
2020-04-23,India,1409,41,21393,681,9013,267,15659,515
2020-04-24,India,1684,37,23077,718,9690,281,16665,519
2020-04-25,India,1429,57,24506,775,10128,295,17059,536
2020-04-26,India,1990,49,26496,824,10784,317,18140,551
2020-04-27,India,1396,48,27892,872,10627,329,18740,564
2020-04-28,India,1543,62,29435,934,10835,344,19072,595
2020-04-29,India,1897,73,31332,1007,11348,367,19894,630
2020-04-30,India,1718,67,33050,1074,11657,393,20670,660
2020-05-01,India,1993,73,35043,1147,11966,429,21656,710
2020-05-02,India,2293,71,37336,1218,12830,443,22958,738
2020-05-03,India,2644,83,39980,1301,13484,477,24268,794
2020-05-04,India,2553,72,42533,1373,14641,501,25268,830
2020-05-05,India,3900,195,46433,1568,16998,634,27833,978
2020-05-06,India,2958,126,49391,1694,18059,687,29407,1054
2020-05-07,India,3561,89,52952,1783,19902,709,31559,1102
2020-05-08,India,3390,103,56342,1886,21299,739,33265,1168
2020-05-09,India,3320,95,59662,1981,22326,763,35156,1206
2020-05-10,India,3277,128,62939,2109,22959,808,36443,1285
2020-05-11,India,4213,97,67152,2206,24619,833,39260,1334
2020-05-12,India,3604,87,70756,2293,24323,725,41321,1359
2020-05-13,India,3525,122,74281,2415,24890,721,42949,1408
2020-05-14,India,3722,134,78003,2549,25051,766,44953,1475
2020-05-15,India,3967,100,81970,2649,25628,763,46927,1502
2020-05-16,India,3970,103,85940,2752,26278,771,48604,1534
2020-05-17,India,4987,120,90927,2872,27988,763,50947,1571
2020-05-18,India,5242,157,96169,3029,29017,823,53636,1656
2020-05-19,India,4970,134,101139,3163,30383,870,54706,1595
2020-05-20,India,5611,140,106750,3303,32469,888,57359,1609
2020-05-21,India,5609,132,112359,3435,34356,886,59407,1652
2020-05-22,India,6088,148,118447,3583,36477,934,62105,1697
2020-05-23,India,6654,137,125101,3720,39161,968,65439,1739
2020-05-24,India,6767,147,131868,3867,40941,995,68929,1758
2020-05-25,India,6977,154,138845,4021,42676,992,71693,1815
2020-05-26,India,6535,146,145380,4167,44241,1004,74624,1874
2020-05-27,India,6387,170,151767,4337,45017,1034,77486,1922
2020-05-28,India,6566,194,158333,4531,45974,1096,80330,1982
2020-05-29,India,7466,175,165799,4706,47352,1123,83829,2057
2020-05-30,India,7964,265,173763,4971,48662,1251,87823,2219
2020-05-31,India,8380,193,182143,5164,50275,1297,91216,2292
2020-06-01,India,8392,230,190535,5394,51690,1373,94366,2365
2020-06-02,India,8171,204,198706,5598,53326,1431,97567,2435
2020-06-03,India,8909,217,207615,5815,55848,1478,100865,2512
2020-06-04,India,9304,260,216919,6075,58586,1544,104560,2640
2020-06-05,India,9851,273,226770,6348,60971,1642,108323,2765
2020-06-06,India,9887,294,236657,6642,62894,1671,111556,2922
2020-06-07,India,9971,287,246628,6929,64485,1765,114760,3062
2020-06-08,India,9983,206,256611,7135,66076,1741,117766,3114
2020-06-09,India,9987,331,266598,7466,67892,1868,121218,3299
2020-06-10,India,9985,279,276583,7745,68968,1930,124816,3408
2020-06-11,India,9996,357,286579,8102,69660,2027,128246,3571
2020-06-12,India,10956,396,297535,8498,70765,2150,131736,3792
2020-06-13,India,11458,386,308993,8884,72336,2242,135230,3913
2020-06-14,India,11929,311,320922,9195,74294,2266,138779,4031
2020-06-15,India,11502,325,332424,9520,75813,2385,141889,4126
2020-06-16,India,10667,380,343091,9900,76493,2434,144385,4302
2020-06-17,India,10974,2003,354065,11903,77482,4158,146450,6088
2020-06-18,India,12881,334,366946,12237,80367,4135,150027,6162
2020-06-19,India,13586,336,380532,12573,82997,4075,153762,6225
2020-06-20,India,14516,375,395048,12948,86055,4064,158391,6306
2020-06-21,India,15413,306,410461,13254,89539,4059,163833,6325
2020-06-22,India,14821,445,425282,13699,92858,4179,168671,6564
2020-06-23,India,14933,312,440215,14011,97124,4111,173617,6545
2020-06-24,India,15968,465,456183,14476,102118,2573,179600,6731
2020-06-25,India,16922,418,473105,14894,106159,2657,186526,6792
2020-06-26,India,17296,407,490401,15301,109869,2728,192866,6803
2020-06-27,India,18552,384,508953,15685,113905,2737,199960,6801
2020-06-28,India,19906,410,528859,16095,118398,2841,207937,6900
2020-06-29,India,19459,380,548318,16475,123036,2776,215894,6955
2020-06-30,India,18522,418,566840,16893,126625,2882,223749,6993
2020-07-01,India,18653,507,585493,17400,129310,2924,231428,5497
2020-07-02,India,19148,434,604641,17834,131536,2940,237695,5597
2020-07-03,India,20903,379,625544,18213,135143,2912,245012,5640
2020-07-04,India,22771,442,648315,18655,139362,2970,253267,5707
2020-07-05,India,24850,613,673165,19268,144306,3173,262704,6014
2020-07-06,India,24248,425,697413,19693,149095,3218,272131,5994
2020-07-07,India,22252,467,719665,20160,152825,3267,279450,6149
2020-07-08,India,22752,482,742417,20642,156924,3242,286234,6166
2020-07-09,India,24879,487,767296,21129,162655,3295,294191,6235
2020-07-10,India,26506,475,793802,21604,168258,3391,303401,6303
2020-07-11,India,27114,519,820916,22123,172601,3468,311963,6438
2020-07-12,India,28637,551,849553,22674,176388,3406,320694,6579
2020-07-13,India,28701,500,878254,23174,180841,3481,329936,6699
2020-07-14,India,28498,553,906752,23727,187087,3567,339912,6834
2020-07-15,India,29429,582,936181,24309,193764,3667,350688,6909
2020-07-16,India,32695,606,968876,24915,201580,3786,364235,7081
2020-07-17,India,34956,687,1003832,25602,210030,3998,378288,7389
2020-07-18,India,34884,671,1038716,26273,217800,4150,390401,7618
2020-07-19,India,38902,543,1077618,26816,228065,4142,404453,7548
2020-07-20,India,40425,681,1118043,27497,239789,4323,420630,7804
2020-07-21,India,37148,587,1155191,28084,248439,4357,435526,7924
2020-07-22,India,37724,648,1192915,28732,256734,4423,450498,8090
2020-07-23,India,45720,1129,1238635,29861,269759,4946,471339,8732
2020-07-24,India,49310,740,1287945,30601,284113,4999,494143,8997
2020-07-25,India,48916,757,1336861,31358,298145,5085,515945,9235
2020-07-26,India,48661,705,1385522,32063,307904,5247,535969,9389
2020-07-27,India,49931,708,1435453,32771,317410,5274,557199,9597
2020-07-28,India,47703,654,1483156,33425,327965,5341,576404,9698
2020-07-29,India,48513,768,1531669,34193,338754,5461,595488,9884
2020-07-30,India,52123,775,1583792,34968,345157,5107,614916,10053
2020-07-31,India,55078,779,1638870,35747,350925,5146,635038,10145
2020-08-01,India,57118,764,1695988,36511,359127,5153,657272,10238
2020-08-02,India,54735,853,1750723,37364,365201,5301,673105,10548
2020-08-03,India,52972,771,1803695,38135,368242,5364,685652,10638
2020-08-04,India,52050,803,1855745,38938,372589,5513,700554,10854
2020-08-05,India,52509,857,1908254,39795,376585,5602,715339,11063
2020-08-06,India,56282,904,1964536,40699,380744,5731,725901,10838
2020-08-07,India,62538,886,2027074,41585,388204,5838,739129,10984
2020-08-08,India,61537,933,2088611,42518,392623,6007,751750,11160
2020-08-09,India,64399,861,2153010,43379,402287,6015,767488,11316
2020-08-10,India,62064,1007,2215074,44386,411379,6251,779621,11615
2020-08-11,India,53601,871,2268675,45257,412930,6319,785519,11832
2020-08-12,India,60963,834,2329638,46091,421384,6296,797969,11898
2020-08-13,India,66999,942,2396637,47033,432101,6334,812845,12065
2020-08-14,India,64553,1007,2461190,48040,434116,6455,822320,12293
2020-08-15,India,65002,996,2526192,49036,437581,6518,830204,12525
2020-08-16,India,63490,944,2589682,49980,436672,6601,838959,12616
2020-08-17,India,57981,941,2647663,50921,432589,6535,843968,12786
2020-08-18,India,55079,876,2702742,51797,434067,6540,846997,12859
2020-08-19,India,64531,1092,2767273,52889,437635,6798,859019,13094
2020-08-20,India,69652,977,2836925,53866,440288,6833,872389,13167
2020-08-21,India,68898,983,2905823,54849,444633,6809,878749,13264
2020-08-22,India,69878,945,2975701,55794,449509,6758,887090,13276
2020-08-23,India,69239,912,3044940,56706,455258,6726,891930,13327
2020-08-24,India,61408,836,3106348,57542,458685,6621,891274,13156
2020-08-25,India,60975,848,3167323,58390,464581,6593,898648,13133
2020-08-26,India,67151,1059,3234474,59449,467201,6560,904836,13358
2020-08-27,India,75760,1023,3310234,60472,473309,6606,913597,13439
2020-08-28,India,77266,1057,3387500,61529,481677,6680,926310,13489
2020-08-29,India,76472,1021,3463972,62550,488271,6756,937780,13514
2020-08-30,India,78761,948,3542733,63498,497793,6792,953051,13518
2020-08-31,India,78512,971,3621245,64469,514897,6927,973582,13548
2020-04-01,Indonesia,114,14,1528,136,842,81,1356,131
2020-04-02,Indonesia,149,21,1677,157,887,99,1505,152
2020-04-03,Indonesia,113,13,1790,170,897,92,1563,151
2020-04-04,Indonesia,196,11,1986,181,940,94,1677,156
2020-04-05,Indonesia,106,10,2092,191,937,89,1642,153
2020-04-06,Indonesia,181,7,2273,198,988,84,1759,150
2020-04-07,Indonesia,218,11,2491,209,1077,87,1912,160
2020-04-08,Indonesia,247,12,2738,221,1210,85,2052,166
2020-04-09,Indonesia,218,19,2956,240,1279,83,2166,182
2020-04-10,Indonesia,337,40,3293,280,1503,110,2400,202
2020-04-11,Indonesia,219,26,3512,306,1526,125,2466,219
2020-04-12,Indonesia,330,21,3842,327,1750,136,2687,225
2020-04-13,Indonesia,399,46,4241,373,1968,175,2956,259
2020-04-14,Indonesia,316,26,4557,399,2066,190,3143,277
2020-04-15,Indonesia,282,60,4839,459,2101,238,3311,323
2020-04-16,Indonesia,297,10,5136,469,2180,229,3459,312
2020-04-17,Indonesia,380,27,5516,496,2223,216,3726,326
2020-04-18,Indonesia,407,24,5923,520,2411,214,3937,339
2020-04-19,Indonesia,325,15,6248,535,2406,208,4156,344
2020-04-20,Indonesia,327,47,6575,582,2334,209,4302,384
2020-04-21,Indonesia,185,8,6760,590,2203,191,4269,381
2020-04-22,Indonesia,375,26,7135,616,2296,157,4397,395
2020-04-23,Indonesia,283,19,7418,635,2282,166,4462,395
2020-04-24,Indonesia,357,12,7775,647,2259,151,4482,367
2020-04-25,Indonesia,436,42,8211,689,2288,169,4699,383
2020-04-26,Indonesia,396,31,8607,720,2359,185,4765,393
2020-04-27,Indonesia,275,23,8882,743,2307,161,4641,370
2020-04-28,Indonesia,214,22,9096,765,2336,175,4539,366
2020-04-29,Indonesia,415,8,9511,773,2376,157,4672,314
2020-04-30,Indonesia,260,11,9771,784,2353,149,4635,315
2020-05-01,Indonesia,347,8,10118,792,2343,145,4602,296
2020-05-02,Indonesia,433,8,10551,800,2340,111,4628,280
2020-05-03,Indonesia,292,31,10843,831,2236,111,4595,296
2020-05-04,Indonesia,349,14,11192,845,2310,102,4617,263
2020-05-05,Indonesia,395,19,11587,864,2491,99,4827,274
2020-05-06,Indonesia,484,8,12071,872,2560,99,4936,256
2020-05-07,Indonesia,367,23,12438,895,2667,111,5020,260
2020-05-08,Indonesia,338,35,12776,930,2658,138,5001,283
2020-05-09,Indonesia,336,13,13112,943,2561,143,4901,254
2020-05-10,Indonesia,533,16,13645,959,2802,128,5038,239
2020-05-11,Indonesia,387,14,14032,973,2840,128,5150,230
2020-05-12,Indonesia,233,18,14265,991,2678,127,5169,226
2020-05-13,Indonesia,484,16,14749,1007,2678,135,5238,234
2020-05-14,Indonesia,689,21,15438,1028,3000,133,5667,244
2020-05-15,Indonesia,568,15,16006,1043,3230,113,5888,251
2020-05-16,Indonesia,490,33,16496,1076,3384,133,5945,276
2020-05-17,Indonesia,529,13,17025,1089,3380,130,6182,258
2020-05-18,Indonesia,489,59,17514,1148,3482,175,6322,303
2020-05-19,Indonesia,496,43,18010,1191,3745,200,6423,327
2020-05-20,Indonesia,486,30,18496,1221,3747,214,6425,349
2020-05-21,Indonesia,693,21,19189,1242,3751,214,6751,347
2020-05-22,Indonesia,973,36,20162,1278,4156,235,7386,348
2020-05-23,Indonesia,634,48,20796,1326,4300,250,7684,383
2020-05-24,Indonesia,949,25,21745,1351,4720,262,8100,392
2020-05-25,Indonesia,526,21,22271,1372,4757,224,8239,399
2020-05-26,Indonesia,479,19,22750,1391,4740,200,8485,400
2020-05-27,Indonesia,415,27,23165,1418,4669,197,8416,411
2020-05-28,Indonesia,686,55,23851,1473,4662,231,8413,445
2020-05-29,Indonesia,687,23,24538,1496,4376,218,8532,453
2020-05-30,Indonesia,678,24,25216,1520,4420,194,8720,444
2020-05-31,Indonesia,557,53,25773,1573,4028,222,8748,484
2020-06-01,Indonesia,700,40,26473,1613,4202,241,8959,465
2020-06-02,Indonesia,467,28,26940,1641,4190,250,8930,450
2020-06-03,Indonesia,609,22,27549,1663,4384,245,9053,442
2020-06-04,Indonesia,684,35,28233,1698,4382,225,9044,456
2020-06-05,Indonesia,585,23,28818,1721,4280,225,8656,443
2020-06-06,Indonesia,703,49,29521,1770,4305,250,8725,444
2020-06-07,Indonesia,993,31,30514,1801,4741,228,8769,450
2020-06-08,Indonesia,672,50,31186,1851,4713,238,8915,479
2020-06-09,Indonesia,847,32,32033,1883,5093,242,9283,492
2020-06-10,Indonesia,1043,40,33076,1923,5527,260,9911,505
2020-06-11,Indonesia,1240,36,34316,1959,6083,261,10465,486
2020-06-12,Indonesia,979,41,35295,2000,6477,279,10757,504
2020-06-13,Indonesia,1111,48,36406,2048,6885,278,11190,528
2020-06-14,Indonesia,1014,43,37420,2091,6906,290,11647,518
2020-06-15,Indonesia,857,43,38277,2134,7091,283,11804,521
2020-06-16,Indonesia,1017,64,39294,2198,7261,315,12354,557
2020-06-17,Indonesia,1106,33,40400,2231,7324,308,12851,568
2020-06-18,Indonesia,1031,45,41431,2276,7115,317,13198,578
2020-06-19,Indonesia,1331,63,42762,2339,7467,339,13944,618
2020-06-20,Indonesia,1041,34,43803,2373,7397,325,14282,603
2020-06-21,Indonesia,1226,56,45029,2429,7609,338,14515,628
2020-06-22,Indonesia,862,36,45891,2465,7614,331,14705,614
2020-06-23,Indonesia,954,35,46845,2500,7551,302,14812,617
2020-06-24,Indonesia,1051,35,47896,2535,7496,304,14820,612
2020-06-25,Indonesia,1113,38,49009,2573,7578,297,14693,614
2020-06-26,Indonesia,1178,47,50187,2620,7425,281,14892,620
2020-06-27,Indonesia,1240,63,51427,2683,7624,310,15021,635
2020-06-28,Indonesia,1385,37,52812,2720,7783,291,15392,629
2020-06-29,Indonesia,1198,34,54010,2754,8119,289,15733,620
2020-06-30,Indonesia,1082,51,55092,2805,8247,305,15798,607
2020-07-01,Indonesia,1293,71,56385,2876,8489,341,15985,645
2020-07-02,Indonesia,1385,58,57770,2934,8761,361,16339,658
2020-07-03,Indonesia,1624,53,59394,2987,9207,367,16632,648
2020-07-04,Indonesia,1301,49,60695,3036,9268,353,16892,663
2020-07-05,Indonesia,1447,53,62142,3089,9330,369,17113,660
2020-07-06,Indonesia,1607,82,63749,3171,9739,417,17858,706
2020-07-07,Indonesia,1209,70,64958,3241,9866,436,18113,741
2020-07-08,Indonesia,1268,68,66226,3309,9841,433,18330,774
2020-07-09,Indonesia,1853,50,68079,3359,10309,425,19070,786
2020-07-10,Indonesia,2657,58,70736,3417,11342,430,20549,797
2020-07-11,Indonesia,1611,52,72347,3469,11652,433,20920,786
2020-07-12,Indonesia,1671,66,74018,3535,11876,446,21206,815
2020-07-13,Indonesia,1681,71,75699,3606,11950,435,21689,852
2020-07-14,Indonesia,1282,50,76981,3656,12023,415,21889,851
2020-07-15,Indonesia,1591,54,78572,3710,12346,401,22187,834
2020-07-16,Indonesia,1522,87,80094,3797,12015,438,22324,863
2020-07-17,Indonesia,1574,76,81668,3873,10932,456,22274,886
2020-07-18,Indonesia,1462,84,83130,3957,10783,488,22435,921
2020-07-19,Indonesia,1752,59,84882,4016,10864,481,22740,927
2020-07-20,Indonesia,1639,127,86521,4143,10822,537,22772,972
2020-07-21,Indonesia,1693,96,88214,4239,11233,583,23256,998
2020-07-22,Indonesia,1655,81,89869,4320,11297,610,23643,1011
2020-07-23,Indonesia,1882,139,91751,4459,11657,662,23672,1100
2020-07-24,Indonesia,1906,117,93657,4576,11989,703,22921,1159
2020-07-25,Indonesia,1761,89,95418,4665,12288,708,23071,1196
2020-07-26,Indonesia,1868,49,97286,4714,12404,698,23268,1179
2020-07-27,Indonesia,1492,67,98778,4781,12257,638,23079,1175
2020-07-28,Indonesia,1525,57,100303,4838,12089,599,23322,1182
2020-07-29,Indonesia,1748,63,102051,4901,12182,581,23479,1191
2020-07-30,Indonesia,2381,74,104432,4975,12681,516,24338,1178
2020-07-31,Indonesia,1904,83,106336,5058,12679,482,24668,1185
2020-08-01,Indonesia,2040,73,108376,5131,12958,466,25246,1174
2020-08-02,Indonesia,1560,62,109936,5193,12650,479,25054,1177
2020-08-03,Indonesia,1519,43,111455,5236,12677,455,24934,1093
2020-08-04,Indonesia,1679,66,113134,5302,12831,464,24920,1063
2020-08-05,Indonesia,1922,86,115056,5388,13005,487,25187,1068
2020-08-06,Indonesia,1815,64,116871,5452,12439,477,25120,993
2020-08-07,Indonesia,1882,69,118753,5521,12417,463,25096,945
2020-08-08,Indonesia,2473,72,121226,5593,12850,462,25808,928
2020-08-09,Indonesia,2277,65,123503,5658,13567,465,26217,944
2020-08-10,Indonesia,1893,65,125396,5723,13941,487,26618,942
2020-08-11,Indonesia,1687,42,127083,5765,13949,463,26780,927
2020-08-12,Indonesia,1693,59,128776,5824,13720,436,26725,923
2020-08-13,Indonesia,1942,79,130718,5903,13847,451,26286,928
2020-08-14,Indonesia,2098,65,132816,5968,14063,447,26480,910
2020-08-15,Indonesia,2307,53,135123,6021,13897,428,26747,890
2020-08-16,Indonesia,2345,50,137468,6071,13965,413,27532,878
2020-08-17,Indonesia,2081,79,139549,6150,14153,427,28094,914
2020-08-18,Indonesia,1821,57,141370,6207,14287,442,28236,905
2020-08-19,Indonesia,1673,70,143043,6277,14267,453,27987,889
2020-08-20,Indonesia,1902,69,144945,6346,14227,443,28074,894
2020-08-21,Indonesia,2266,72,147211,6418,14395,450,28458,897
2020-08-22,Indonesia,2197,82,149408,6500,14285,479,28182,907
2020-08-23,Indonesia,2090,94,151498,6594,14030,523,27995,936
2020-08-24,Indonesia,2037,86,153535,6680,13986,530,28139,957
2020-08-25,Indonesia,1877,79,155412,6759,14042,552,28329,994
2020-08-26,Indonesia,2447,99,157859,6858,14816,581,29083,1034
2020-08-27,Indonesia,2306,86,160165,6944,15220,598,29447,1041
2020-08-28,Indonesia,2719,120,162884,7064,15673,646,30068,1096
2020-08-29,Indonesia,3003,105,165887,7169,16479,669,30764,1148
2020-08-30,Indonesia,3308,92,169195,7261,17697,667,31727,1190
2020-08-31,Indonesia,2858,82,172053,7343,18518,663,32504,1193
2020-04-01,Iran,3111,141,44606,2898,19795,964,28437,1910
2020-04-02,Iran,2987,138,47593,3036,20576,959,30232,1901
2020-04-03,Iran,2875,124,50468,3160,21062,926,32061,1876
2020-04-04,Iran,0,0,50468,3160,18136,782,30824,1727
2020-04-05,Iran,5275,292,55743,3452,20335,935,35133,1896
2020-04-06,Iran,2483,151,58226,3603,19917,963,36588,1918
2020-04-07,Iran,2274,136,60500,3739,19005,982,37451,1927
2020-04-08,Iran,2089,133,62589,3872,17983,974,37778,1938
2020-04-09,Iran,1997,121,64586,3993,16993,957,37569,1916
2020-04-10,Iran,1634,117,66220,4110,15752,950,36814,1876
2020-04-11,Iran,1972,122,68192,4232,17724,1072,35860,1854
2020-04-12,Iran,1837,125,70029,4357,14286,905,34621,1840
2020-04-13,Iran,1657,117,71686,4474,13460,871,33377,1834
2020-04-14,Iran,1617,111,73303,4585,12803,846,31808,1828
2020-04-15,Iran,1574,98,74877,4683,12288,811,30271,1785
2020-04-16,Iran,1512,94,76389,4777,11803,784,28796,1741
2020-04-17,Iran,1606,92,77995,4869,11775,759,27527,1709
2020-04-18,Iran,1499,89,79494,4958,11302,726,29026,1798
2020-04-19,Iran,1374,73,80868,5031,10839,674,25125,1579
2020-04-20,Iran,1343,87,82211,5118,10525,644,23985,1515
2020-04-21,Iran,1294,91,83505,5209,10202,624,23005,1470
2020-04-22,Iran,1297,88,84802,5297,9925,614,22213,1425
2020-04-23,Iran,1194,94,85996,5391,9607,614,21410,1398
2020-04-24,Iran,1030,90,87026,5481,9031,612,20806,1371
2020-04-25,Iran,1168,93,88194,5574,8700,616,20002,1342
2020-04-26,Iran,1134,76,89328,5650,8460,619,19299,1293
2020-04-27,Iran,1153,60,90481,5710,8270,592,18795,1236
2020-04-28,Iran,991,96,91472,5806,7967,597,18169,1221
2020-04-29,Iran,1112,71,92584,5877,7782,580,17707,1194
2020-04-30,Iran,1073,80,93657,5957,7661,566,17268,1180
2020-05-01,Iran,983,71,94640,6028,7614,547,16645,1159
2020-05-02,Iran,1006,63,95646,6091,7452,517,16152,1133
2020-05-03,Iran,802,65,96448,6156,7120,506,15580,1125
2020-05-04,Iran,976,47,97424,6203,6943,493,15213,1085
2020-05-05,Iran,1223,74,98647,6277,7175,471,15142,1068
2020-05-06,Iran,1323,63,99970,6340,7386,463,15168,1043
2020-05-07,Iran,1680,78,101650,6418,7993,461,15654,1027
2020-05-08,Iran,1485,68,103135,6486,8495,458,16109,1005
2020-05-09,Iran,1556,55,104691,6541,9045,450,16497,967
2020-05-10,Iran,1529,48,106220,6589,9772,433,16892,939
2020-05-11,Iran,1383,51,107603,6640,10179,437,17122,930
2020-05-12,Iran,1683,45,109286,6685,10639,408,17814,879
2020-05-13,Iran,1481,48,110767,6733,10797,393,18183,856
2020-05-14,Iran,1958,50,112725,6783,11075,365,19068,826
2020-05-15,Iran,1808,71,114533,6854,11398,368,19893,826
2020-05-16,Iran,2102,48,116635,6902,11944,361,20989,811
2020-05-17,Iran,1757,35,118392,6937,12172,348,21944,781
2020-05-18,Iran,1806,51,120198,6988,12595,348,22774,785
2020-05-19,Iran,2294,69,122492,7057,13206,372,23845,780
2020-05-20,Iran,2111,62,124603,7119,13836,386,24633,779
2020-05-21,Iran,2346,64,126949,7183,14224,400,25299,765
2020-05-22,Iran,2392,66,129341,7249,14808,395,26206,763
2020-05-23,Iran,2311,51,131652,7300,15017,398,26961,759
2020-05-24,Iran,1869,59,133521,7359,15129,422,27301,770
2020-05-25,Iran,2180,58,135701,7417,15503,429,28098,777
2020-05-26,Iran,2023,34,137724,7451,15232,394,28438,766
2020-05-27,Iran,1787,57,139511,7508,14908,389,28744,775
2020-05-28,Iran,2080,56,141591,7564,14642,381,28866,781
2020-05-29,Iran,2258,63,143849,7627,14508,378,29316,773
2020-05-30,Iran,2819,50,146668,7677,15016,377,30033,775
2020-05-31,Iran,2282,57,148950,7734,15429,375,30558,797
2020-06-01,Iran,2516,63,151466,7797,15765,380,31268,809
2020-06-02,Iran,2979,81,154445,7878,16721,427,31953,821
2020-06-03,Iran,3117,64,157562,7942,18051,434,32959,823
2020-06-04,Iran,3134,70,160696,8012,19105,448,33747,829
2020-06-05,Iran,3574,59,164270,8071,20421,444,34929,822
2020-06-06,Iran,2886,63,167156,8134,20488,457,35504,834
2020-06-07,Iran,2269,75,169425,8209,20475,475,35904,850
2020-06-08,Iran,2364,72,171789,8281,20323,484,36088,864
2020-06-09,Iran,2043,70,173832,8351,19387,473,36108,900
2020-06-10,Iran,2095,74,175927,8425,18365,483,36416,917
2020-06-11,Iran,2011,81,177938,8506,17242,494,36347,942
2020-06-12,Iran,2238,78,180176,8584,15906,513,36327,957
2020-06-13,Iran,2369,75,182545,8659,15389,525,35877,982
2020-06-14,Iran,2410,71,184955,8730,15530,521,36005,996
2020-06-15,Iran,2472,107,187427,8837,15638,556,35961,1040
2020-06-16,Iran,2449,113,189876,8950,16044,599,35431,1072
2020-06-17,Iran,2563,115,192439,9065,16512,640,34877,1123
2020-06-18,Iran,2612,120,195051,9185,17113,679,34355,1173
2020-06-19,Iran,2596,87,197647,9272,17471,688,33377,1201
2020-06-20,Iran,2615,120,200262,9392,17717,733,33106,1258
2020-06-21,Iran,2322,115,202584,9507,17629,777,33159,1298
2020-06-22,Iran,2368,116,204952,9623,17525,786,33163,1342
2020-06-23,Iran,2573,119,207525,9742,17649,792,33693,1391
2020-06-24,Iran,2445,121,209970,9863,17531,798,34043,1438
2020-06-25,Iran,2531,133,212501,9996,17450,811,34563,1490
2020-06-26,Iran,2595,134,215096,10130,17449,858,34920,1546
2020-06-27,Iran,2628,0,217724,10130,17462,738,35179,1471
2020-06-28,Iran,2456,234,220180,10364,17596,857,35225,1634
2020-06-29,Iran,2489,144,222669,10508,17717,885,35242,1671
2020-06-30,Iran,2536,162,225205,10670,17680,928,35329,1720
2020-07-01,Iran,2457,147,227662,10817,17692,954,35223,1752
2020-07-02,Iran,2549,141,230211,10958,17710,962,35160,1773
2020-07-03,Iran,2652,148,232863,11106,17767,976,35216,1834
2020-07-04,Iran,2566,154,235429,11260,17705,1130,35167,1868
2020-07-05,Iran,2449,148,237878,11408,17698,1044,35294,1901
2020-07-06,Iran,2560,163,240438,11571,17769,1063,35486,1948
2020-07-07,Iran,2613,160,243051,11731,17846,1061,35526,1989
2020-07-08,Iran,2637,200,245688,11931,18026,1114,35718,2068
2020-07-09,Iran,2691,153,248379,12084,18168,1126,35878,2088
2020-07-10,Iran,2079,221,250458,12305,17595,1199,35362,2175
2020-07-11,Iran,2262,142,252720,12447,17291,1187,34996,2317
2020-07-12,Iran,2397,188,255117,12635,17239,1227,34937,2271
2020-07-13,Iran,2186,194,257303,12829,16865,1258,34634,2321
2020-07-14,Iran,2349,203,259652,13032,16601,1301,34447,2362
2020-07-15,Iran,2521,179,262173,13211,16485,1280,34511,2394
2020-07-16,Iran,2388,199,264561,13410,16182,1326,34350,2452
2020-07-17,Iran,2500,198,267061,13608,16603,1303,34198,2502
2020-07-18,Iran,2379,183,269440,13791,16720,1344,34011,2531
2020-07-19,Iran,2166,188,271606,13979,16489,1344,33728,2571
2020-07-20,Iran,2182,209,273788,14188,16485,1359,33350,2617
2020-07-21,Iran,2414,217,276202,14405,16550,1373,33151,2674
2020-07-22,Iran,2625,229,278827,14634,16654,1423,33139,2703
2020-07-23,Iran,2586,219,281413,14853,16852,1443,33034,2769
2020-07-24,Iran,2621,221,284034,15074,16973,1466,33576,2769
2020-07-25,Iran,2489,215,286523,15289,17083,1498,33803,2842
2020-07-26,Iran,2316,195,288839,15484,17233,1505,33722,2849
2020-07-27,Iran,2333,216,291172,15700,17384,1512,33869,2871
2020-07-28,Iran,2434,212,293606,15912,17404,1507,33954,2880
2020-07-29,Iran,2667,235,296273,16147,17446,1513,34100,2936
2020-07-30,Iran,2636,196,298909,16343,17496,1490,34348,2933
2020-07-31,Iran,2621,226,301530,16569,17496,1495,34469,2961
2020-08-01,Iran,2674,197,304204,16766,17681,1477,34764,2975
2020-08-02,Iran,2548,216,306752,16982,17913,1498,35146,3003
2020-08-03,Iran,2685,208,309437,17190,18265,1490,35649,3002
2020-08-04,Iran,2598,215,312035,17405,18429,1493,35833,3000
2020-08-05,Iran,2751,212,314786,17617,18513,1470,35959,2983
2020-08-06,Iran,2697,185,317483,17802,18574,1459,36070,2949
2020-08-07,Iran,2634,14,320117,17816,18587,1247,36083,2742
2020-08-08,Iran,2450,316,322567,18132,18363,1366,36044,2843
2020-08-09,Iran,2125,132,324692,18264,17940,1282,35853,2780
2020-08-10,Iran,2020,163,326712,18427,17275,1237,35540,2727
2020-08-11,Iran,2132,189,328844,18616,16809,1211,35238,2704
2020-08-12,Iran,2345,184,331189,18800,16403,1183,34916,2653
2020-08-13,Iran,2510,188,333699,18988,16216,1186,34790,2645
2020-08-14,Iran,2625,174,336324,19162,16207,1346,34794,2593
2020-08-15,Iran,2501,169,338825,19331,16258,1199,34621,2565
2020-08-16,Iran,2245,161,341070,19492,16378,1228,34318,2510
2020-08-17,Iran,2133,147,343203,19639,16491,1212,33766,2449
2020-08-18,Iran,2247,165,345450,19804,16606,1188,33415,2399
2020-08-19,Iran,2385,168,347835,19972,16646,1172,33049,2355
2020-08-20,Iran,0,0,347835,19972,14136,984,30352,2170
2020-08-21,Iran,4723,292,352558,20264,16234,1102,32441,2448
2020-08-22,Iran,2206,112,354764,20376,15939,1045,32197,2244
2020-08-23,Iran,2028,126,356792,20502,15722,1010,32100,2238
2020-08-24,Iran,2113,141,358905,20643,15702,1004,32193,2216
2020-08-25,Iran,0,0,358905,20643,13455,839,30061,2027
2020-08-26,Iran,2245,133,361150,20776,13315,804,29961,1976
2020-08-27,Iran,2213,125,363363,20901,15528,929,29664,1913
2020-08-28,Iran,4433,236,367796,21137,15238,873,31472,1975
2020-08-29,Iran,2115,112,369911,21249,15147,873,31086,1918
2020-08-30,Iran,1905,110,371816,21359,15024,857,30746,1867
2020-08-31,Iran,1754,103,373570,21462,14665,819,30367,1823
2020-04-01,Iraq,64,4,694,50,378,23,540,39
2020-04-02,Iraq,0,0,694,50,348,21,530,38
2020-04-03,Iraq,78,4,772,54,390,18,595,42
2020-04-04,Iraq,0,0,772,54,314,14,579,40
2020-04-05,Iraq,106,2,878,56,372,14,664,39
2020-04-06,Iraq,83,5,961,61,414,19,728,41
2020-04-07,Iraq,70,3,1031,64,401,18,765,41
2020-04-08,Iraq,0,0,1031,64,337,14,715,37
2020-04-09,Iraq,171,5,1202,69,508,19,856,40
2020-04-10,Iraq,30,0,1232,69,460,15,850,33
2020-04-11,Iraq,47,1,1279,70,507,16,821,30
2020-04-12,Iraq,39,2,1318,72,440,16,812,30
2020-04-13,Iraq,34,4,1352,76,391,15,805,34
2020-04-14,Iraq,26,2,1378,78,347,14,748,32
2020-04-15,Iraq,22,0,1400,78,369,14,706,28
2020-04-16,Iraq,15,1,1415,79,213,10,721,29
2020-04-17,Iraq,19,1,1434,80,202,11,662,26
2020-04-18,Iraq,48,1,1482,81,203,11,710,27
2020-04-19,Iraq,0,0,1482,81,164,9,604,25
2020-04-20,Iraq,57,1,1539,82,187,6,578,21
2020-04-21,Iraq,35,0,1574,82,196,4,543,18
2020-04-22,Iraq,28,1,1602,83,202,5,571,19
2020-04-23,Iraq,0,0,1602,83,187,4,400,14
2020-04-24,Iraq,75,0,1677,83,243,3,445,14
2020-04-25,Iraq,31,3,1708,86,226,5,429,16
2020-04-26,Iraq,55,0,1763,86,281,5,445,14
2020-04-27,Iraq,57,1,1820,87,281,5,468,11
2020-04-28,Iraq,27,1,1847,88,273,6,469,10
2020-04-29,Iraq,0,0,1847,88,245,5,447,10
2020-04-30,Iraq,156,4,2003,92,401,9,588,13
2020-05-01,Iraq,82,1,2085,93,408,10,651,13
2020-05-02,Iraq,68,1,2153,94,445,8,671,13
2020-05-03,Iraq,66,1,2219,95,456,9,737,14
2020-05-04,Iraq,77,2,2296,97,476,10,757,15
2020-05-05,Iraq,50,1,2346,98,499,10,772,16
2020-05-06,Iraq,85,4,2431,102,584,14,829,19
2020-05-07,Iraq,49,0,2480,102,477,10,878,19
2020-05-08,Iraq,63,0,2543,102,458,9,866,19
2020-05-09,Iraq,60,2,2603,104,450,10,895,18
2020-05-10,Iraq,76,3,2679,107,460,12,916,21
2020-05-11,Iraq,88,2,2767,109,471,12,947,22
2020-05-12,Iraq,51,1,2818,110,472,12,971,22
2020-05-13,Iraq,95,2,2913,112,482,10,1066,24
2020-05-14,Iraq,119,3,3032,115,552,13,1029,23
2020-05-15,Iraq,111,0,3143,115,600,13,1058,22
2020-05-16,Iraq,50,2,3193,117,590,13,1040,23
2020-05-17,Iraq,67,4,3260,121,581,14,1041,26
2020-05-18,Iraq,144,2,3404,123,637,14,1108,26
2020-05-19,Iraq,150,4,3554,127,736,17,1208,29
2020-05-20,Iraq,57,4,3611,131,698,19,1180,29
2020-05-21,Iraq,113,3,3724,134,692,19,1244,32
2020-05-22,Iraq,153,6,3877,140,734,25,1334,38
2020-05-23,Iraq,87,7,3964,147,771,30,1361,43
2020-05-24,Iraq,308,5,4272,152,1012,31,1593,45
2020-05-25,Iraq,197,8,4469,160,1065,37,1702,51
2020-05-26,Iraq,163,3,4632,163,1078,36,1814,53
2020-05-27,Iraq,216,6,4848,169,1237,38,1935,57
2020-05-28,Iraq,287,6,5135,175,1411,41,2103,60
2020-05-29,Iraq,322,4,5457,179,1580,39,2314,64
2020-05-30,Iraq,416,6,5873,185,1909,38,2680,68
2020-05-31,Iraq,306,10,6179,195,1907,43,2919,74
2020-06-01,Iraq,260,10,6439,205,1970,45,3035,82
2020-06-02,Iraq,429,10,6868,215,2236,52,3314,88
2020-06-03,Iraq,519,20,7387,235,2539,66,3776,104
2020-06-04,Iraq,781,21,8168,256,3033,81,4444,122
2020-06-05,Iraq,672,15,8840,271,3383,92,4963,131
2020-06-06,Iraq,1006,14,9846,285,3973,100,5882,138
2020-06-07,Iraq,1252,33,11098,318,4919,123,6826,166
2020-06-08,Iraq,1268,28,12366,346,5927,141,7897,186
2020-06-09,Iraq,1115,24,13481,370,6613,155,8849,207
2020-06-10,Iraq,787,22,14268,392,6881,157,9420,223
2020-06-11,Iraq,1146,34,15414,426,7246,170,10279,251
2020-06-12,Iraq,1261,31,16675,457,7835,186,11218,278
2020-06-13,Iraq,1095,39,17770,496,7924,211,11897,311
2020-06-14,Iraq,1180,53,18950,549,7852,231,12771,354
2020-06-15,Iraq,1259,58,20209,607,7843,261,13770,402
2020-06-16,Iraq,1106,45,21315,652,7834,282,14447,437
2020-06-17,Iraq,1385,60,22700,712,8432,320,15313,477
2020-06-18,Iraq,1554,61,24254,773,8840,347,16086,517
2020-06-19,Iraq,1463,83,25717,856,9042,399,16877,585
2020-06-20,Iraq,1635,69,27352,925,9582,429,17506,640
2020-06-21,Iraq,1870,88,29222,1013,10272,464,18124,695
2020-06-22,Iraq,1646,87,30868,1100,10659,493,18502,754
2020-06-23,Iraq,1808,67,32676,1167,11361,515,19195,797
2020-06-24,Iraq,1826,84,34502,1251,11802,539,20234,859
2020-06-25,Iraq,2200,79,36702,1330,12448,557,21288,904
2020-06-26,Iraq,2437,107,39139,1437,13422,581,22464,980
2020-06-27,Iraq,2054,122,41193,1559,13841,634,23423,1063
2020-06-28,Iraq,2069,101,43262,1660,14040,647,24312,1111
2020-06-29,Iraq,2140,96,45402,1756,14534,656,25193,1149
2020-06-30,Iraq,1749,83,47151,1839,14475,672,25836,1187
2020-07-01,Iraq,1958,104,49109,1943,14607,692,26409,1231
2020-07-02,Iraq,2415,107,51524,2050,14822,720,27270,1277
2020-07-03,Iraq,2184,110,53708,2160,14569,723,27991,1304
2020-07-04,Iraq,2312,102,56020,2262,14827,703,28668,1337
2020-07-05,Iraq,2334,106,58354,2368,15092,708,29132,1355
2020-07-06,Iraq,2125,105,60479,2473,15077,717,29611,1373
2020-07-07,Iraq,1796,94,62275,2567,15124,728,29599,1400
2020-07-08,Iraq,2426,118,64701,2685,15592,742,30199,1434
2020-07-09,Iraq,2741,94,67442,2779,15918,729,30740,1449
2020-07-10,Iraq,2170,103,69612,2882,15904,722,30473,1445
2020-07-11,Iraq,2848,78,72460,2960,16440,698,31267,1401
2020-07-12,Iraq,2734,95,75194,3055,16840,687,31932,1395
2020-07-13,Iraq,2312,95,77506,3150,17027,677,32104,1394
2020-07-14,Iraq,2229,100,79735,3250,17460,683,32584,1411
2020-07-15,Iraq,2022,95,81757,3345,17056,660,32648,1402
2020-07-16,Iraq,2110,87,83867,3432,16425,653,32343,1382
2020-07-17,Iraq,2281,90,86148,3522,16536,640,32440,1362
2020-07-18,Iraq,2023,94,88171,3616,15711,656,32151,1354
2020-07-19,Iraq,2049,75,90220,3691,15026,636,31866,1323
2020-07-20,Iraq,2310,90,92530,3781,15024,631,32051,1308
2020-07-21,Iraq,2163,88,94693,3869,14958,619,32418,1302
2020-07-22,Iraq,2466,81,97159,3950,15402,605,32458,1265
2020-07-23,Iraq,2706,92,99865,4042,15998,610,32423,1263
2020-07-24,Iraq,2361,80,102226,4122,16078,600,32614,1240
2020-07-25,Iraq,2485,90,104711,4212,16540,596,32251,1252
2020-07-26,Iraq,2862,72,107573,4284,17353,593,32379,1229
2020-07-27,Iraq,2459,78,110032,4362,17502,581,32526,1212
2020-07-28,Iraq,2553,96,112585,4458,17892,589,32850,1208
2020-07-29,Iraq,2747,77,115332,4535,18173,585,33575,1190
2020-07-30,Iraq,2968,68,118300,4603,18435,561,34433,1171
2020-07-31,Iraq,2963,68,121263,4671,19037,549,35115,1149
2020-08-01,Iraq,3346,70,124609,4741,19898,529,36438,1125
2020-08-02,Iraq,2095,64,126704,4805,19131,521,36484,1114
2020-08-03,Iraq,2447,63,129151,4868,19119,506,36621,1087
2020-08-04,Iraq,2735,66,131886,4934,19301,476,37193,1065
2020-08-05,Iraq,2836,83,134722,5017,19390,482,37563,1067
2020-08-06,Iraq,2834,77,137556,5094,19256,491,37691,1052
2020-08-07,Iraq,3047,67,140603,5161,19340,490,38377,1039
2020-08-08,Iraq,3461,75,144064,5236,19455,495,39353,1024
2020-08-09,Iraq,3325,74,147389,5310,20685,505,39816,1026
2020-08-10,Iraq,2726,82,150115,5392,20964,524,40083,1030
2020-08-11,Iraq,3484,72,153599,5464,21713,530,41014,1006
2020-08-12,Iraq,3396,67,156995,5531,22273,514,41663,996
2020-08-13,Iraq,3441,57,160436,5588,22880,494,42136,985
2020-08-14,Iraq,3841,53,164277,5641,23674,480,43014,970
2020-08-15,Iraq,4013,68,168290,5709,24226,473,43681,968
2020-08-16,Iraq,4293,76,172583,5785,25194,475,45879,980
2020-08-17,Iraq,4348,75,176931,5860,26816,468,47780,992
2020-08-18,Iraq,3202,94,180133,5954,26534,490,48247,1020
2020-08-19,Iraq,4576,82,184709,6036,27714,505,49987,1019
2020-08-20,Iraq,4093,85,188802,6121,28366,533,51246,1027
2020-08-21,Iraq,3995,87,192797,6208,28520,567,52194,1047
2020-08-22,Iraq,4288,75,197085,6283,28795,574,53021,1047
2020-08-23,Iraq,3965,70,201050,6353,28467,568,53661,1043
2020-08-24,Iraq,3291,75,204341,6428,27410,568,54226,1036
2020-08-25,Iraq,3644,91,207985,6519,27852,565,54386,1055
2020-08-26,Iraq,3962,77,211947,6596,27238,560,54952,1065
2020-08-27,Iraq,3837,72,215784,6668,26982,547,55348,1080
2020-08-28,Iraq,3651,72,219435,6740,26638,532,55158,1099
2020-08-29,Iraq,4177,74,223612,6814,26527,531,55322,1105
2020-08-30,Iraq,3834,77,227446,6891,26396,538,54863,1106
2020-08-31,Iraq,3731,68,231177,6959,26836,531,54246,1099
2020-04-01,Ireland,325,17,3235,71,1906,64,2943,69
2020-04-02,Ireland,212,14,3447,85,1883,76,3081,83
2020-04-03,Ireland,402,13,3849,98,2030,79,3292,95
2020-04-04,Ireland,424,22,4273,120,2152,98,3590,117
2020-04-05,Ireland,331,17,4604,137,2189,101,3819,134
2020-04-06,Ireland,507,21,5111,158,2496,112,4205,154
2020-04-07,Ireland,253,16,5364,174,2454,120,4239,168
2020-04-08,Ireland,345,36,5709,210,2474,139,4380,203
2020-04-09,Ireland,515,25,6224,235,2777,150,4660,226
2020-04-10,Ireland,1169,28,7393,263,3544,165,5574,244
2020-04-11,Ireland,696,24,8089,287,3816,167,5968,265
2020-04-12,Ireland,839,33,8928,320,4324,183,6513,284
2020-04-13,Ireland,727,14,9655,334,4544,176,7040,288
2020-04-14,Ireland,992,31,10647,365,5283,191,7737,311
2020-04-15,Ireland,832,41,11479,406,5770,196,8244,335
2020-04-16,Ireland,1068,38,12547,444,6323,209,9100,359
2020-04-17,Ireland,724,42,13271,486,5878,223,9422,388
2020-04-18,Ireland,709,44,13980,530,5891,243,9707,410
2020-04-19,Ireland,778,41,14758,571,5830,251,10154,434
2020-04-20,Ireland,493,39,15251,610,5596,276,10140,452
2020-04-21,Ireland,401,77,15652,687,5005,322,10288,513
2020-04-22,Ireland,388,43,16040,730,4561,324,10331,520
2020-04-23,Ireland,631,39,16671,769,4124,325,10447,534
2020-04-24,Ireland,936,25,17607,794,4336,308,10214,531
2020-04-25,Ireland,577,35,18184,829,4204,299,10095,542
2020-04-26,Ireland,377,234,18561,1063,3803,492,9633,743
2020-04-27,Ireland,701,24,19262,1087,4011,477,9607,753
2020-04-28,Ireland,386,15,19648,1102,3996,415,9001,737
2020-04-29,Ireland,229,57,19877,1159,3837,429,8398,753
2020-04-30,Ireland,376,31,20253,1190,3582,421,7706,746
2020-05-01,Ireland,359,42,20612,1232,3005,438,7341,746
2020-05-02,Ireland,221,33,20833,1265,2649,436,6853,735
2020-05-03,Ireland,343,0,21176,1265,2615,202,6418,694
2020-05-04,Ireland,330,38,21506,1303,2244,216,6255,693
2020-05-05,Ireland,216,16,21722,1319,2074,217,6070,632
2020-05-06,Ireland,261,20,21983,1339,2106,180,5943,609
2020-05-07,Ireland,265,36,22248,1375,1995,185,5577,606
2020-05-08,Ireland,137,28,22385,1403,1773,171,4778,609
2020-05-09,Ireland,156,26,22541,1429,1708,164,4357,600
2020-05-10,Ireland,219,17,22760,1446,1584,181,4199,383
2020-05-11,Ireland,236,12,22996,1458,1490,155,3734,371
2020-05-12,Ireland,139,9,23135,1467,1413,148,3487,365
2020-05-13,Ireland,107,21,23242,1488,1259,149,3365,329
2020-05-14,Ireland,159,9,23401,1497,1153,122,3148,307
2020-05-15,Ireland,426,9,23827,1506,1442,103,3215,274
2020-05-16,Ireland,129,12,23956,1518,1415,89,3123,253
2020-05-17,Ireland,92,15,24048,1533,1288,87,2872,268
2020-05-18,Ireland,64,10,24112,1543,1116,85,2606,240
2020-05-19,Ireland,88,4,24200,1547,1065,80,2478,228
2020-05-20,Ireland,51,14,24251,1561,1009,73,2268,222
2020-05-21,Ireland,64,10,24315,1571,914,74,2067,196
2020-05-22,Ireland,76,12,24391,1583,564,77,2006,180
2020-05-23,Ireland,115,9,24506,1592,550,74,1965,163
2020-05-24,Ireland,76,12,24582,1604,534,71,1822,158
2020-05-25,Ireland,57,2,24639,1606,527,63,1643,148
2020-05-26,Ireland,59,0,24698,1606,498,59,1563,139
2020-05-27,Ireland,37,9,24735,1615,484,54,1493,127
2020-05-28,Ireland,68,16,24803,1631,488,60,1402,134
2020-05-29,Ireland,38,8,24841,1639,450,56,1014,133
2020-05-30,Ireland,35,6,24876,1645,370,53,920,127
2020-05-31,Ireland,53,5,24929,1650,347,46,881,117
2020-06-01,Ireland,61,0,24990,1650,351,44,878,107
2020-06-02,Ireland,72,0,25062,1650,364,44,862,103
2020-06-03,Ireland,4,8,25066,1658,331,43,815,97
2020-06-04,Ireland,45,1,25111,1659,308,28,796,88
2020-06-05,Ireland,31,5,25142,1664,301,25,751,81
2020-06-06,Ireland,21,6,25163,1670,287,25,657,78
2020-06-07,Ireland,20,0,25183,1670,254,20,601,66
2020-06-08,Ireland,18,9,25201,1679,211,29,562,73
2020-06-09,Ireland,6,4,25207,1683,145,33,509,77
2020-06-10,Ireland,8,8,25215,1691,149,33,480,76
2020-06-11,Ireland,16,4,25231,1695,120,36,428,64
2020-06-12,Ireland,7,8,25238,1703,96,39,397,64
2020-06-13,Ireland,12,2,25250,1705,87,35,374,60
2020-06-14,Ireland,45,0,25295,1705,112,35,366,55
2020-06-15,Ireland,8,1,25303,1706,102,27,313,56
2020-06-16,Ireland,18,0,25321,1706,114,23,259,56
2020-06-17,Ireland,13,3,25334,1709,119,18,268,51
2020-06-18,Ireland,7,1,25341,1710,110,15,230,51
2020-06-19,Ireland,14,4,25355,1714,117,11,213,50
2020-06-20,Ireland,13,0,25368,1714,118,9,205,44
2020-06-21,Ireland,6,1,25374,1715,79,10,191,45
2020-06-22,Ireland,5,0,25379,1715,76,9,178,36
2020-06-23,Ireland,4,2,25383,1717,62,11,176,34
2020-06-24,Ireland,8,3,25391,1720,57,11,176,29
2020-06-25,Ireland,5,6,25396,1726,55,16,165,31
2020-06-26,Ireland,9,1,25405,1727,50,13,167,24
2020-06-27,Ireland,9,3,25414,1730,46,16,164,25
2020-06-28,Ireland,23,4,25437,1734,63,19,142,29
2020-06-29,Ireland,2,1,25439,1735,60,20,136,29
2020-06-30,Ireland,23,0,25462,1735,79,18,141,29
2020-07-01,Ireland,11,1,25473,1736,82,16,139,27
2020-07-02,Ireland,4,2,25477,1738,81,12,136,28
2020-07-03,Ireland,12,0,25489,1738,84,11,134,24
2020-07-04,Ireland,9,2,25498,1740,84,10,130,26
2020-07-05,Ireland,11,1,25509,1741,72,7,135,26
2020-07-06,Ireland,18,0,25527,1741,88,6,148,26
2020-07-07,Ireland,4,0,25531,1741,69,6,148,24
2020-07-08,Ireland,7,2,25538,1743,65,7,147,23
2020-07-09,Ireland,4,0,25542,1743,65,5,146,17
2020-07-10,Ireland,23,0,25565,1743,76,5,160,16
2020-07-11,Ireland,24,1,25589,1744,91,4,175,14
2020-07-12,Ireland,22,2,25611,1746,102,5,174,12
2020-07-13,Ireland,17,0,25628,1746,101,5,189,11
2020-07-14,Ireland,10,0,25638,1746,107,5,176,11
2020-07-15,Ireland,32,0,25670,1746,132,3,197,10
2020-07-16,Ireland,13,2,25683,1748,141,5,206,10
2020-07-17,Ireland,15,1,25698,1749,133,6,209,11
2020-07-18,Ireland,32,3,25730,1752,141,8,232,12
2020-07-19,Ireland,20,1,25750,1753,139,7,241,12
2020-07-20,Ireland,10,0,25760,1753,132,7,233,12
2020-07-21,Ireland,6,0,25766,1753,128,7,235,12
2020-07-22,Ireland,36,0,25802,1753,132,7,264,10
2020-07-23,Ireland,17,1,25819,1754,136,6,277,11
2020-07-24,Ireland,7,9,25826,1763,128,14,261,20
2020-07-25,Ireland,19,0,25845,1763,115,11,256,19
2020-07-26,Ireland,24,0,25869,1763,119,10,258,17
2020-07-27,Ireland,12,0,25881,1763,121,10,253,17
2020-07-28,Ireland,11,0,25892,1763,126,10,254,17
2020-07-29,Ireland,37,0,25929,1763,127,10,259,17
2020-07-30,Ireland,13,0,25942,1763,123,9,259,15
2020-07-31,Ireland,85,0,26027,1763,201,0,329,14
2020-08-01,Ireland,38,0,26065,1763,220,0,335,11
2020-08-02,Ireland,44,0,26109,1763,240,0,359,10
2020-08-03,Ireland,53,0,26162,1763,281,0,402,10
2020-08-04,Ireland,46,0,26208,1763,316,0,442,10
2020-08-05,Ireland,45,0,26253,1763,324,0,451,10
2020-08-06,Ireland,50,0,26303,1763,361,0,484,9
2020-08-07,Ireland,69,5,26372,1768,345,5,546,5
2020-08-08,Ireland,98,4,26470,1772,405,9,625,9
2020-08-09,Ireland,174,0,26644,1772,535,9,775,9
2020-08-10,Ireland,68,0,26712,1772,550,9,831,9
2020-08-11,Ireland,56,0,26768,1772,560,9,876,9
2020-08-12,Ireland,33,1,26801,1773,548,10,872,10
2020-08-13,Ireland,37,1,26838,1774,535,11,896,11
2020-08-14,Ireland,91,0,26929,1774,557,6,902,11
2020-08-15,Ireland,66,0,26995,1774,525,2,930,11
2020-08-16,Ireland,196,0,27191,1774,547,2,1082,11
2020-08-17,Ireland,66,0,27257,1774,545,2,1095,11
2020-08-18,Ireland,56,0,27313,1774,545,2,1105,11
2020-08-19,Ireland,186,1,27499,1775,698,2,1246,12
2020-08-20,Ireland,48,0,27547,1775,709,1,1244,12
2020-08-21,Ireland,129,1,27676,1776,747,2,1304,8
2020-08-22,Ireland,79,0,27755,1776,760,2,1285,4
2020-08-23,Ireland,153,1,27908,1777,717,3,1264,5
2020-08-24,Ireland,61,0,27969,1777,712,3,1257,5
2020-08-25,Ireland,147,0,28116,1777,803,3,1348,5
2020-08-26,Ireland,85,0,28201,1777,702,2,1400,4
2020-08-27,Ireland,162,0,28363,1777,816,2,1525,3
2020-08-28,Ireland,90,0,28453,1777,777,1,1524,3
2020-08-29,Ireland,126,0,28579,1777,824,1,1584,3
2020-08-30,Ireland,141,0,28720,1777,812,0,1529,3
2020-08-31,Ireland,40,0,28760,1777,791,0,1503,3
2020-04-01,Isle of Man,10,0,52,0,29,0,0,0
2020-04-02,Isle of Man,13,0,65,0,42,0,0,0
2020-04-03,Isle of Man,6,1,71,1,45,1,71,1
2020-04-04,Isle of Man,43,0,114,1,85,1,113,1
2020-04-05,Isle of Man,12,0,126,1,94,1,124,1
2020-04-06,Isle of Man,1,0,127,1,85,1,125,1
2020-04-07,Isle of Man,12,0,139,1,97,1,126,1
2020-04-08,Isle of Man,11,0,150,1,98,1,127,1
2020-04-09,Isle of Man,8,0,158,1,93,1,135,1
2020-04-10,Isle of Man,32,0,190,1,119,0,164,1
2020-04-11,Isle of Man,11,0,201,1,87,0,172,1
2020-04-12,Isle of Man,25,0,226,1,100,0,194,1
2020-04-13,Isle of Man,2,1,228,2,101,1,186,2
2020-04-14,Isle of Man,14,0,242,2,103,1,200,2
2020-04-15,Isle of Man,0,0,242,2,92,1,190,2
2020-04-16,Isle of Man,12,0,254,2,96,1,189,2
2020-04-17,Isle of Man,30,2,284,4,94,3,213,3
2020-04-18,Isle of Man,5,0,289,4,88,3,175,3
2020-04-19,Isle of Man,8,2,297,6,71,5,171,5
2020-04-20,Isle of Man,1,0,298,6,70,4,171,5
2020-04-21,Isle of Man,2,3,300,9,58,7,161,8
2020-04-22,Isle of Man,7,1,307,10,65,8,157,9
2020-04-23,Isle of Man,0,5,307,15,53,13,149,14
2020-04-24,Isle of Man,0,1,307,16,23,12,117,15
2020-04-25,Isle of Man,1,2,308,18,19,14,107,17
2020-04-26,Isle of Man,0,0,308,18,11,12,82,17
2020-04-27,Isle of Man,0,0,308,18,10,12,80,16
2020-04-28,Isle of Man,0,0,308,18,8,9,66,16
2020-04-29,Isle of Man,1,3,309,21,2,11,67,19
2020-04-30,Isle of Man,4,0,313,21,6,6,59,19
2020-05-01,Isle of Man,2,0,315,21,8,5,31,17
2020-05-02,Isle of Man,1,1,316,22,8,4,27,18
2020-05-03,Isle of Man,4,0,320,22,12,4,23,16
2020-05-04,Isle of Man,1,0,321,22,13,4,23,16
2020-05-05,Isle of Man,4,1,325,23,17,5,25,14
2020-05-06,Isle of Man,1,0,326,23,17,2,19,13
2020-05-07,Isle of Man,1,0,327,23,14,2,20,8
2020-05-08,Isle of Man,2,0,329,23,14,2,22,7
2020-05-09,Isle of Man,0,0,329,23,13,1,21,5
2020-05-10,Isle of Man,1,0,330,23,10,1,22,5
2020-05-11,Isle of Man,0,0,330,23,9,1,22,5
2020-05-12,Isle of Man,0,0,330,23,5,0,22,5
2020-05-13,Isle of Man,1,0,331,23,5,0,22,2
2020-05-14,Isle of Man,1,0,332,23,5,0,19,2
2020-05-15,Isle of Man,0,0,332,23,3,0,17,2
2020-05-16,Isle of Man,2,1,334,24,5,1,18,2
2020-05-17,Isle of Man,1,0,335,24,5,1,15,2
2020-05-18,Isle of Man,0,0,335,24,5,1,14,2
2020-05-19,Isle of Man,0,0,335,24,5,1,10,1
2020-05-20,Isle of Man,0,0,335,24,4,1,9,1
2020-05-21,Isle of Man,1,0,336,24,4,1,9,1
2020-05-22,Isle of Man,0,0,336,24,4,1,7,1
2020-05-23,Isle of Man,0,0,336,24,2,0,7,1
2020-05-24,Isle of Man,0,0,336,24,1,0,6,1
2020-05-25,Isle of Man,0,0,336,24,1,0,6,1
2020-05-26,Isle of Man,0,0,336,24,1,0,6,1
2020-05-27,Isle of Man,0,0,336,24,1,0,5,1
2020-05-28,Isle of Man,0,0,336,24,0,0,4,1
2020-05-29,Isle of Man,0,0,336,24,0,0,4,1
2020-05-30,Isle of Man,0,0,336,24,0,0,2,0
2020-05-31,Isle of Man,0,0,336,24,0,0,1,0
2020-06-01,Isle of Man,0,0,336,24,0,0,1,0
2020-06-02,Isle of Man,0,0,336,24,0,0,1,0
2020-06-03,Isle of Man,0,0,336,24,0,0,1,0
2020-06-04,Isle of Man,0,0,336,24,0,0,0,0
2020-06-05,Isle of Man,0,0,336,24,0,0,0,0
2020-06-06,Isle of Man,0,0,336,24,0,0,0,0
2020-06-07,Isle of Man,0,0,336,24,0,0,0,0
2020-06-08,Isle of Man,0,0,336,24,0,0,0,0
2020-06-09,Isle of Man,0,0,336,24,0,0,0,0
2020-06-10,Isle of Man,0,0,336,24,0,0,0,0
2020-06-11,Isle of Man,0,0,336,24,0,0,0,0
2020-06-12,Isle of Man,0,0,336,24,0,0,0,0
2020-06-13,Isle of Man,0,0,336,24,0,0,0,0
2020-06-14,Isle of Man,0,0,336,24,0,0,0,0
2020-06-15,Isle of Man,0,0,336,24,0,0,0,0
2020-06-16,Isle of Man,0,0,336,24,0,0,0,0
2020-06-17,Isle of Man,0,0,336,24,0,0,0,0
2020-06-18,Isle of Man,0,0,336,24,0,0,0,0
2020-06-19,Isle of Man,0,0,336,24,0,0,0,0
2020-06-20,Isle of Man,0,0,336,24,0,0,0,0
2020-06-21,Isle of Man,0,0,336,24,0,0,0,0
2020-06-22,Isle of Man,0,0,336,24,0,0,0,0
2020-06-23,Isle of Man,0,0,336,24,0,0,0,0
2020-06-24,Isle of Man,0,0,336,24,0,0,0,0
2020-06-25,Isle of Man,0,0,336,24,0,0,0,0
2020-06-26,Isle of Man,0,0,336,24,0,0,0,0
2020-06-27,Isle of Man,0,0,336,24,0,0,0,0
2020-06-28,Isle of Man,0,0,336,24,0,0,0,0
2020-06-29,Isle of Man,0,0,336,24,0,0,0,0
2020-06-30,Isle of Man,0,0,336,24,0,0,0,0
2020-07-01,Isle of Man,0,0,336,24,0,0,0,0
2020-07-02,Isle of Man,0,0,336,24,0,0,0,0
2020-07-03,Isle of Man,0,0,336,24,0,0,0,0
2020-07-04,Isle of Man,0,0,336,24,0,0,0,0
2020-07-05,Isle of Man,0,0,336,24,0,0,0,0
2020-07-06,Isle of Man,0,0,336,24,0,0,0,0
2020-07-07,Isle of Man,0,0,336,24,0,0,0,0
2020-07-08,Isle of Man,0,0,336,24,0,0,0,0
2020-07-09,Isle of Man,0,0,336,24,0,0,0,0
2020-07-10,Isle of Man,0,0,336,24,0,0,0,0
2020-07-11,Isle of Man,0,0,336,24,0,0,0,0
2020-07-12,Isle of Man,0,0,336,24,0,0,0,0
2020-07-13,Isle of Man,0,0,336,24,0,0,0,0
2020-07-14,Isle of Man,0,0,336,24,0,0,0,0
2020-07-15,Isle of Man,0,0,336,24,0,0,0,0
2020-07-16,Isle of Man,0,0,336,24,0,0,0,0
2020-07-17,Isle of Man,0,0,336,24,0,0,0,0
2020-07-18,Isle of Man,0,0,336,24,0,0,0,0
2020-07-19,Isle of Man,0,0,336,24,0,0,0,0
2020-07-20,Isle of Man,0,0,336,24,0,0,0,0
2020-07-21,Isle of Man,0,0,336,24,0,0,0,0
2020-07-22,Isle of Man,0,0,336,24,0,0,0,0
2020-07-23,Isle of Man,0,0,336,24,0,0,0,0
2020-07-24,Isle of Man,0,0,336,24,0,0,0,0
2020-07-25,Isle of Man,0,0,336,24,0,0,0,0
2020-07-26,Isle of Man,0,0,336,24,0,0,0,0
2020-07-27,Isle of Man,0,0,336,24,0,0,0,0
2020-07-28,Isle of Man,0,0,336,24,0,0,0,0
2020-07-29,Isle of Man,0,0,336,24,0,0,0,0
2020-07-30,Isle of Man,0,0,336,24,0,0,0,0
2020-07-31,Isle of Man,0,0,336,24,0,0,0,0
2020-08-01,Isle of Man,0,0,336,24,0,0,0,0
2020-08-02,Isle of Man,0,0,336,24,0,0,0,0
2020-08-03,Isle of Man,0,0,336,24,0,0,0,0
2020-08-04,Isle of Man,0,0,336,24,0,0,0,0
2020-08-05,Isle of Man,0,0,336,24,0,0,0,0
2020-08-06,Isle of Man,0,0,336,24,0,0,0,0
2020-08-07,Isle of Man,0,0,336,24,0,0,0,0
2020-08-08,Isle of Man,0,0,336,24,0,0,0,0
2020-08-09,Isle of Man,0,0,336,24,0,0,0,0
2020-08-10,Isle of Man,0,0,336,24,0,0,0,0
2020-08-11,Isle of Man,0,0,336,24,0,0,0,0
2020-08-12,Isle of Man,0,0,336,24,0,0,0,0
2020-08-13,Isle of Man,0,0,336,24,0,0,0,0
2020-08-14,Isle of Man,0,0,336,24,0,0,0,0
2020-08-15,Isle of Man,0,0,336,24,0,0,0,0
2020-08-16,Isle of Man,0,0,336,24,0,0,0,0
2020-08-17,Isle of Man,0,0,336,24,0,0,0,0
2020-08-18,Isle of Man,0,0,336,24,0,0,0,0
2020-08-19,Isle of Man,0,0,336,24,0,0,0,0
2020-08-20,Isle of Man,0,0,336,24,0,0,0,0
2020-08-21,Isle of Man,0,0,336,24,0,0,0,0
2020-08-22,Isle of Man,0,0,336,24,0,0,0,0
2020-08-23,Isle of Man,0,0,336,24,0,0,0,0
2020-08-24,Isle of Man,0,0,336,24,0,0,0,0
2020-08-25,Isle of Man,0,0,336,24,0,0,0,0
2020-08-26,Isle of Man,0,0,336,24,0,0,0,0
2020-08-27,Isle of Man,0,0,336,24,0,0,0,0
2020-08-28,Isle of Man,0,0,336,24,0,0,0,0
2020-08-29,Isle of Man,0,0,336,24,0,0,0,0
2020-08-30,Isle of Man,0,0,336,24,0,0,0,0
2020-08-31,Isle of Man,0,0,336,24,0,0,0,0
2020-04-01,Israel,443,3,4916,20,2986,17,4489,20
2020-04-02,Israel,675,1,5591,21,3222,16,5158,21
2020-04-03,Israel,661,13,6252,34,3586,26,5575,34
2020-04-04,Israel,1176,5,7428,39,4393,29,6716,38
2020-04-05,Israel,590,7,8018,46,4399,34,7135,45
2020-04-06,Israel,412,3,8430,49,4183,34,7359,48
2020-04-07,Israel,474,8,8904,57,4431,40,7462,56
2020-04-08,Israel,344,8,9248,65,4332,45,7318,62
2020-04-09,Israel,156,6,9404,71,3813,50,7035,66
2020-04-10,Israel,564,15,9968,86,3716,52,7302,78
2020-04-11,Israel,440,9,10408,95,2980,56,7373,85
2020-04-12,Israel,335,6,10743,101,2725,55,7124,89
2020-04-13,Israel,402,2,11145,103,2715,54,6898,88
2020-04-14,Israel,441,13,11586,116,2682,59,7113,99
2020-04-15,Israel,460,7,12046,123,2798,58,7130,103
2020-04-16,Israel,455,7,12501,130,3097,59,6910,109
2020-04-17,Israel,257,12,12758,142,2790,56,6506,108
2020-04-18,Israel,224,9,12982,151,2574,56,5554,112
2020-04-19,Israel,283,13,13265,164,2522,63,5247,118
2020-04-20,Israel,226,8,13491,172,2346,69,5061,123
2020-04-21,Israel,222,5,13713,177,2127,61,4809,120
2020-04-22,Israel,229,7,13942,184,1896,61,4694,119
2020-04-23,Israel,650,7,14592,191,2091,61,5188,120
2020-04-24,Israel,290,2,14882,193,2124,51,4914,107
2020-04-25,Israel,176,1,15058,194,2076,43,4650,99
2020-04-26,Israel,240,5,15298,199,2033,35,4555,98
2020-04-27,Israel,100,0,15398,199,1907,27,4253,96
2020-04-28,Israel,68,3,15466,202,1753,25,3880,86
2020-04-29,Israel,123,6,15589,208,1647,24,3543,85
2020-04-30,Israel,245,7,15834,215,1242,24,3333,85
2020-05-01,Israel,112,7,15946,222,1064,29,3188,80
2020-05-02,Israel,155,3,16101,225,1043,31,3119,74
2020-05-03,Israel,84,4,16185,229,887,30,2920,65
2020-05-04,Israel,23,3,16208,232,810,33,2717,60
2020-05-05,Israel,38,3,16246,235,780,33,2533,58
2020-05-06,Israel,43,3,16289,238,700,30,2347,54
2020-05-07,Israel,21,1,16310,239,476,24,1718,48
2020-05-08,Israel,71,1,16381,240,435,18,1499,47
2020-05-09,Israel,55,5,16436,245,335,20,1378,51
2020-05-10,Israel,18,2,16454,247,269,18,1156,48
2020-05-11,Israel,23,5,16477,252,269,20,1079,53
2020-05-12,Israel,29,6,16506,258,260,23,1040,56
2020-05-13,Israel,23,2,16529,260,240,22,940,52
2020-05-14,Israel,19,4,16548,264,238,25,714,49
2020-05-15,Israel,31,1,16579,265,198,25,633,43
2020-05-16,Israel,10,1,16589,266,153,21,488,41
2020-05-17,Israel,19,2,16608,268,154,21,423,39
2020-05-18,Israel,9,4,16617,272,140,20,409,40
2020-05-19,Israel,4,0,16621,272,115,14,375,37
2020-05-20,Israel,29,5,16650,277,121,17,361,39
2020-05-21,Israel,20,2,16670,279,122,15,360,40
2020-05-22,Israel,20,0,16690,279,111,14,309,39
2020-05-23,Israel,0,0,16690,279,101,13,254,34
2020-05-24,Israel,0,0,16690,279,82,11,236,32
2020-05-25,Israel,30,1,16720,280,103,8,243,28
2020-05-26,Israel,14,1,16734,281,113,9,228,23
2020-05-27,Israel,23,0,16757,281,107,4,228,21
2020-05-28,Israel,36,0,16793,281,123,2,245,17
2020-05-29,Israel,79,3,16872,284,182,5,293,19
2020-05-30,Israel,115,0,16987,284,297,5,398,18
2020-05-31,Israel,25,0,17012,284,322,5,404,16
2020-06-01,Israel,59,1,17071,285,351,5,454,13
2020-06-02,Israel,148,2,17219,287,485,6,598,15
2020-06-03,Israel,123,3,17342,290,585,9,692,13
2020-06-04,Israel,87,1,17429,291,636,10,759,12
2020-06-05,Israel,133,0,17562,291,690,7,872,12
2020-06-06,Israel,144,1,17706,292,719,8,1016,13
2020-06-07,Israel,77,5,17783,297,771,13,1093,18
2020-06-08,Israel,132,1,17915,298,844,13,1195,18
2020-06-09,Israel,174,0,18089,298,870,11,1355,17
2020-06-10,Israel,179,1,18268,299,926,9,1511,18
2020-06-11,Israel,87,0,18355,299,926,8,1562,18
2020-06-12,Israel,346,1,18701,300,1139,9,1829,16
2020-06-13,Israel,175,0,18876,300,1170,8,1889,16
2020-06-14,Israel,132,0,19008,300,1225,3,1996,16
2020-06-15,Israel,113,2,19121,302,1206,4,2050,17
2020-06-16,Israel,217,0,19338,302,1249,4,2119,15
2020-06-17,Israel,299,1,19637,303,1369,4,2295,13
2020-06-18,Israel,257,0,19894,303,1539,4,2465,12
2020-06-19,Israel,142,0,20036,303,1335,3,2474,12
2020-06-20,Israel,303,1,20339,304,1463,4,2633,12
2020-06-21,Israel,294,1,20633,305,1625,5,2850,8
2020-06-22,Israel,145,1,20778,306,1657,4,2863,8
2020-06-23,Israel,304,1,21082,307,1744,5,2993,9
2020-06-24,Israel,430,1,21512,308,1875,5,3244,9
2020-06-25,Israel,532,0,22044,308,2150,5,3689,9
2020-06-26,Israel,356,1,22400,309,2364,6,3699,9
2020-06-27,Israel,400,5,22800,314,2461,10,3924,14
2020-06-28,Israel,621,3,23421,317,2788,12,4413,17
2020-06-29,Israel,334,1,23755,318,2977,12,4634,16
2020-06-30,Israel,686,1,24441,319,3359,12,5103,17
2020-07-01,Israel,803,1,25244,320,3732,12,5607,17
2020-07-02,Israel,1013,2,26257,322,4213,14,6363,19
2020-07-03,Israel,1285,3,27542,325,5142,16,7506,22
2020-07-04,Israel,513,1,28055,326,5255,12,7716,22
2020-07-05,Israel,1115,4,29170,330,5749,13,8537,25
2020-07-06,Israel,788,1,29958,331,6203,13,9180,25
2020-07-07,Israel,1228,7,31186,338,6745,19,10104,31
2020-07-08,Israel,1036,4,32222,342,6978,22,10710,34
2020-07-09,Israel,1335,2,33557,344,7300,22,11513,36
2020-07-10,Israel,1268,4,34825,348,7283,23,12425,39
2020-07-11,Israel,1441,3,36266,351,8211,25,13466,37
2020-07-12,Israel,1197,3,37463,354,8293,24,14042,37
2020-07-13,Israel,1207,8,38670,362,8712,31,14915,44
2020-07-14,Israel,1962,3,40632,365,9446,27,16191,46
2020-07-15,Israel,1728,6,42360,371,10138,29,17116,51
2020-07-16,Israel,2354,9,44714,380,11157,36,18457,58
2020-07-17,Israel,1345,4,46059,384,11234,36,18517,59
2020-07-18,Israel,1400,8,47459,392,11193,41,19404,66
2020-07-19,Israel,1906,9,49365,401,11902,47,20195,71
2020-07-20,Israel,924,8,50289,409,11619,47,20331,78
2020-07-21,Israel,1387,6,51676,415,11044,50,20490,77
2020-07-22,Israel,2366,10,54042,425,11682,54,21820,83
2020-07-23,Israel,2043,5,56085,430,11371,50,22528,86
2020-07-24,Israel,1897,12,57982,442,11923,58,23157,94
2020-07-25,Israel,1493,6,59475,448,12016,56,23209,97
2020-07-26,Israel,1203,9,60678,457,11313,56,23215,103
2020-07-27,Israel,1278,13,61956,470,11667,61,23286,108
2020-07-28,Israel,2502,4,64458,474,12782,59,23826,109
2020-07-29,Israel,2097,12,66555,486,12513,61,24195,115
2020-07-30,Israel,2001,5,68556,491,12471,61,23842,111
2020-07-31,Israel,1823,12,70379,503,12397,61,24320,119
2020-08-01,Israel,591,9,70970,512,11495,64,23511,120
2020-08-02,Israel,1313,15,72283,527,11605,70,22918,126
2020-08-03,Israel,742,9,73025,536,11069,66,22736,127
2020-08-04,Israel,1878,10,74903,546,10445,72,23227,131
2020-08-05,Israel,1739,15,76642,561,10087,75,22600,136
2020-08-06,Israel,1682,4,78324,565,9768,74,22239,135
2020-08-07,Israel,1730,11,80054,576,9675,73,22072,134
2020-08-08,Israel,937,5,80991,581,10021,69,21516,133
2020-08-09,Israel,1474,13,82465,594,10182,67,21787,137
2020-08-10,Israel,537,6,83002,600,9977,64,21046,130
2020-08-11,Israel,2220,13,85222,613,10319,67,20764,139
2020-08-12,Israel,1737,9,86959,622,10317,61,20404,136
2020-08-13,Israel,1595,17,88554,639,10230,74,19998,148
2020-08-14,Israel,1268,12,89822,651,9768,75,19443,148
2020-08-15,Israel,1258,14,91080,665,10089,84,20110,153
2020-08-16,Israel,1263,9,92343,674,9878,80,20060,147
2020-08-17,Israel,337,11,92680,685,9678,85,19655,149
2020-08-18,Israel,2449,7,95129,692,9907,79,20226,146
2020-08-19,Israel,1280,16,96409,708,9450,86,19767,147
2020-08-20,Israel,1560,71,97969,779,9415,140,19645,214
2020-08-21,Israel,1630,16,99599,795,9777,144,19545,219
2020-08-22,Israel,1117,14,100716,809,9636,144,19725,228
2020-08-23,Israel,1364,10,102080,819,9737,145,19615,225
2020-08-24,Israel,1071,15,103151,834,10471,149,20149,234
2020-08-25,Israel,1912,13,105063,847,9934,155,19841,234
2020-08-26,Israel,2015,12,107078,859,10669,151,20119,237
2020-08-27,Israel,1886,16,108964,875,10995,96,20410,236
2020-08-28,Israel,1439,9,110403,884,10804,89,20581,233
2020-08-29,Israel,1597,10,112000,894,11284,85,20920,229
2020-08-30,Israel,1623,12,113623,906,11543,87,21280,232
2020-08-31,Israel,397,13,114020,919,10869,85,21340,234
2020-04-01,Italy,4053,839,105792,12430,36616,5610,74286,9925
2020-04-02,Italy,4782,727,110574,13157,36188,5652,74861,10179
2020-04-03,Italy,4668,760,115242,13917,34703,5752,74207,10510
2020-04-04,Italy,4585,764,119827,14681,33329,5545,72806,10649
2020-04-05,Italy,4805,681,124632,15362,32160,5339,71054,10535
2020-04-06,Italy,4316,527,128948,15889,31259,5108,69810,10413
2020-04-07,Italy,3599,636,132547,16525,30808,4934,68620,10448
2020-04-08,Italy,3039,604,135586,17129,29794,4699,66410,10309
2020-04-09,Italy,3836,540,139422,17669,28848,4512,65036,10164
2020-04-10,Italy,4204,612,143626,18281,28384,4364,63087,10116
2020-04-11,Italy,3951,570,147577,18851,27750,4170,61079,9715
2020-04-12,Italy,4694,619,152271,19470,27639,4108,59799,9447
2020-04-13,Italy,4092,431,156363,19901,27415,4012,58674,9120
2020-04-14,Italy,3153,564,159516,20465,26969,3940,57777,8874
2020-04-15,Italy,2972,604,162488,21069,26902,3940,56696,8639
2020-04-16,Italy,2667,578,165155,21647,25733,3978,54581,8490
2020-04-17,Italy,3786,525,168941,22172,25315,3891,53699,8255
2020-04-18,Italy,3493,575,172434,22747,24857,3896,52607,8066
2020-04-19,Italy,3491,480,175925,23227,23654,3757,51293,7865
2020-04-20,Italy,3047,433,178972,23660,22609,3759,50024,7771
2020-04-21,Italy,2256,454,181228,24114,21712,3649,48681,7589
2020-04-22,Italy,2729,534,183957,24648,21469,3579,48371,7519
2020-04-23,Italy,3370,437,187327,25085,22172,3438,47905,7416
2020-04-24,Italy,2646,464,189973,25549,21032,3377,46347,7268
2020-04-25,Italy,3021,420,192994,25969,20560,3222,45417,7118
2020-04-26,Italy,2357,415,195351,26384,19426,3157,43080,6914
2020-04-27,Italy,2324,260,197675,26644,18703,2984,41312,6743
2020-04-28,Italy,1739,333,199414,26977,18186,2863,39898,6512
2020-04-29,Italy,2091,382,201505,27359,17548,2711,39017,6290
2020-04-30,Italy,2086,323,203591,27682,16264,2597,38436,6035
2020-05-01,Italy,1872,285,205463,27967,15490,2418,36522,5795
2020-05-02,Italy,1965,269,207428,28236,14434,2267,34994,5489
2020-05-03,Italy,1900,474,209328,28710,13977,2326,33403,5483
2020-05-04,Italy,1389,174,210717,28884,13042,2240,31745,5224
2020-05-05,Italy,1221,195,211938,29079,12524,2102,30710,4965
2020-05-06,Italy,1075,236,213013,29315,11508,1956,29056,4667
2020-05-07,Italy,1444,369,214457,29684,10866,2002,27130,4599
2020-05-08,Italy,1401,274,215858,29958,10395,1991,25885,4409
2020-05-09,Italy,1327,243,217185,30201,9757,1965,24191,4232
2020-05-10,Italy,1083,194,218268,30395,8940,1685,22917,4011
2020-05-11,Italy,802,165,219070,30560,8353,1676,21395,3916
2020-05-12,Italy,744,179,219814,30739,7876,1660,20400,3762
2020-05-13,Italy,1402,172,221216,30911,8203,1596,19711,3552
2020-05-14,Italy,888,195,222104,31106,7647,1422,18513,3424
2020-05-15,Italy,992,262,223096,31368,7238,1410,17633,3401
2020-05-16,Italy,789,242,223885,31610,6700,1409,16457,3374
2020-05-17,Italy,875,153,224760,31763,6492,1368,15432,3053
2020-05-18,Italy,675,145,225435,31908,6365,1348,14718,3024
2020-05-19,Italy,451,99,225886,32007,6072,1268,13948,2928
2020-05-20,Italy,813,162,226699,32169,5483,1258,13686,2854
2020-05-21,Italy,665,161,227364,32330,5260,1224,12907,2646
2020-05-22,Italy,642,156,228006,32486,4910,1118,12148,2528
2020-05-23,Italy,652,130,228658,32616,4773,1006,11473,2415
2020-05-24,Italy,669,119,229327,32735,4567,972,11059,2340
2020-05-25,Italy,531,50,229858,32785,4423,877,10788,2225
2020-05-26,Italy,300,92,230158,32877,4272,870,10344,2138
2020-05-27,Italy,397,78,230555,32955,3856,786,9339,2044
2020-05-28,Italy,584,117,231139,33072,3775,742,9035,1966
2020-05-29,Italy,593,70,231732,33142,3726,656,8636,1774
2020-05-30,Italy,516,87,232248,33229,3590,613,8363,1619
2020-05-31,Italy,416,111,232664,33340,3337,605,7904,1577
2020-06-01,Italy,355,75,233019,33415,3161,630,7584,1507
2020-06-02,Italy,178,60,233197,33475,3039,598,7311,1468
2020-06-03,Italy,318,55,233515,33530,2960,575,6816,1361
2020-06-04,Italy,321,71,233836,33601,2697,529,6472,1271
2020-06-05,Italy,177,88,234013,33689,2281,547,6007,1203
2020-06-06,Italy,518,85,234531,33774,2283,545,5873,1158
2020-06-07,Italy,270,72,234801,33846,2137,506,5474,1111
2020-06-08,Italy,197,53,234998,33899,1979,484,5140,1114
2020-06-09,Italy,280,65,235278,33964,2081,489,5120,1087
2020-06-10,Italy,283,79,235561,34043,2046,513,5006,1088
2020-06-11,Italy,202,71,235763,34114,1927,513,4624,1042
2020-06-12,Italy,379,53,236142,34167,2129,478,4410,1025
2020-06-13,Italy,163,56,236305,34223,1774,449,4057,994
2020-06-14,Italy,346,78,236651,34301,1850,455,3987,961
2020-06-15,Italy,338,44,236989,34345,1991,446,3970,930
2020-06-16,Italy,301,26,237290,34371,2012,407,4093,896
2020-06-17,Italy,210,34,237500,34405,1939,362,3985,875
2020-06-18,Italy,328,43,237828,34448,2065,334,3992,847
2020-06-19,Italy,331,66,238159,34514,2017,347,4146,825
2020-06-20,Italy,-148,47,238011,34561,1706,338,3480,787
2020-06-21,Italy,264,49,238275,34610,1624,309,3474,764
2020-06-22,Italy,224,24,238499,34634,1510,289,3501,735
2020-06-23,Italy,221,23,238720,34657,1430,286,3442,693
2020-06-24,Italy,113,18,238833,34675,1333,270,3272,632
2020-06-25,Italy,577,-31,239410,34644,1582,196,3647,530
2020-06-26,Italy,296,34,239706,34678,1547,164,3564,511
2020-06-27,Italy,255,30,239961,34708,1950,147,3656,485
2020-06-28,Italy,175,8,240136,34716,1861,106,3485,415
2020-06-29,Italy,174,22,240310,34738,1811,104,3321,393
2020-06-30,Italy,126,6,240436,34744,1716,87,3146,373
2020-07-01,Italy,142,23,240578,34767,1745,92,3078,362
2020-07-02,Italy,182,21,240760,34788,1350,144,2932,340
2020-07-03,Italy,201,30,240961,34818,1255,140,2802,304
2020-07-04,Italy,223,15,241184,34833,1223,125,3173,272
2020-07-05,Italy,235,21,241419,34854,1283,138,3144,244
2020-07-06,Italy,192,7,241611,34861,1301,123,3112,227
2020-07-07,Italy,208,8,241819,34869,1383,125,3099,212
2020-07-08,Italy,137,30,241956,34899,1378,132,3123,224
2020-07-09,Italy,193,15,242149,34914,1389,126,2739,270
2020-07-10,Italy,214,12,242363,34926,1402,108,2657,248
2020-07-11,Italy,276,12,242639,34938,1455,105,2678,230
2020-07-12,Italy,188,7,242827,34945,1408,91,2691,229
2020-07-13,Italy,234,9,243061,34954,1450,93,2751,216
2020-07-14,Italy,169,13,243230,34967,1411,98,2794,223
2020-07-15,Italy,114,17,243344,34984,1388,85,2766,217
2020-07-16,Italy,162,13,243506,34997,1357,83,2746,209
2020-07-17,Italy,230,20,243736,35017,1373,91,2775,199
2020-07-18,Italy,231,11,243967,35028,1328,90,2783,195
2020-07-19,Italy,249,14,244216,35042,1389,97,2797,188
2020-07-20,Italy,218,3,244434,35045,1373,91,2823,184
2020-07-21,Italy,190,13,244624,35058,1394,91,2805,189
2020-07-22,Italy,128,15,244752,35073,1408,89,2796,174
2020-07-23,Italy,280,9,245032,35082,1526,85,2883,168
2020-07-24,Italy,306,10,245338,35092,1602,75,2975,166
2020-07-25,Italy,252,5,245590,35097,1623,69,2951,159
2020-07-26,Italy,274,5,245864,35102,1648,60,3037,157
2020-07-27,Italy,254,5,246118,35107,1684,62,3057,153
2020-07-28,Italy,168,5,246286,35112,1662,54,3056,145
2020-07-29,Italy,202,11,246488,35123,1736,50,3144,139
2020-07-30,Italy,288,6,246776,35129,1744,47,3270,132
2020-07-31,Italy,382,3,247158,35132,1820,40,3422,115
2020-08-01,Italy,379,9,247537,35141,1947,44,3570,113
2020-08-02,Italy,295,5,247832,35146,1968,44,3616,104
2020-08-03,Italy,238,8,248070,35154,1952,47,3636,109
2020-08-04,Italy,159,12,248229,35166,1943,54,3605,108
2020-08-05,Italy,190,5,248419,35171,1931,48,3667,98
2020-08-06,Italy,384,10,248803,35181,2027,52,3771,99
2020-08-07,Italy,401,6,249204,35187,2046,55,3866,95
2020-08-08,Italy,552,3,249756,35190,2219,49,4166,93
2020-08-09,Italy,347,13,250103,35203,2271,57,4239,101
2020-08-10,Italy,463,2,250566,35205,2496,51,4448,98
2020-08-11,Italy,259,4,250825,35209,2596,43,4539,97
2020-08-12,Italy,412,6,251237,35215,2818,44,4749,92
2020-08-13,Italy,476,10,251713,35225,2910,44,4937,96
2020-08-14,Italy,522,6,252235,35231,3031,44,5077,99
2020-08-15,Italy,574,3,252809,35234,3053,44,5272,93
2020-08-16,Italy,629,158,253438,35392,3335,189,5606,246
2020-08-17,Italy,477,4,253915,35396,3349,191,5845,242
2020-08-18,Italy,320,4,254235,35400,3410,191,6006,234
2020-08-19,Italy,401,5,254636,35405,3399,190,6217,234
2020-08-20,Italy,642,7,255278,35412,3565,187,6475,231
2020-08-21,Italy,840,6,256118,35418,3883,187,6914,231
2020-08-22,Italy,947,9,257065,35427,4256,193,7309,237
2020-08-23,Italy,1071,3,258136,35430,4698,38,8033,227
2020-08-24,Italy,1209,7,259345,35437,5430,41,8779,232
2020-08-25,Italy,953,4,260298,35441,6063,41,9473,232
2020-08-26,Italy,876,4,261174,35445,6538,40,9937,230
2020-08-27,Italy,1366,13,262540,35458,7262,46,10827,233
2020-08-28,Italy,1409,5,263949,35463,7831,45,11714,232
2020-08-29,Italy,1460,9,265409,35472,8344,45,12600,238
2020-08-30,Italy,1444,1,266853,35473,8717,43,13415,81
2020-08-31,Italy,1365,4,268218,35477,8873,40,14303,81
2020-04-01,Jamaica,0,0,38,1,17,0,25,1
2020-04-02,Jamaica,6,2,44,3,19,2,29,3
2020-04-03,Jamaica,3,0,47,3,21,2,31,3
2020-04-04,Jamaica,6,0,53,3,27,2,34,3
2020-04-05,Jamaica,2,0,55,3,23,2,36,3
2020-04-06,Jamaica,3,0,58,3,24,2,39,3
2020-04-07,Jamaica,1,0,59,3,21,2,40,3
2020-04-08,Jamaica,4,0,63,3,25,2,42,2
2020-04-09,Jamaica,0,1,63,4,19,1,38,3
2020-04-10,Jamaica,0,0,63,4,16,1,37,3
2020-04-11,Jamaica,2,0,65,4,12,1,39,3
2020-04-12,Jamaica,4,0,69,4,14,1,37,3
2020-04-13,Jamaica,3,0,72,4,14,1,38,3
2020-04-14,Jamaica,1,0,73,4,14,1,35,3
2020-04-15,Jamaica,32,1,105,5,42,2,67,4
2020-04-16,Jamaica,20,0,125,5,62,1,81,2
2020-04-17,Jamaica,18,0,143,5,80,1,96,2
2020-04-18,Jamaica,20,0,163,5,98,1,110,2
2020-04-19,Jamaica,10,0,173,5,104,1,118,2
2020-04-20,Jamaica,23,0,196,5,124,1,138,2
2020-04-21,Jamaica,27,1,223,6,150,2,164,3
2020-04-22,Jamaica,10,0,233,6,128,1,170,3
2020-04-23,Jamaica,19,0,252,6,127,1,189,2
2020-04-24,Jamaica,0,0,252,6,109,1,189,2
2020-04-25,Jamaica,36,1,288,7,125,2,223,3
2020-04-26,Jamaica,17,0,305,7,132,2,236,3
2020-04-27,Jamaica,45,0,350,7,154,2,278,3
2020-04-28,Jamaica,14,0,364,7,141,1,291,3
2020-04-29,Jamaica,17,0,381,7,148,1,276,2
2020-04-30,Jamaica,15,0,396,7,144,1,271,2
2020-05-01,Jamaica,26,1,422,8,170,2,279,3
2020-05-02,Jamaica,10,0,432,8,144,1,269,3
2020-05-03,Jamaica,31,0,463,8,158,1,290,3
2020-05-04,Jamaica,6,1,469,9,119,2,273,4
2020-05-05,Jamaica,2,0,471,9,107,2,248,3
2020-05-06,Jamaica,2,0,473,9,92,2,240,3
2020-05-07,Jamaica,5,0,478,9,82,2,226,3
2020-05-08,Jamaica,10,0,488,9,66,1,236,3
2020-05-09,Jamaica,2,0,490,9,58,1,202,2
2020-05-10,Jamaica,8,0,498,9,35,1,193,2
2020-05-11,Jamaica,4,0,502,9,33,0,152,2
2020-05-12,Jamaica,3,0,505,9,34,0,141,2
2020-05-13,Jamaica,2,0,507,9,34,0,126,2
2020-05-14,Jamaica,2,0,509,9,31,0,113,2
2020-05-15,Jamaica,0,0,509,9,21,0,87,1
2020-05-16,Jamaica,2,0,511,9,21,0,79,1
2020-05-17,Jamaica,6,0,517,9,19,0,54,1
2020-05-18,Jamaica,3,0,520,9,18,0,51,0
2020-05-19,Jamaica,0,0,520,9,15,0,49,0
2020-05-20,Jamaica,0,0,520,9,13,0,47,0
2020-05-21,Jamaica,9,0,529,9,20,0,51,0
2020-05-22,Jamaica,5,0,534,9,25,0,46,0
2020-05-23,Jamaica,10,0,544,9,33,0,54,0
2020-05-24,Jamaica,6,0,550,9,33,0,52,0
2020-05-25,Jamaica,2,0,552,9,32,0,50,0
2020-05-26,Jamaica,4,0,556,9,36,0,51,0
2020-05-27,Jamaica,8,0,564,9,44,0,57,0
2020-05-28,Jamaica,5,0,569,9,40,0,60,0
2020-05-29,Jamaica,0,0,569,9,35,0,60,0
2020-05-30,Jamaica,6,0,575,9,31,0,64,0
2020-05-31,Jamaica,6,0,581,9,31,0,64,0
2020-06-01,Jamaica,5,0,586,9,34,0,66,0
2020-06-02,Jamaica,2,0,588,9,32,0,68,0
2020-06-03,Jamaica,2,0,590,9,26,0,70,0
2020-06-04,Jamaica,0,0,590,9,21,0,61,0
2020-06-05,Jamaica,1,1,591,10,22,1,57,1
2020-06-06,Jamaica,4,0,595,10,20,1,51,1
2020-06-07,Jamaica,1,0,596,10,15,1,46,1
2020-06-08,Jamaica,2,0,598,10,12,1,46,1
2020-06-09,Jamaica,1,0,599,10,11,1,43,1
2020-06-10,Jamaica,6,0,605,10,15,1,41,1
2020-06-11,Jamaica,0,0,605,10,15,1,36,1
2020-06-12,Jamaica,6,0,611,10,20,0,42,1
2020-06-13,Jamaica,3,0,614,10,19,0,39,1
2020-06-14,Jamaica,1,0,615,10,19,0,34,1
2020-06-15,Jamaica,2,0,617,10,19,0,31,1
2020-06-16,Jamaica,4,0,621,10,22,0,33,1
2020-06-17,Jamaica,0,0,621,10,16,0,31,1
2020-06-18,Jamaica,5,0,626,10,21,0,36,1
2020-06-19,Jamaica,0,0,626,10,15,0,35,0
2020-06-20,Jamaica,26,0,652,10,38,0,57,0
2020-06-21,Jamaica,5,0,657,10,42,0,61,0
2020-06-22,Jamaica,2,0,659,10,42,0,61,0
2020-06-23,Jamaica,6,0,665,10,44,0,66,0
2020-06-24,Jamaica,5,0,670,10,49,0,65,0
2020-06-25,Jamaica,8,0,678,10,52,0,73,0
2020-06-26,Jamaica,6,0,684,10,58,0,73,0
2020-06-27,Jamaica,2,0,686,10,34,0,72,0
2020-06-28,Jamaica,4,0,690,10,33,0,75,0
2020-06-29,Jamaica,6,0,696,10,37,0,79,0
2020-06-30,Jamaica,2,0,698,10,33,0,77,0
2020-07-01,Jamaica,4,0,702,10,32,0,81,0
2020-07-02,Jamaica,5,0,707,10,29,0,81,0
2020-07-03,Jamaica,8,0,715,10,31,0,89,0
2020-07-04,Jamaica,6,0,721,10,35,0,69,0
2020-07-05,Jamaica,7,0,728,10,38,0,71,0
2020-07-06,Jamaica,4,0,732,10,36,0,73,0
2020-07-07,Jamaica,5,0,737,10,39,0,72,0
2020-07-08,Jamaica,8,0,745,10,43,0,75,0
2020-07-09,Jamaica,6,0,751,10,44,0,73,0
2020-07-10,Jamaica,2,0,753,10,38,0,69,0
2020-07-11,Jamaica,0,0,753,10,32,0,67,0
2020-07-12,Jamaica,5,0,758,10,30,0,68,0
2020-07-13,Jamaica,0,0,758,10,26,0,62,0
2020-07-14,Jamaica,1,0,759,10,22,0,61,0
2020-07-15,Jamaica,3,0,762,10,17,0,60,0
2020-07-16,Jamaica,1,0,763,10,12,0,56,0
2020-07-17,Jamaica,2,0,765,10,12,0,50,0
2020-07-18,Jamaica,3,0,768,10,15,0,47,0
2020-07-19,Jamaica,6,0,774,10,16,0,46,0
2020-07-20,Jamaica,16,0,790,10,32,0,58,0
2020-07-21,Jamaica,19,0,809,10,50,0,72,0
2020-07-22,Jamaica,0,0,809,10,47,0,64,0
2020-07-23,Jamaica,7,0,816,10,53,0,65,0
2020-07-24,Jamaica,0,0,816,10,51,0,63,0
2020-07-25,Jamaica,5,0,821,10,53,0,68,0
2020-07-26,Jamaica,16,0,837,10,63,0,79,0
2020-07-27,Jamaica,5,0,842,10,52,0,84,0
2020-07-28,Jamaica,11,0,853,10,44,0,94,0
2020-07-29,Jamaica,2,0,855,10,46,0,93,0
2020-07-30,Jamaica,1,0,856,10,40,0,93,0
2020-07-31,Jamaica,8,0,864,10,48,0,99,0
2020-08-01,Jamaica,0,0,864,10,43,0,96,0
2020-08-02,Jamaica,19,0,883,10,46,0,109,0
2020-08-03,Jamaica,11,2,894,12,52,2,104,2
2020-08-04,Jamaica,11,0,905,12,52,2,96,2
2020-08-05,Jamaica,15,0,920,12,65,2,111,2
2020-08-06,Jamaica,8,0,928,12,72,2,112,2
2020-08-07,Jamaica,30,0,958,12,94,2,142,2
2020-08-08,Jamaica,29,1,987,13,123,3,166,3
2020-08-09,Jamaica,16,0,1003,13,120,3,166,3
2020-08-10,Jamaica,20,1,1023,14,129,2,181,4
2020-08-11,Jamaica,8,0,1031,14,126,2,178,4
2020-08-12,Jamaica,16,0,1047,14,127,2,192,4
2020-08-13,Jamaica,18,0,1065,14,137,2,209,4
2020-08-14,Jamaica,6,0,1071,14,113,2,207,4
2020-08-15,Jamaica,11,0,1082,14,95,1,218,4
2020-08-16,Jamaica,0,0,1082,14,79,1,199,4
2020-08-17,Jamaica,31,0,1113,14,90,0,219,2
2020-08-18,Jamaica,16,0,1129,14,98,0,224,2
2020-08-19,Jamaica,17,0,1146,14,99,0,226,2
2020-08-20,Jamaica,46,0,1192,14,127,0,264,2
2020-08-21,Jamaica,98,1,1290,15,219,1,332,3
2020-08-22,Jamaica,56,1,1346,16,264,2,359,3
2020-08-23,Jamaica,67,0,1413,16,331,2,410,3
2020-08-24,Jamaica,116,0,1529,16,416,2,506,2
2020-08-25,Jamaica,83,0,1612,16,483,2,581,2
2020-08-26,Jamaica,120,3,1732,19,586,5,685,5
2020-08-27,Jamaica,72,0,1804,19,612,5,739,5
2020-08-28,Jamaica,66,0,1870,19,580,4,799,5
2020-08-29,Jamaica,141,0,2011,19,665,3,929,5
2020-08-30,Jamaica,102,1,2113,20,700,4,1031,6
2020-08-31,Jamaica,244,1,2357,21,828,5,1244,7
2020-04-01,Japan,0,0,1953,56,760,13,1124,28
2020-04-02,Japan,225,1,2178,57,910,12,1305,28
2020-04-03,Japan,439,6,2617,63,1253,17,1667,30
2020-04-04,Japan,318,6,2935,69,1436,20,1928,34
2020-04-05,Japan,336,1,3271,70,1578,18,2225,34
2020-04-06,Japan,383,3,3654,73,1788,19,2565,32
2020-04-07,Japan,252,7,3906,80,1953,24,2778,38
2020-04-08,Japan,351,1,4257,81,2304,25,3064,38
2020-04-09,Japan,511,4,4768,85,2590,28,3500,40
2020-04-10,Japan,579,3,5347,88,2730,25,3983,42
2020-04-11,Japan,658,6,6005,94,3070,25,4506,45
2020-04-12,Japan,743,4,6748,98,3477,28,5055,46
2020-04-13,Japan,507,4,7255,102,3601,29,5389,48
2020-04-14,Japan,390,7,7645,109,3739,29,5692,53
2020-04-15,Japan,455,10,8100,119,3843,38,6147,63
2020-04-16,Japan,482,17,8582,136,3814,51,6404,79
2020-04-17,Japan,585,12,9167,148,3820,60,6550,85
2020-04-18,Japan,628,6,9795,154,3790,60,6860,85
2020-04-19,Japan,566,7,10361,161,3613,63,7090,91
2020-04-20,Japan,390,10,10751,171,3496,69,7097,98
2020-04-21,Japan,367,15,11118,186,3473,77,7212,106
2020-04-22,Japan,378,0,11496,186,3396,67,7239,105
2020-04-23,Japan,276,101,11772,287,3190,151,7004,202
2020-04-24,Japan,468,30,12240,317,3073,169,6893,229
2020-04-25,Japan,652,17,12892,334,3097,180,6887,240
2020-04-26,Japan,290,14,13182,348,2821,187,6434,250
2020-04-27,Japan,203,3,13385,351,2634,180,6130,249
2020-04-28,Japan,191,25,13576,376,2458,190,5931,267
2020-04-29,Japan,276,13,13852,389,2356,203,5752,270
2020-04-30,Japan,236,26,14088,415,2316,128,5506,279
2020-05-01,Japan,193,17,14281,432,2041,115,5114,284
2020-05-02,Japan,263,26,14544,458,1652,124,4749,304
2020-05-03,Japan,295,34,14839,492,1657,144,4478,331
2020-05-04,Japan,218,18,15057,510,1672,159,4306,339
2020-05-05,Japan,174,11,15231,521,1655,145,4113,335
2020-05-06,Japan,123,22,15354,543,1502,154,3858,357
2020-05-07,Japan,109,8,15463,551,1375,136,3691,264
2020-05-08,Japan,84,6,15547,557,1266,125,3307,240
2020-05-09,Japan,81,44,15628,601,1084,143,2736,267
2020-05-10,Japan,119,12,15747,613,908,121,2565,265
2020-05-11,Japan,51,8,15798,621,741,111,2413,270
2020-05-12,Japan,76,22,15874,643,643,122,2298,267
2020-05-13,Japan,150,25,16024,668,670,125,2172,279
2020-05-14,Japan,55,19,16079,687,616,136,1991,272
2020-05-15,Japan,114,23,16193,710,646,153,1912,278
2020-05-16,Japan,44,15,16237,725,609,124,1693,267
2020-05-17,Japan,48,19,16285,744,538,131,1446,252
2020-05-18,Japan,20,5,16305,749,507,128,1248,239
2020-05-19,Japan,60,14,16365,763,491,120,1134,242
2020-05-20,Japan,20,8,16385,771,361,103,1031,228
2020-05-21,Japan,39,6,16424,777,345,90,961,226
2020-05-22,Japan,89,19,16513,796,320,86,966,239
2020-05-23,Japan,23,12,16536,808,299,83,908,207
2020-05-24,Japan,14,12,16550,820,265,76,803,207
2020-05-25,Japan,31,10,16581,830,276,81,783,209
2020-05-26,Japan,42,16,16623,846,258,83,749,203
2020-05-27,Japan,28,12,16651,858,266,87,627,190
2020-05-28,Japan,0,0,16651,858,227,81,572,171
2020-05-29,Japan,68,16,16719,874,206,78,526,164
2020-05-30,Japan,85,12,16804,886,268,78,567,161
2020-05-31,Japan,47,5,16851,891,301,71,566,147
2020-06-01,Japan,33,1,16884,892,303,62,579,143
2020-06-02,Japan,46,2,16930,894,307,48,565,131
2020-06-03,Japan,56,6,16986,900,335,42,601,129
2020-06-04,Japan,32,3,17018,903,367,45,594,126
2020-06-05,Japan,46,4,17064,907,345,33,551,111
2020-06-06,Japan,39,7,17103,914,299,28,567,106
2020-06-07,Japan,38,2,17141,916,290,25,591,96
2020-06-08,Japan,33,0,17174,916,290,24,593,86
2020-06-09,Japan,36,0,17210,916,280,22,587,70
2020-06-10,Japan,41,3,17251,919,265,19,600,61
2020-06-11,Japan,41,1,17292,920,274,17,641,62
2020-06-12,Japan,40,2,17332,922,268,15,613,48
2020-06-13,Japan,50,2,17382,924,279,10,578,38
2020-06-14,Japan,47,1,17429,925,288,9,578,34
2020-06-15,Japan,73,0,17502,925,328,9,618,33
2020-06-16,Japan,85,2,17587,927,377,11,657,33
2020-06-17,Japan,41,4,17628,931,377,12,642,31
2020-06-18,Japan,40,4,17668,935,376,15,650,32
2020-06-19,Japan,72,0,17740,935,408,13,676,28
2020-06-20,Japan,59,17,17799,952,417,28,696,38
2020-06-21,Japan,0,0,17799,952,370,27,658,36
2020-06-22,Japan,117,1,17916,953,414,28,742,37
2020-06-23,Japan,52,2,17968,955,381,28,758,39
2020-06-24,Japan,59,8,18027,963,399,32,776,44
2020-06-25,Japan,83,5,18110,968,442,33,818,48
2020-06-26,Japan,87,1,18197,969,457,34,865,47
2020-06-27,Japan,100,2,18297,971,498,19,915,47
2020-06-28,Japan,93,0,18390,971,591,19,961,46
2020-06-29,Japan,86,1,18476,972,560,19,974,47
2020-06-30,Japan,117,0,18593,972,625,17,1006,45
2020-07-01,Japan,130,2,18723,974,696,11,1095,43
2020-07-02,Japan,151,1,18874,975,764,7,1206,40
2020-07-03,Japan,194,1,19068,976,871,7,1328,41
2020-07-04,Japan,214,1,19282,977,985,6,1483,25
2020-07-05,Japan,240,0,19522,977,1132,6,1723,25
2020-07-06,Japan,253,0,19775,977,1299,5,1859,24
2020-07-07,Japan,206,1,19981,978,1388,6,2013,23
2020-07-08,Japan,193,2,20174,980,1451,6,2147,17
2020-07-09,Japan,197,1,20371,981,1497,6,2261,13
2020-07-10,Japan,348,1,20719,982,1651,6,2522,13
2020-07-11,Japan,410,0,21129,982,1847,5,2832,11
2020-07-12,Japan,373,0,21502,982,1980,5,3112,11
2020-07-13,Japan,366,0,21868,982,2093,5,3392,10
2020-07-14,Japan,352,0,22220,982,2239,4,3627,10
2020-07-15,Japan,288,2,22508,984,2334,4,3785,10
2020-07-16,Japan,382,1,22890,985,2519,4,4016,10
2020-07-17,Japan,583,0,23473,985,2754,3,4405,9
2020-07-18,Japan,659,0,24132,985,3003,3,4850,8
2020-07-19,Japan,510,0,24642,985,3140,3,5120,8
2020-07-20,Japan,454,0,25096,985,3228,3,5321,8
2020-07-21,Japan,640,3,25736,988,3516,6,5755,10
2020-07-22,Japan,567,1,26303,989,3795,5,6129,9
2020-07-23,Japan,726,1,27029,990,4139,5,6658,9
2020-07-24,Japan,927,2,27956,992,4483,7,7237,10
2020-07-25,Japan,830,1,28786,993,4654,8,7657,11
2020-07-26,Japan,596,3,29382,996,4740,11,7880,14
2020-07-27,Japan,607,0,29989,996,4893,11,8121,14
2020-07-28,Japan,0,0,29989,996,4253,8,7769,14
2020-07-29,Japan,1344,4,31333,1000,5030,11,8825,16
2020-07-30,Japan,1126,3,32459,1003,5430,13,9569,18
2020-07-31,Japan,1315,2,33774,1005,5818,13,10301,20
2020-08-01,Japan,598,1,34372,1006,5586,13,10240,21
2020-08-02,Japan,1709,4,36081,1010,6699,14,11439,25
2020-08-03,Japan,1991,1,38072,1011,8083,15,12976,26
2020-08-04,Japan,1786,5,39858,1016,9869,20,14122,28
2020-08-05,Japan,1271,6,41129,1022,9796,22,14826,33
2020-08-06,Japan,1134,4,42263,1026,9804,23,15234,36
2020-08-07,Japan,1552,7,43815,1033,10041,28,15859,41
2020-08-08,Japan,1624,6,45439,1039,11067,33,16653,46
2020-08-09,Japan,1344,1,46783,1040,10702,30,17401,44
2020-08-10,Japan,1207,7,47990,1047,9918,36,18001,51
2020-08-11,Japan,248,4,48238,1051,8380,35,18249,55
2020-08-12,Japan,1274,7,49512,1058,8383,36,18179,58
2020-08-13,Japan,932,4,50444,1062,8181,36,17985,59
2020-08-14,Japan,1069,10,51513,1072,7698,39,17739,67
2020-08-15,Japan,2064,13,53577,1085,8138,46,19205,79
2020-08-16,Japan,1137,3,54714,1088,7931,48,18633,78
2020-08-17,Japan,238,10,54952,1098,6962,51,16880,87
2020-08-18,Japan,1006,16,55958,1114,7720,63,16100,98
2020-08-19,Japan,1592,14,57550,1128,8038,70,16421,106
2020-08-20,Japan,951,16,58501,1144,8057,82,16238,118
2020-08-21,Japan,1220,11,59721,1155,8208,83,15906,122
2020-08-22,Japan,1012,14,60733,1169,7156,84,15294,130
2020-08-23,Japan,1014,7,61747,1176,7033,88,14964,136
2020-08-24,Japan,7,4,61754,1180,6802,82,13764,133
2020-08-25,Japan,1367,16,63121,1196,7163,82,14883,145
2020-08-26,Japan,701,13,63822,1209,6272,81,14310,151
2020-08-27,Japan,846,17,64668,1226,6167,82,14224,164
2020-08-28,Japan,905,12,65573,1238,5852,83,14060,166
2020-08-29,Japan,850,17,66423,1255,5690,86,12846,170
2020-08-30,Japan,841,9,67264,1264,5517,88,12550,176
2020-08-31,Japan,601,15,67865,1279,6111,99,12913,181
2020-04-01,Jersey,18,0,81,2,63,2,0,0
2020-04-02,Jersey,0,0,81,2,63,2,81,2
2020-04-03,Jersey,0,0,81,2,49,1,76,2
2020-04-04,Jersey,37,0,118,2,66,1,106,2
2020-04-05,Jersey,5,1,123,3,62,2,111,3
2020-04-06,Jersey,32,0,155,3,92,1,140,3
2020-04-07,Jersey,14,0,169,3,106,1,151,3
2020-04-08,Jersey,1,0,170,3,89,1,152,3
2020-04-09,Jersey,0,0,170,3,89,1,152,3
2020-04-10,Jersey,13,0,183,3,102,1,151,2
2020-04-11,Jersey,15,1,198,4,80,2,146,3
2020-04-12,Jersey,0,0,198,4,75,1,137,3
2020-04-13,Jersey,15,0,213,4,58,1,150,2
2020-04-14,Jersey,4,0,217,4,48,1,154,2
2020-04-15,Jersey,0,0,217,4,47,1,136,2
2020-04-16,Jersey,0,2,217,6,47,3,136,4
2020-04-17,Jersey,6,4,223,10,40,7,142,8
2020-04-18,Jersey,1,1,224,11,26,7,106,9
2020-04-19,Jersey,21,1,245,12,47,8,122,9
2020-04-20,Jersey,4,0,249,12,36,8,94,9
2020-04-21,Jersey,0,2,249,14,32,10,80,11
2020-04-22,Jersey,6,0,255,14,38,10,85,11
2020-04-23,Jersey,0,4,255,18,38,12,85,15
2020-04-24,Jersey,21,1,276,19,53,9,93,16
2020-04-25,Jersey,2,0,278,19,54,8,80,15
2020-04-26,Jersey,2,0,280,19,35,7,82,15
2020-04-27,Jersey,1,0,281,19,32,7,68,15
2020-04-28,Jersey,2,0,283,19,34,5,66,15
2020-04-29,Jersey,1,1,284,20,29,6,67,16
2020-04-30,Jersey,2,1,286,21,31,3,69,15
2020-05-01,Jersey,0,2,286,23,10,4,63,13
2020-05-02,Jersey,0,1,286,24,8,5,62,13
2020-05-03,Jersey,5,0,291,24,11,5,46,12
2020-05-04,Jersey,1,0,292,24,11,5,43,12
2020-05-05,Jersey,1,0,293,24,10,5,44,10
2020-05-06,Jersey,0,0,293,24,9,4,38,10
2020-05-07,Jersey,0,1,293,25,7,4,38,7
2020-05-08,Jersey,0,0,293,25,7,2,17,6
2020-05-09,Jersey,0,0,293,25,7,1,15,6
2020-05-10,Jersey,0,0,293,25,2,1,13,6
2020-05-11,Jersey,1,0,294,25,2,1,13,6
2020-05-12,Jersey,0,0,294,25,1,1,11,6
2020-05-13,Jersey,1,1,295,26,2,2,11,6
2020-05-14,Jersey,1,1,296,27,3,2,10,6
2020-05-15,Jersey,1,0,297,27,4,2,11,4
2020-05-16,Jersey,0,0,297,27,4,2,11,3
2020-05-17,Jersey,5,0,302,27,9,2,11,3
2020-05-18,Jersey,0,0,302,27,8,2,10,3
2020-05-19,Jersey,1,0,303,27,9,2,10,3
2020-05-20,Jersey,0,1,303,28,8,2,10,4
2020-05-21,Jersey,3,1,306,29,10,2,13,4
2020-05-22,Jersey,0,0,306,29,9,2,13,4
2020-05-23,Jersey,0,0,306,29,9,2,13,4
2020-05-24,Jersey,0,0,306,29,4,2,13,4
2020-05-25,Jersey,0,0,306,29,4,2,12,4
2020-05-26,Jersey,1,0,307,29,4,2,13,4
2020-05-27,Jersey,0,0,307,29,4,1,12,3
2020-05-28,Jersey,1,0,308,29,2,0,12,2
2020-05-29,Jersey,0,0,308,29,2,0,11,2
2020-05-30,Jersey,0,0,308,29,2,0,11,2
2020-05-31,Jersey,0,0,308,29,2,0,6,2
2020-06-01,Jersey,0,0,308,29,2,0,6,2
2020-06-02,Jersey,0,0,308,29,1,0,5,2
2020-06-03,Jersey,0,1,308,30,1,1,5,2
2020-06-04,Jersey,1,0,309,30,1,1,3,1
2020-06-05,Jersey,0,0,309,30,1,1,3,1
2020-06-06,Jersey,0,0,309,30,1,1,3,1
2020-06-07,Jersey,2,0,311,30,3,1,5,1
2020-06-08,Jersey,0,0,311,30,3,1,5,1
2020-06-09,Jersey,1,0,312,30,4,1,5,1
2020-06-10,Jersey,1,0,313,30,5,0,6,1
2020-06-11,Jersey,0,0,313,30,4,0,5,1
2020-06-12,Jersey,0,0,313,30,4,0,5,1
2020-06-13,Jersey,0,0,313,30,4,0,5,1
2020-06-14,Jersey,0,0,313,30,2,0,5,1
2020-06-15,Jersey,0,0,313,30,2,0,5,1
2020-06-16,Jersey,3,0,316,30,4,0,8,1
2020-06-17,Jersey,0,0,316,30,3,0,8,0
2020-06-18,Jersey,2,0,318,30,5,0,9,0
2020-06-19,Jersey,0,0,318,30,5,0,9,0
2020-06-20,Jersey,0,1,318,31,5,1,9,1
2020-06-21,Jersey,0,0,318,31,5,1,7,1
2020-06-22,Jersey,0,0,318,31,5,1,7,1
2020-06-23,Jersey,0,0,318,31,2,1,6,1
2020-06-24,Jersey,0,0,318,31,2,1,5,1
2020-06-25,Jersey,1,0,319,31,1,1,6,1
2020-06-26,Jersey,0,0,319,31,1,1,6,1
2020-06-27,Jersey,0,0,319,31,1,0,6,1
2020-06-28,Jersey,0,0,319,31,1,0,6,1
2020-06-29,Jersey,0,0,319,31,1,0,6,1
2020-06-30,Jersey,0,0,319,31,1,0,3,1
2020-07-01,Jersey,0,0,319,31,1,0,3,1
2020-07-02,Jersey,0,0,319,31,0,0,1,1
2020-07-03,Jersey,1,0,320,31,1,0,2,1
2020-07-04,Jersey,0,0,320,31,1,0,2,0
2020-07-05,Jersey,0,0,320,31,1,0,2,0
2020-07-06,Jersey,0,0,320,31,1,0,2,0
2020-07-07,Jersey,5,0,325,31,6,0,7,0
2020-07-08,Jersey,0,0,325,31,6,0,7,0
2020-07-09,Jersey,0,0,325,31,6,0,6,0
2020-07-10,Jersey,0,0,325,31,5,0,6,0
2020-07-11,Jersey,0,0,325,31,5,0,6,0
2020-07-12,Jersey,0,0,325,31,5,0,6,0
2020-07-13,Jersey,0,0,325,31,5,0,6,0
2020-07-14,Jersey,4,0,329,31,4,0,10,0
2020-07-15,Jersey,0,0,329,31,4,0,10,0
2020-07-16,Jersey,0,0,329,31,4,0,10,0
2020-07-17,Jersey,2,0,331,31,6,0,11,0
2020-07-18,Jersey,0,0,331,31,6,0,11,0
2020-07-19,Jersey,0,0,331,31,6,0,11,0
2020-07-20,Jersey,0,0,331,31,6,0,11,0
2020-07-21,Jersey,0,0,331,31,2,0,6,0
2020-07-22,Jersey,0,0,331,31,2,0,6,0
2020-07-23,Jersey,0,0,331,31,2,0,6,0
2020-07-24,Jersey,0,0,331,31,0,0,6,0
2020-07-25,Jersey,1,0,332,31,1,0,7,0
2020-07-26,Jersey,0,0,332,31,1,0,7,0
2020-07-27,Jersey,0,0,332,31,1,0,7,0
2020-07-28,Jersey,2,0,334,31,3,0,5,0
2020-07-29,Jersey,1,0,335,31,4,0,6,0
2020-07-30,Jersey,0,0,335,31,4,0,6,0
2020-07-31,Jersey,0,0,335,31,4,0,4,0
2020-08-01,Jersey,0,0,335,31,3,0,4,0
2020-08-02,Jersey,0,0,335,31,3,0,4,0
2020-08-03,Jersey,0,0,335,31,3,0,4,0
2020-08-04,Jersey,4,0,339,31,5,0,8,0
2020-08-05,Jersey,4,0,343,31,8,0,12,0
2020-08-06,Jersey,1,0,344,31,9,0,13,0
2020-08-07,Jersey,1,0,345,31,10,0,14,0
2020-08-08,Jersey,0,0,345,31,10,0,13,0
2020-08-09,Jersey,0,0,345,31,10,0,13,0
2020-08-10,Jersey,0,0,345,31,10,0,13,0
2020-08-11,Jersey,2,0,347,31,8,0,13,0
2020-08-12,Jersey,0,0,347,31,4,0,12,0
2020-08-13,Jersey,4,0,351,31,7,0,16,0
2020-08-14,Jersey,1,0,352,31,7,0,17,0
2020-08-15,Jersey,3,0,355,31,10,0,20,0
2020-08-16,Jersey,0,0,355,31,10,0,20,0
2020-08-17,Jersey,0,0,355,31,10,0,20,0
2020-08-18,Jersey,2,1,357,32,10,1,18,1
2020-08-19,Jersey,0,0,357,32,10,1,14,1
2020-08-20,Jersey,4,0,361,32,10,1,17,1
2020-08-21,Jersey,1,0,362,32,10,1,17,1
2020-08-22,Jersey,1,0,363,32,8,1,18,1
2020-08-23,Jersey,0,0,363,32,8,1,18,1
2020-08-24,Jersey,0,0,363,32,8,1,18,1
2020-08-25,Jersey,1,0,364,32,7,0,17,1
2020-08-26,Jersey,4,0,368,32,11,0,21,1
2020-08-27,Jersey,3,0,371,32,10,0,20,1
2020-08-28,Jersey,1,0,372,32,10,0,20,1
2020-08-29,Jersey,1,0,373,32,10,0,18,1
2020-08-30,Jersey,1,0,374,32,11,0,19,1
2020-08-31,Jersey,0,0,374,32,11,0,19,1
2020-04-01,Jordan,6,0,274,5,147,5,239,5
2020-04-02,Jordan,4,0,278,5,125,5,226,5
2020-04-03,Jordan,21,0,299,5,127,5,243,5
2020-04-04,Jordan,0,0,299,5,87,5,230,5
2020-04-05,Jordan,24,0,323,5,88,4,239,5
2020-04-06,Jordan,22,0,345,5,86,4,246,5
2020-04-07,Jordan,4,1,349,6,81,1,237,6
2020-04-08,Jordan,0,0,349,6,75,1,222,6
2020-04-09,Jordan,9,0,358,6,80,1,205,6
2020-04-10,Jordan,14,1,372,7,73,2,200,7
2020-04-11,Jordan,0,0,372,7,73,2,160,7
2020-04-12,Jordan,9,0,381,7,58,2,146,6
2020-04-13,Jordan,8,0,389,7,44,2,130,6
2020-04-14,Jordan,2,0,391,7,42,1,123,2
2020-04-15,Jordan,6,0,397,7,48,1,123,2
2020-04-16,Jordan,4,0,401,7,43,1,123,2
2020-04-17,Jordan,1,0,402,7,30,0,103,2
2020-04-18,Jordan,5,0,407,7,35,0,108,2
2020-04-19,Jordan,6,0,413,7,32,0,90,2
2020-04-20,Jordan,4,0,417,7,28,0,72,2
2020-04-21,Jordan,8,0,425,7,34,0,76,1
2020-04-22,Jordan,0,0,425,7,28,0,76,1
2020-04-23,Jordan,3,0,428,7,27,0,70,1
2020-04-24,Jordan,9,0,437,7,35,0,65,0
2020-04-25,Jordan,4,0,441,7,34,0,69,0
2020-04-26,Jordan,3,0,444,7,31,0,63,0
2020-04-27,Jordan,3,0,447,7,30,0,58,0
2020-04-28,Jordan,2,0,449,7,24,0,58,0
2020-04-29,Jordan,0,1,449,8,24,1,52,1
2020-04-30,Jordan,2,0,451,8,23,1,50,1
2020-05-01,Jordan,2,0,453,8,16,1,51,1
2020-05-02,Jordan,6,0,459,8,18,1,52,1
2020-05-03,Jordan,1,1,460,9,16,2,47,2
2020-05-04,Jordan,1,0,461,9,14,2,44,2
2020-05-05,Jordan,4,0,465,9,16,2,40,2
2020-05-06,Jordan,6,0,471,9,22,1,46,2
2020-05-07,Jordan,2,0,473,9,22,1,45,2
2020-05-08,Jordan,21,0,494,9,41,1,57,2
2020-05-09,Jordan,14,0,508,9,49,1,67,2
2020-05-10,Jordan,14,0,522,9,62,0,78,2
2020-05-11,Jordan,18,0,540,9,79,0,93,2
2020-05-12,Jordan,22,0,562,9,97,0,113,2
2020-05-13,Jordan,14,0,576,9,105,0,127,1
2020-05-14,Jordan,6,0,582,9,109,0,131,1
2020-05-15,Jordan,4,0,586,9,92,0,133,1
2020-05-16,Jordan,10,0,596,9,88,0,137,1
2020-05-17,Jordan,11,0,607,9,85,0,147,0
2020-05-18,Jordan,6,0,613,9,73,0,152,0
2020-05-19,Jordan,16,0,629,9,67,0,164,0
2020-05-20,Jordan,20,0,649,9,73,0,178,0
2020-05-21,Jordan,23,0,672,9,90,0,199,0
2020-05-22,Jordan,12,0,684,9,98,0,190,0
2020-05-23,Jordan,16,0,700,9,104,0,192,0
2020-05-24,Jordan,4,0,704,9,97,0,182,0
2020-05-25,Jordan,4,0,708,9,95,0,168,0
2020-05-26,Jordan,3,0,711,9,82,0,149,0
2020-05-27,Jordan,7,0,718,9,69,0,142,0
2020-05-28,Jordan,2,0,720,9,48,0,138,0
2020-05-29,Jordan,8,0,728,9,44,0,142,0
2020-05-30,Jordan,2,0,730,9,30,0,134,0
2020-05-31,Jordan,4,0,734,9,30,0,127,0
2020-06-01,Jordan,5,0,739,9,31,0,126,0
2020-06-02,Jordan,7,0,746,9,35,0,117,0
2020-06-03,Jordan,9,0,755,9,37,0,106,0
2020-06-04,Jordan,2,0,757,9,37,0,85,0
2020-06-05,Jordan,8,0,765,9,37,0,81,0
2020-06-06,Jordan,19,0,784,9,54,0,84,0
2020-06-07,Jordan,11,0,795,9,61,0,91,0
2020-06-08,Jordan,13,0,808,9,69,0,100,0
2020-06-09,Jordan,23,0,831,9,85,0,120,0
2020-06-10,Jordan,14,0,845,9,90,0,127,0
2020-06-11,Jordan,18,0,863,9,106,0,143,0
2020-06-12,Jordan,27,0,890,9,125,0,162,0
2020-06-13,Jordan,25,0,915,9,131,0,185,0
2020-06-14,Jordan,38,0,953,9,158,0,219,0
2020-06-15,Jordan,8,0,961,9,153,0,222,0
2020-06-16,Jordan,18,0,979,9,148,0,233,0
2020-06-17,Jordan,2,0,981,9,136,0,226,0
2020-06-18,Jordan,6,0,987,9,124,0,230,0
2020-06-19,Jordan,14,0,1001,9,111,0,236,0
2020-06-20,Jordan,7,0,1008,9,93,0,224,0
2020-06-21,Jordan,7,0,1015,9,62,0,220,0
2020-06-22,Jordan,18,0,1033,9,72,0,225,0
2020-06-23,Jordan,9,0,1042,9,63,0,211,0
2020-06-24,Jordan,5,0,1047,9,66,0,202,0
2020-06-25,Jordan,24,0,1071,9,84,0,208,0
2020-06-26,Jordan,15,0,1086,9,85,0,196,0
2020-06-27,Jordan,18,0,1104,9,96,0,189,0
2020-06-28,Jordan,7,0,1111,9,96,0,158,0
2020-06-29,Jordan,10,0,1121,9,88,0,160,0
2020-06-30,Jordan,7,0,1128,9,86,0,149,0
2020-07-01,Jordan,4,0,1132,9,85,0,151,0
2020-07-02,Jordan,1,0,1133,9,62,0,146,0
2020-07-03,Jordan,3,0,1136,9,50,0,135,0
2020-07-04,Jordan,11,1,1147,10,43,1,139,1
2020-07-05,Jordan,3,0,1150,10,39,1,135,1
2020-07-06,Jordan,14,0,1164,10,43,1,131,1
2020-07-07,Jordan,3,0,1167,10,39,1,125,1
2020-07-08,Jordan,2,0,1169,10,37,1,122,1
2020-07-09,Jordan,0,0,1169,10,36,1,98,1
2020-07-10,Jordan,0,0,1169,10,33,1,83,1
2020-07-11,Jordan,4,0,1173,10,26,0,69,1
2020-07-12,Jordan,3,0,1176,10,26,0,65,1
2020-07-13,Jordan,3,0,1179,10,15,0,58,1
2020-07-14,Jordan,4,0,1183,10,16,0,55,1
2020-07-15,Jordan,15,0,1198,10,29,0,66,1
2020-07-16,Jordan,3,0,1201,10,32,0,68,1
2020-07-17,Jordan,5,0,1206,10,37,0,70,1
2020-07-18,Jordan,3,0,1209,10,36,0,62,0
2020-07-19,Jordan,5,1,1214,11,38,1,64,1
2020-07-20,Jordan,4,0,1218,11,39,1,54,1
2020-07-21,Jordan,5,0,1223,11,40,1,56,1
2020-07-22,Jordan,-110,0,1113,11,-85,1,-56,1
2020-07-23,Jordan,7,0,1120,11,-81,1,-49,1
2020-07-24,Jordan,11,0,1131,11,-75,1,-38,1
2020-07-25,Jordan,15,0,1146,11,-63,1,-27,1
2020-07-26,Jordan,8,0,1154,11,-60,0,-22,1
2020-07-27,Jordan,14,0,1168,11,-50,0,-11,1
2020-07-28,Jordan,8,0,1176,11,-47,0,-7,1
2020-07-29,Jordan,6,0,1182,11,69,0,-16,1
2020-07-30,Jordan,5,0,1187,11,67,0,-14,1
2020-07-31,Jordan,4,0,1191,11,60,0,-15,1
2020-08-01,Jordan,2,0,1193,11,47,0,-16,1
2020-08-02,Jordan,1,0,1194,11,40,0,-20,0
2020-08-03,Jordan,19,0,1213,11,45,0,-5,0
2020-08-04,Jordan,5,0,1218,11,42,0,-5,0
2020-08-05,Jordan,6,0,1224,11,42,0,111,0
2020-08-06,Jordan,7,0,1231,11,44,0,111,0
2020-08-07,Jordan,1,0,1232,11,41,0,101,0
2020-08-08,Jordan,5,0,1237,11,44,0,91,0
2020-08-09,Jordan,9,0,1246,11,52,0,92,0
2020-08-10,Jordan,6,0,1252,11,39,0,84,0
2020-08-11,Jordan,16,0,1268,11,50,0,92,0
2020-08-12,Jordan,15,0,1283,11,59,0,101,0
2020-08-13,Jordan,20,0,1303,11,72,0,116,0
2020-08-14,Jordan,17,0,1320,11,88,0,129,0
2020-08-15,Jordan,9,0,1329,11,92,0,136,0
2020-08-16,Jordan,10,0,1339,11,93,0,145,0
2020-08-17,Jordan,39,0,1378,11,126,0,165,0
2020-08-18,Jordan,20,0,1398,11,130,0,180,0
2020-08-19,Jordan,40,0,1438,11,155,0,214,0
2020-08-20,Jordan,44,0,1482,11,179,0,251,0
2020-08-21,Jordan,16,0,1498,11,178,0,266,0
2020-08-22,Jordan,34,0,1532,11,203,0,295,0
2020-08-23,Jordan,44,0,1576,11,237,0,330,0
2020-08-24,Jordan,33,1,1609,12,231,1,357,1
2020-08-25,Jordan,30,2,1639,14,241,3,371,3
2020-08-26,Jordan,77,0,1716,14,278,3,433,3
2020-08-27,Jordan,40,1,1756,15,274,4,453,4
2020-08-28,Jordan,45,0,1801,15,303,4,481,4
2020-08-29,Jordan,68,0,1869,15,337,4,540,4
2020-08-30,Jordan,24,0,1893,15,317,4,554,4
2020-08-31,Jordan,73,0,1966,15,357,3,588,4
2020-04-01,Kazakhstan,15,0,340,1,261,1,307,1
2020-04-02,Kazakhstan,8,1,348,2,260,2,311,2
2020-04-03,Kazakhstan,38,1,386,3,266,3,337,3
2020-04-04,Kazakhstan,74,0,460,3,267,3,407,3
2020-04-05,Kazakhstan,0,0,460,3,231,3,404,3
2020-04-06,Kazakhstan,71,2,531,5,247,4,471,5
2020-04-07,Kazakhstan,139,1,670,6,345,5,608,6
2020-04-08,Kazakhstan,34,0,704,6,364,5,625,6
2020-04-09,Kazakhstan,55,1,759,7,411,5,671,7
2020-04-10,Kazakhstan,43,2,802,9,416,6,682,9
2020-04-11,Kazakhstan,38,1,840,10,380,7,647,10
2020-04-12,Kazakhstan,40,0,880,10,420,7,651,10
2020-04-13,Kazakhstan,81,0,961,10,430,5,677,9
2020-04-14,Kazakhstan,218,4,1179,14,509,8,854,13
2020-04-15,Kazakhstan,88,0,1267,14,563,8,927,13
2020-04-16,Kazakhstan,64,2,1331,16,572,9,983,14
2020-04-17,Kazakhstan,139,1,1470,17,668,8,1084,14
2020-04-18,Kazakhstan,121,0,1591,17,751,7,1131,14
2020-04-19,Kazakhstan,63,0,1654,17,774,7,1194,14
2020-04-20,Kazakhstan,81,2,1735,19,774,9,1204,14
2020-04-21,Kazakhstan,214,0,1949,19,770,5,1279,13
2020-04-22,Kazakhstan,76,0,2025,19,758,5,1321,13
2020-04-23,Kazakhstan,166,0,2191,19,860,3,1432,12
2020-04-24,Kazakhstan,143,3,2334,22,864,5,1532,13
2020-04-25,Kazakhstan,148,3,2482,25,891,8,1642,15
2020-04-26,Kazakhstan,170,0,2652,25,998,8,1772,15
2020-04-27,Kazakhstan,65,0,2717,25,982,6,1756,15
2020-04-28,Kazakhstan,143,0,2860,25,911,6,1681,11
2020-04-29,Kazakhstan,203,0,3063,25,1038,6,1796,11
2020-04-30,Kazakhstan,142,0,3205,25,1014,6,1874,9
2020-05-01,Kazakhstan,299,0,3504,25,1170,3,2034,8
2020-05-02,Kazakhstan,167,0,3671,25,1189,0,2080,8
2020-05-03,Kazakhstan,206,0,3877,25,1225,0,2223,8
2020-05-04,Kazakhstan,87,2,3964,27,1247,2,2229,8
2020-05-05,Kazakhstan,157,2,4121,29,1261,4,2172,10
2020-05-06,Kazakhstan,156,0,4277,29,1214,4,2252,10
2020-05-07,Kazakhstan,225,1,4502,30,1297,5,2311,11
2020-05-08,Kazakhstan,188,1,4690,31,1186,6,2356,9
2020-05-09,Kazakhstan,144,0,4834,31,1163,6,2352,6
2020-05-10,Kazakhstan,202,0,5036,31,1159,6,2384,6
2020-05-11,Kazakhstan,90,0,5126,31,1162,4,2409,6
2020-05-12,Kazakhstan,114,1,5240,32,1119,3,2380,7
2020-05-13,Kazakhstan,177,0,5417,32,1140,3,2354,7
2020-05-14,Kazakhstan,154,0,5571,32,1069,2,2366,7
2020-05-15,Kazakhstan,0,0,5571,32,881,1,2067,7
2020-05-16,Kazakhstan,279,2,5850,34,1016,3,2179,9
2020-05-17,Kazakhstan,307,0,6157,34,1121,3,2280,9
2020-05-18,Kazakhstan,283,0,6440,34,1314,3,2476,7
2020-05-19,Kazakhstan,311,1,6751,35,1511,3,2630,6
2020-05-20,Kazakhstan,218,0,6969,35,1552,3,2692,6
2020-05-21,Kazakhstan,265,0,7234,35,1663,3,2732,5
2020-05-22,Kazakhstan,363,0,7597,35,2026,3,2907,4
2020-05-23,Kazakhstan,322,0,7919,35,2069,1,3085,4
2020-05-24,Kazakhstan,403,0,8322,35,2165,1,3286,4
2020-05-25,Kazakhstan,209,0,8531,35,2091,1,3405,4
2020-05-26,Kazakhstan,438,0,8969,35,2218,0,3729,3
2020-05-27,Kazakhstan,335,2,9304,37,2335,2,3887,5
2020-05-28,Kazakhstan,272,0,9576,37,2342,2,4005,5
2020-05-29,Kazakhstan,356,0,9932,37,2335,2,4361,5
2020-05-30,Kazakhstan,450,0,10382,37,2463,2,4532,3
2020-05-31,Kazakhstan,476,1,10858,38,2536,3,4701,4
2020-06-01,Kazakhstan,450,3,11308,41,2777,6,4868,7
2020-06-02,Kazakhstan,263,0,11571,41,2602,6,4820,6
2020-06-03,Kazakhstan,225,3,11796,44,2492,7,4827,9
2020-06-04,Kazakhstan,271,4,12067,48,2491,11,4833,13
2020-06-05,Kazakhstan,245,4,12312,52,2380,15,4715,17
2020-06-06,Kazakhstan,199,0,12511,52,2129,15,4592,17
2020-06-07,Kazakhstan,183,1,12694,53,1836,15,4372,18
2020-06-08,Kazakhstan,165,3,12859,56,1551,15,4328,21
2020-06-09,Kazakhstan,215,2,13074,58,1503,17,4105,23
2020-06-10,Kazakhstan,245,3,13319,61,1523,17,4015,24
2020-06-11,Kazakhstan,239,6,13558,67,1491,19,3982,30
2020-06-12,Kazakhstan,314,0,13872,67,1560,15,3940,30
2020-06-13,Kazakhstan,366,3,14238,70,1727,18,3856,33
2020-06-14,Kazakhstan,258,3,14496,73,1802,20,3638,35
2020-06-15,Kazakhstan,313,4,14809,77,1950,21,3501,36
2020-06-16,Kazakhstan,383,4,15192,81,2118,23,3621,40
2020-06-17,Kazakhstan,350,7,15542,88,2223,27,3746,44
2020-06-18,Kazakhstan,335,12,15877,100,2319,33,3810,52
2020-06-19,Kazakhstan,474,5,16351,105,2479,38,4039,53
2020-06-20,Kazakhstan,428,8,16779,113,2541,43,4268,61
2020-06-21,Kazakhstan,446,5,17225,118,2729,45,4531,65
2020-06-22,Kazakhstan,507,2,17732,120,2923,43,4873,64
2020-06-23,Kazakhstan,499,7,18231,127,3039,46,5157,69
2020-06-24,Kazakhstan,534,7,18765,134,3223,46,5446,73
2020-06-25,Kazakhstan,520,2,19285,136,3408,36,5727,69
2020-06-26,Kazakhstan,465,11,19750,147,3399,42,5878,80
2020-06-27,Kazakhstan,569,3,20319,150,3540,37,6081,80
2020-06-28,Kazakhstan,461,23,20780,173,3555,55,6284,100
2020-06-29,Kazakhstan,547,10,21327,183,3595,63,6518,106
2020-06-30,Kazakhstan,492,5,21819,188,3588,61,6627,107
2020-07-01,Kazakhstan,19246,0,41065,188,22300,54,25523,100
2020-07-02,Kazakhstan,1509,0,42574,188,23289,52,26697,88
2020-07-03,Kazakhstan,1501,0,44075,188,24325,41,27724,83
2020-07-04,Kazakhstan,1644,0,45719,188,25400,38,28940,75
2020-07-05,Kazakhstan,1452,0,47171,188,26391,15,29946,70
2020-07-06,Kazakhstan,1403,0,48574,188,27247,5,30842,68
2020-07-07,Kazakhstan,1109,76,49683,264,27864,76,31452,137
2020-07-08,Kazakhstan,1376,0,51059,264,9994,76,32294,130
2020-07-09,Kazakhstan,1962,0,53021,264,10447,76,33736,128
2020-07-10,Kazakhstan,1726,0,54747,264,10672,76,34997,117
2020-07-11,Kazakhstan,1708,0,56455,264,10736,76,36136,114
2020-07-12,Kazakhstan,1798,0,58253,264,11082,76,37473,91
2020-07-13,Kazakhstan,1636,111,59889,375,11315,187,38562,192
2020-07-14,Kazakhstan,1866,0,61755,375,12072,111,39936,187
2020-07-15,Kazakhstan,1759,0,63514,375,12455,111,22449,187
2020-07-16,Kazakhstan,1674,0,65188,375,12167,111,22614,187
2020-07-17,Kazakhstan,1707,0,66895,375,12148,111,22820,187
2020-07-18,Kazakhstan,1808,0,68703,375,12248,111,22984,187
2020-07-19,Kazakhstan,1636,0,70339,375,12086,111,23168,187
2020-07-20,Kazakhstan,1499,0,71838,375,11949,0,23264,187
2020-07-21,Kazakhstan,1630,210,73468,585,11713,210,23785,321
2020-07-22,Kazakhstan,1685,0,75153,585,11639,210,24094,321
2020-07-23,Kazakhstan,1646,0,76799,585,11611,210,23778,321
2020-07-24,Kazakhstan,1687,0,78486,585,11591,210,23739,321
2020-07-25,Kazakhstan,1740,0,80226,585,11523,210,23771,321
2020-07-26,Kazakhstan,1494,0,81720,585,11381,210,23467,321
2020-07-27,Kazakhstan,1402,0,83122,585,11284,210,23233,210
2020-07-28,Kazakhstan,1526,0,84648,585,11180,0,22893,210
2020-07-29,Kazakhstan,1544,208,86192,793,11039,208,22678,418
2020-07-30,Kazakhstan,1472,0,87664,793,10865,208,22476,418
2020-07-31,Kazakhstan,1414,0,89078,793,10592,208,22183,418
2020-08-01,Kazakhstan,1289,0,90367,793,10141,208,21664,418
2020-08-02,Kazakhstan,6407,30,96774,823,15054,238,26435,448
2020-08-03,Kazakhstan,1867,286,98641,1109,15519,524,26803,734
2020-08-04,Kazakhstan,1434,0,100075,1109,15427,524,26607,524
2020-08-05,Kazakhstan,2861,0,102936,1109,16744,316,27783,524
2020-08-06,Kazakhstan,2590,0,105526,1109,17862,316,28727,524
2020-08-07,Kazakhstan,2404,0,107930,1109,18852,316,29444,524
2020-08-08,Kazakhstan,2009,0,109939,1109,19572,316,29713,524
2020-08-09,Kazakhstan,1883,0,111822,1109,15048,286,30102,524
2020-08-10,Kazakhstan,900,324,112722,1433,14081,324,29600,848
2020-08-11,Kazakhstan,779,0,113501,1433,13426,324,28853,848
2020-08-12,Kazakhstan,2114,0,115615,1433,12679,324,29423,640
2020-08-13,Kazakhstan,1489,0,117104,1433,11578,324,29440,640
2020-08-14,Kazakhstan,1410,0,118514,1433,10584,324,29436,640
2020-08-15,Kazakhstan,1267,47,119781,1480,9842,371,29414,687
2020-08-16,Kazakhstan,1380,5,121161,1485,9339,376,24387,662
2020-08-17,Kazakhstan,478,2,121639,1487,8917,54,22998,378
2020-08-18,Kazakhstan,334,148,121973,1635,8472,202,21898,526
2020-08-19,Kazakhstan,1352,11,123325,1646,7710,213,20389,537
2020-08-20,Kazakhstan,1031,6,124356,1652,7252,219,18830,543
2020-08-21,Kazakhstan,979,6,125335,1658,6821,225,17405,549
2020-08-22,Kazakhstan,908,5,126243,1663,6462,183,16304,554
2020-08-23,Kazakhstan,960,8,127203,1671,6042,186,15381,562
2020-08-24,Kazakhstan,259,2,127462,1673,5823,186,14740,240
2020-08-25,Kazakhstan,0,108,127462,1781,5489,146,13961,348
2020-08-26,Kazakhstan,0,0,127462,1781,4137,135,11847,348
2020-08-27,Kazakhstan,202,0,127664,1781,3308,129,10560,348
2020-08-28,Kazakhstan,954,0,128618,1781,3283,123,10104,348
2020-08-29,Kazakhstan,1422,0,130040,1781,3797,118,10259,301
2020-08-30,Kazakhstan,633,0,130673,1781,3470,110,9512,296
2020-08-31,Kazakhstan,0,0,130673,1781,3211,108,9034,294
2020-04-01,Kenya,9,0,59,1,34,1,55,1
2020-04-02,Kenya,22,0,81,1,56,1,74,1
2020-04-03,Kenya,29,2,110,3,79,2,103,3
2020-04-04,Kenya,12,1,122,4,91,3,115,4
2020-04-05,Kenya,4,0,126,4,88,3,119,4
2020-04-06,Kenya,16,0,142,4,100,3,127,4
2020-04-07,Kenya,16,0,158,4,108,3,142,4
2020-04-08,Kenya,14,2,172,6,113,5,147,6
2020-04-09,Kenya,7,0,179,6,98,5,154,6
2020-04-10,Kenya,5,1,184,7,74,4,153,6
2020-04-11,Kenya,5,0,189,7,67,3,158,6
2020-04-12,Kenya,2,0,191,7,65,3,153,6
2020-04-13,Kenya,6,1,197,8,55,4,155,7
2020-04-14,Kenya,11,1,208,9,50,5,158,8
2020-04-15,Kenya,8,0,216,9,44,3,157,8
2020-04-16,Kenya,9,1,225,10,46,4,144,9
2020-04-17,Kenya,9,1,234,11,50,4,124,8
2020-04-18,Kenya,12,0,246,11,57,4,124,7
2020-04-19,Kenya,16,1,262,12,71,5,136,8
2020-04-20,Kenya,8,2,270,14,73,6,128,10
2020-04-21,Kenya,11,0,281,14,73,5,123,10
2020-04-22,Kenya,0,0,281,14,65,5,109,8
2020-04-23,Kenya,22,0,303,14,78,4,124,8
2020-04-24,Kenya,17,0,320,14,86,3,136,7
2020-04-25,Kenya,16,0,336,14,90,3,147,7
2020-04-26,Kenya,7,0,343,14,81,2,152,7
2020-04-27,Kenya,12,0,355,14,85,0,158,6
2020-04-28,Kenya,8,0,363,14,82,0,155,5
2020-04-29,Kenya,11,0,374,14,93,0,158,5
2020-04-30,Kenya,10,1,384,15,81,1,159,5
2020-05-01,Kenya,12,2,396,17,76,3,162,6
2020-05-02,Kenya,15,4,411,21,75,7,165,10
2020-05-03,Kenya,24,1,435,22,92,8,173,10
2020-05-04,Kenya,30,2,465,24,110,10,195,10
2020-05-05,Kenya,25,0,490,24,127,10,209,10
2020-05-06,Kenya,45,0,535,24,161,10,254,10
2020-05-07,Kenya,47,2,582,26,198,11,279,12
2020-05-08,Kenya,25,3,607,29,211,12,287,15
2020-05-09,Kenya,14,0,621,29,210,8,285,15
2020-05-10,Kenya,28,1,649,30,214,8,306,16
2020-05-11,Kenya,23,2,672,32,207,8,317,18
2020-05-12,Kenya,28,1,700,33,210,9,337,19
2020-05-13,Kenya,15,3,715,36,180,12,341,22
2020-05-14,Kenya,22,4,737,40,155,14,353,25
2020-05-15,Kenya,21,2,758,42,151,13,362,25
2020-05-16,Kenya,23,3,781,45,160,16,370,24
2020-05-17,Kenya,49,5,830,50,181,20,395,28
2020-05-18,Kenya,57,0,887,50,215,18,422,26
2020-05-19,Kenya,25,0,912,50,212,17,422,26
2020-05-20,Kenya,51,0,963,50,248,14,428,26
2020-05-21,Kenya,66,0,1029,50,292,10,447,24
2020-05-22,Kenya,80,0,1109,50,351,8,502,21
2020-05-23,Kenya,52,0,1161,50,380,5,540,21
2020-05-24,Kenya,31,0,1192,50,362,0,543,20
2020-05-25,Kenya,22,1,1214,51,327,1,542,19
2020-05-26,Kenya,72,1,1286,52,374,2,586,19
2020-05-27,Kenya,62,0,1348,52,385,2,633,16
2020-05-28,Kenya,123,3,1471,55,442,5,734,15
2020-05-29,Kenya,147,3,1618,58,509,8,860,16
2020-05-30,Kenya,127,4,1745,62,584,12,964,17
2020-05-31,Kenya,143,1,1888,63,696,13,1058,13
2020-06-01,Kenya,74,1,1962,64,748,13,1075,14
2020-06-02,Kenya,59,5,2021,69,735,17,1109,19
2020-06-03,Kenya,72,2,2093,71,745,19,1130,21
2020-06-04,Kenya,123,3,2216,74,745,19,1187,24
2020-06-05,Kenya,124,4,2340,78,722,20,1231,28
2020-06-06,Kenya,134,1,2474,79,729,17,1313,29
2020-06-07,Kenya,126,4,2600,83,712,20,1408,33
2020-06-08,Kenya,167,1,2767,84,805,20,1553,33
2020-06-09,Kenya,95,1,2862,85,841,16,1576,33
2020-06-10,Kenya,127,3,2989,88,896,17,1641,36
2020-06-11,Kenya,105,1,3094,89,878,15,1623,34
2020-06-12,Kenya,121,3,3215,92,875,14,1597,34
2020-06-13,Kenya,90,4,3305,96,831,17,1560,34
2020-06-14,Kenya,152,4,3457,100,857,17,1569,37
2020-06-15,Kenya,137,3,3594,103,827,19,1632,39
2020-06-16,Kenya,133,1,3727,104,865,19,1706,35
2020-06-17,Kenya,133,1,3860,105,871,17,1767,34
2020-06-18,Kenya,184,2,4044,107,950,18,1828,33
2020-06-19,Kenya,213,10,4257,117,1042,25,1917,39
2020-06-20,Kenya,117,2,4374,119,1069,23,1900,40
2020-06-21,Kenya,104,2,4478,121,1021,21,1878,38
2020-06-22,Kenya,260,2,4738,123,1144,20,1971,39
2020-06-23,Kenya,59,2,4797,125,1070,21,1935,40
2020-06-24,Kenya,155,3,4952,128,1092,23,1963,40
2020-06-25,Kenya,254,2,5206,130,1162,23,2112,41
2020-06-26,Kenya,178,2,5384,132,1127,15,2169,40
2020-06-27,Kenya,149,5,5533,137,1159,18,2228,41
2020-06-28,Kenya,278,4,5811,141,1333,20,2354,41
2020-06-29,Kenya,259,2,6070,143,1332,20,2476,40
2020-06-30,Kenya,120,1,6190,144,1393,19,2463,40
2020-07-01,Kenya,176,4,6366,148,1414,20,2506,43
2020-07-02,Kenya,307,1,6673,149,1467,19,2629,42
2020-07-03,Kenya,268,3,6941,152,1557,20,2684,35
2020-07-04,Kenya,247,2,7188,154,1655,17,2814,35
2020-07-05,Kenya,389,5,7577,159,1766,18,3099,38
2020-07-06,Kenya,309,1,7886,160,1816,17,3148,37
2020-07-07,Kenya,181,4,8067,164,1877,20,3270,39
2020-07-08,Kenya,183,3,8250,167,1884,19,3298,39
2020-07-09,Kenya,278,2,8528,169,1855,20,3322,39
2020-07-10,Kenya,447,4,8975,173,2034,21,3591,41
2020-07-11,Kenya,473,8,9448,181,2260,27,3915,44
2020-07-12,Kenya,278,3,9726,184,2149,25,3915,43
2020-07-13,Kenya,379,1,10105,185,2219,25,4035,42
2020-07-14,Kenya,189,12,10294,197,2227,33,4104,53
2020-07-15,Kenya,497,5,10791,202,2541,35,4425,54
2020-07-16,Kenya,461,7,11252,209,2724,40,4579,60
2020-07-17,Kenya,421,4,11673,213,2698,40,4732,61
2020-07-18,Kenya,389,9,12062,222,2614,41,4874,68
2020-07-19,Kenya,688,3,12750,225,3024,41,5173,66
2020-07-20,Kenya,603,9,13353,234,3248,49,5467,74
2020-07-21,Kenya,418,4,13771,238,3477,41,5704,74
2020-07-22,Kenya,397,12,14168,250,3377,48,5918,83
2020-07-23,Kenya,637,10,14805,260,3553,51,6277,91
2020-07-24,Kenya,796,3,15601,263,3928,50,6626,90
2020-07-25,Kenya,667,11,16268,274,4206,52,6820,93
2020-07-26,Kenya,375,4,16643,278,3893,53,6917,94
2020-07-27,Kenya,960,2,17603,280,4250,46,7498,95
2020-07-28,Kenya,372,5,17975,285,4204,47,7681,88
2020-07-29,Kenya,606,14,18581,299,4413,49,7790,97
2020-07-30,Kenya,544,12,19125,311,4320,51,7873,102
2020-07-31,Kenya,788,14,19913,325,4312,62,8240,112
2020-08-01,Kenya,723,16,20636,341,4368,67,8574,119
2020-08-02,Kenya,727,23,21363,364,4720,86,8613,139
2020-08-03,Kenya,690,5,22053,369,4450,89,8700,135
2020-08-04,Kenya,544,13,22597,382,4622,97,8826,144
2020-08-05,Kenya,605,6,23202,388,4621,89,9034,138
2020-08-06,Kenya,671,3,23873,391,4748,80,9068,131
2020-08-07,Kenya,538,8,24411,399,4498,74,8810,136
2020-08-08,Kenya,727,14,25138,413,4502,72,8870,139
2020-08-09,Kenya,699,5,25837,418,4474,54,9194,140
2020-08-10,Kenya,599,2,26436,420,4383,51,8833,140
2020-08-11,Kenya,492,3,26928,423,4331,41,8953,138
2020-08-12,Kenya,497,15,27425,438,4223,50,8844,139
2020-08-13,Kenya,679,18,28104,456,4231,65,8979,145
2020-08-14,Kenya,650,4,28754,460,4343,61,8841,135
2020-08-15,Kenya,580,5,29334,465,4196,52,8698,124
2020-08-16,Kenya,515,7,29849,472,4012,54,8486,108
2020-08-17,Kenya,271,2,30120,474,3684,54,8067,105
2020-08-18,Kenya,245,8,30365,482,3437,59,7768,100
2020-08-19,Kenya,271,5,30636,487,3211,49,7434,99
2020-08-20,Kenya,379,19,31015,506,2911,50,7142,115
2020-08-21,Kenya,426,10,31441,516,2687,56,7030,117
2020-08-22,Kenya,322,16,31763,532,2429,67,6625,119
2020-08-23,Kenya,355,10,32118,542,2269,70,6281,124
2020-08-24,Kenya,246,6,32364,548,2244,74,5928,128
2020-08-25,Kenya,193,6,32557,554,2192,72,5629,131
2020-08-26,Kenya,246,5,32803,559,2167,72,5378,121
2020-08-27,Kenya,213,5,33016,564,2001,58,4912,108
2020-08-28,Kenya,373,3,33389,567,1948,51,4635,107
2020-08-29,Kenya,241,0,33630,567,1867,35,4296,102
2020-08-30,Kenya,164,5,33794,572,1676,30,3945,100
2020-08-31,Kenya,263,2,34057,574,1693,26,3937,100
2020-04-01,Kosovo,7,0,117,1,54,0,98,1
2020-04-02,Kosovo,13,0,130,1,59,0,110,1
2020-04-03,Kosovo,8,0,138,1,52,0,117,1
2020-04-04,Kosovo,9,0,147,1,55,0,123,1
2020-04-05,Kosovo,8,0,155,1,60,0,124,1
2020-04-06,Kosovo,10,0,165,1,67,0,132,0
2020-04-07,Kosovo,26,2,191,3,81,2,130,2
2020-04-08,Kosovo,19,2,210,5,93,4,147,4
2020-04-09,Kosovo,14,1,224,6,94,5,153,5
2020-04-10,Kosovo,3,1,227,7,89,6,141,6
2020-04-11,Kosovo,23,0,250,7,103,6,158,6
2020-04-12,Kosovo,33,0,283,7,128,6,188,6
2020-04-13,Kosovo,79,0,362,7,197,6,264,6
2020-04-14,Kosovo,18,1,380,8,189,5,270,7
2020-04-15,Kosovo,15,0,395,8,185,3,278,7
2020-04-16,Kosovo,41,1,436,9,212,3,306,8
2020-04-17,Kosovo,30,2,466,11,239,4,328,10
2020-04-18,Kosovo,36,1,502,12,252,5,355,11
2020-04-19,Kosovo,31,0,533,12,250,5,378,11
2020-04-20,Kosovo,28,2,561,14,199,7,396,13
2020-04-21,Kosovo,37,0,598,14,218,6,407,11
2020-04-22,Kosovo,6,3,604,17,209,9,394,12
2020-04-23,Kosovo,26,0,630,17,194,8,406,11
2020-04-24,Kosovo,39,1,669,18,203,7,442,11
2020-04-25,Kosovo,34,0,703,18,201,6,453,11
2020-04-26,Kosovo,28,0,731,18,198,6,448,11
2020-04-27,Kosovo,33,2,764,20,203,6,402,13
2020-04-28,Kosovo,22,1,786,21,188,7,406,13
2020-04-29,Kosovo,12,0,798,21,194,4,403,13
2020-04-30,Kosovo,10,0,808,21,178,4,372,12
2020-05-01,Kosovo,12,3,820,24,151,6,354,13
2020-05-02,Kosovo,9,0,829,24,126,6,327,12
2020-05-03,Kosovo,11,1,840,25,109,7,307,13
2020-05-04,Kosovo,11,0,851,25,87,5,290,11
2020-05-05,Kosovo,4,1,855,26,69,5,257,12
2020-05-06,Kosovo,1,0,856,26,58,5,252,9
2020-05-07,Kosovo,4,0,860,26,52,5,230,9
2020-05-08,Kosovo,1,1,861,27,41,3,192,9
2020-05-09,Kosovo,1,1,862,28,33,4,159,10
2020-05-10,Kosovo,8,0,870,28,30,3,139,10
2020-05-11,Kosovo,14,0,884,28,33,3,120,8
2020-05-12,Kosovo,11,0,895,28,40,2,109,7
2020-05-13,Kosovo,24,1,919,29,63,3,121,8
2020-05-14,Kosovo,8,0,927,29,67,3,119,8
2020-05-15,Kosovo,18,0,945,29,84,2,125,5
2020-05-16,Kosovo,10,0,955,29,93,1,126,5
2020-05-17,Kosovo,23,0,978,29,108,1,138,4
2020-05-18,Kosovo,7,0,985,29,101,1,134,4
2020-05-19,Kosovo,3,0,988,29,93,1,133,3
2020-05-20,Kosovo,1,0,989,29,70,0,133,3
2020-05-21,Kosovo,14,0,1003,29,76,0,143,3
2020-05-22,Kosovo,1,0,1004,29,59,0,143,2
2020-05-23,Kosovo,21,0,1025,29,70,0,163,1
2020-05-24,Kosovo,7,0,1032,29,54,0,162,1
2020-05-25,Kosovo,0,0,1032,29,47,0,148,1
2020-05-26,Kosovo,6,1,1038,30,50,1,143,2
2020-05-27,Kosovo,9,0,1047,30,58,1,128,1
2020-05-28,Kosovo,1,0,1048,30,45,1,121,1
2020-05-29,Kosovo,4,0,1052,30,48,1,107,1
2020-05-30,Kosovo,12,0,1064,30,39,1,109,1
2020-05-31,Kosovo,6,0,1070,30,38,1,92,1
2020-06-01,Kosovo,13,0,1083,30,51,1,98,1
2020-06-02,Kosovo,27,0,1110,30,72,0,122,1
2020-06-03,Kosovo,13,0,1123,30,76,0,134,1
2020-06-04,Kosovo,19,0,1142,30,94,0,139,1
2020-06-05,Kosovo,5,0,1147,30,95,0,143,1
2020-06-06,Kosovo,11,0,1158,30,94,0,133,1
2020-06-07,Kosovo,36,0,1194,30,124,0,162,1
2020-06-08,Kosovo,40,1,1234,31,151,1,202,2
2020-06-09,Kosovo,29,0,1263,31,153,1,225,1
2020-06-10,Kosovo,6,0,1269,31,146,1,222,1
2020-06-11,Kosovo,29,0,1298,31,156,1,250,1
2020-06-12,Kosovo,28,0,1326,31,179,1,274,1
2020-06-13,Kosovo,58,0,1384,31,226,1,320,1
2020-06-14,Kosovo,53,1,1437,32,243,2,367,2
2020-06-15,Kosovo,49,1,1486,33,252,2,403,3
2020-06-16,Kosovo,129,0,1615,33,352,2,505,3
2020-06-17,Kosovo,141,1,1756,34,487,3,633,4
2020-06-18,Kosovo,77,0,1833,34,535,3,691,4
2020-06-19,Kosovo,83,0,1916,34,590,3,769,4
2020-06-20,Kosovo,82,0,1998,34,614,3,840,4
2020-06-21,Kosovo,75,1,2073,35,636,3,879,5
2020-06-22,Kosovo,96,1,2169,36,683,3,935,5
2020-06-23,Kosovo,47,1,2216,37,601,4,953,6
2020-06-24,Kosovo,52,1,2268,38,512,4,999,7
2020-06-25,Kosovo,95,2,2363,40,530,6,1065,9
2020-06-26,Kosovo,69,2,2432,42,516,8,1106,11
2020-06-27,Kosovo,62,2,2494,44,496,10,1110,13
2020-06-28,Kosovo,96,4,2590,48,517,13,1153,16
2020-06-29,Kosovo,87,1,2677,49,508,13,1191,16
2020-06-30,Kosovo,122,0,2799,49,583,12,1184,16
2020-07-01,Kosovo,79,2,2878,51,610,13,1122,17
2020-07-02,Kosovo,113,3,2991,54,628,14,1158,20
2020-07-03,Kosovo,73,1,3064,55,632,13,1148,21
2020-07-04,Kosovo,0,0,3064,55,570,11,1066,21
2020-07-05,Kosovo,0,0,3064,55,474,7,991,20
2020-07-06,Kosovo,292,11,3356,66,679,17,1187,30
2020-07-07,Kosovo,152,9,3508,75,709,26,1292,38
2020-07-08,Kosovo,195,4,3703,79,825,28,1435,41
2020-07-09,Kosovo,183,3,3886,82,895,28,1523,42
2020-07-10,Kosovo,214,4,4100,86,1036,31,1668,44
2020-07-11,Kosovo,207,8,4307,94,1243,39,1813,50
2020-07-12,Kosovo,408,7,4715,101,1651,46,2125,53
2020-07-13,Kosovo,216,1,4931,102,1575,36,2254,53
2020-07-14,Kosovo,187,6,5118,108,1610,33,2319,59
2020-07-15,Kosovo,0,0,5118,108,1415,29,2240,57
2020-07-16,Kosovo,119,4,5237,112,1351,30,2246,58
2020-07-17,Kosovo,0,0,5237,112,1137,26,2173,57
2020-07-18,Kosovo,235,12,5472,124,1165,30,2408,69
2020-07-19,Kosovo,145,6,5617,130,902,29,2553,75
2020-07-20,Kosovo,118,5,5735,135,804,33,2379,69
2020-07-21,Kosovo,142,4,5877,139,759,31,2369,64
2020-07-22,Kosovo,0,0,5877,139,759,31,2174,60
2020-07-23,Kosovo,409,11,6286,150,1049,38,2400,68
2020-07-24,Kosovo,181,8,6467,158,1230,46,2367,72
2020-07-25,Kosovo,213,6,6680,164,1208,40,2373,70
2020-07-26,Kosovo,237,5,6917,169,1300,39,2202,68
2020-07-27,Kosovo,0,0,6917,169,1182,34,1986,67
2020-07-28,Kosovo,496,16,7413,185,1536,46,2295,77
2020-07-29,Kosovo,239,7,7652,192,1775,53,2534,84
2020-07-30,Kosovo,194,4,7846,196,1560,46,2609,84
2020-07-31,Kosovo,258,16,8104,212,1637,54,2867,100
2020-08-01,Kosovo,0,0,8104,212,1424,48,2632,88
2020-08-02,Kosovo,0,0,8104,212,1187,43,2487,82
2020-08-03,Kosovo,695,37,8799,249,1882,80,3064,114
2020-08-04,Kosovo,250,7,9049,256,1636,71,3172,117
2020-08-05,Kosovo,225,40,9274,296,1622,104,3397,157
2020-08-06,Kosovo,0,0,9274,296,1428,100,2988,146
2020-08-07,Kosovo,414,4,9688,300,1584,88,3221,142
2020-08-08,Kosovo,181,3,9869,303,1765,91,3189,139
2020-08-09,Kosovo,0,0,9869,303,1765,91,2952,134
2020-08-10,Kosovo,147,2,10016,305,1217,56,3099,136
2020-08-11,Kosovo,403,36,10419,341,1370,85,3006,156
2020-08-12,Kosovo,0,0,10419,341,1145,45,2767,149
2020-08-13,Kosovo,0,0,10419,341,1145,45,2573,145
2020-08-14,Kosovo,376,24,10795,365,1107,65,2691,153
2020-08-15,Kosovo,335,16,11130,381,1261,78,3026,169
2020-08-16,Kosovo,145,9,11275,390,1406,87,3171,178
2020-08-17,Kosovo,0,0,11275,390,1259,85,2476,141
2020-08-18,Kosovo,98,0,11373,390,954,49,2324,134
2020-08-19,Kosovo,172,0,11545,390,1126,49,2271,94
2020-08-20,Kosovo,0,0,11545,390,1126,49,2271,94
2020-08-21,Kosovo,0,0,11545,390,750,25,1857,90
2020-08-22,Kosovo,623,58,12168,448,1038,67,2299,145
2020-08-23,Kosovo,0,0,12168,448,893,58,2299,145
2020-08-24,Kosovo,280,19,12448,467,1173,77,2432,162
2020-08-25,Kosovo,0,0,12448,467,1075,77,2029,126
2020-08-26,Kosovo,235,21,12683,488,1138,98,2264,147
2020-08-27,Kosovo,0,0,12683,488,1138,98,2264,147
2020-08-28,Kosovo,0,0,12683,488,1138,98,1888,123
2020-08-29,Kosovo,255,0,12938,488,770,40,1808,107
2020-08-30,Kosovo,119,1,13057,489,889,41,1782,99
2020-08-31,Kosovo,115,9,13172,498,724,31,1897,108
2020-04-01,Kuwait,23,0,289,0,98,0,159,0
2020-04-02,Kuwait,28,0,317,0,122,0,175,0
2020-04-03,Kuwait,25,0,342,0,134,0,194,0
2020-04-04,Kuwait,0,0,342,0,117,0,183,0
2020-04-05,Kuwait,137,1,479,1,244,1,303,1
2020-04-06,Kuwait,77,0,556,1,301,1,368,1
2020-04-07,Kuwait,109,0,665,1,399,1,476,1
2020-04-08,Kuwait,78,0,743,1,454,1,552,1
2020-04-09,Kuwait,112,0,855,1,538,1,660,1
2020-04-10,Kuwait,55,0,910,1,568,1,702,1
2020-04-11,Kuwait,83,0,993,1,651,1,768,1
2020-04-12,Kuwait,161,0,1154,1,675,0,919,1
2020-04-13,Kuwait,80,0,1234,1,678,0,979,1
2020-04-14,Kuwait,66,1,1300,2,635,1,1034,2
2020-04-15,Kuwait,55,1,1355,3,612,2,1066,3
2020-04-16,Kuwait,50,0,1405,3,550,2,1088,3
2020-04-17,Kuwait,119,0,1524,3,614,2,1182,3
2020-04-18,Kuwait,134,2,1658,5,665,4,1316,5
2020-04-19,Kuwait,94,1,1752,6,598,5,1273,5
2020-04-20,Kuwait,163,1,1915,7,681,6,1359,6
2020-04-21,Kuwait,80,2,1995,9,695,7,1330,8
2020-04-22,Kuwait,85,2,2080,11,725,8,1337,10
2020-04-23,Kuwait,168,2,2248,13,843,10,1393,12
2020-04-24,Kuwait,151,1,2399,14,875,11,1489,13
2020-04-25,Kuwait,215,1,2614,15,956,10,1621,14
2020-04-26,Kuwait,278,4,2892,19,1140,13,1738,18
2020-04-27,Kuwait,183,1,3075,20,1160,13,1841,19
2020-04-28,Kuwait,213,2,3288,22,1293,13,1988,20
2020-04-29,Kuwait,152,1,3440,23,1360,12,2085,20
2020-04-30,Kuwait,300,1,3740,24,1492,11,2335,21
2020-05-01,Kuwait,284,2,4024,26,1625,12,2500,23
2020-05-02,Kuwait,353,4,4377,30,1763,15,2719,25
2020-05-03,Kuwait,242,3,4619,33,1727,14,2867,27
2020-05-04,Kuwait,364,5,4983,38,1908,18,3068,31
2020-05-05,Kuwait,295,2,5278,40,1990,18,3283,31
2020-05-06,Kuwait,526,0,5804,40,2364,17,3724,29
2020-05-07,Kuwait,485,2,6289,42,2549,18,4041,29
2020-05-08,Kuwait,278,2,6567,44,2543,18,4168,30
2020-05-09,Kuwait,641,3,7208,47,2831,17,4594,32
2020-05-10,Kuwait,415,2,7623,49,3004,16,4731,30
2020-05-11,Kuwait,1065,9,8688,58,3705,20,5613,38
2020-05-12,Kuwait,598,7,9286,65,4008,25,5998,43
2020-05-13,Kuwait,991,10,10277,75,4473,35,6837,52
2020-05-14,Kuwait,751,7,11028,82,4739,40,7288,58
2020-05-15,Kuwait,947,6,11975,88,5408,44,7951,62
2020-05-16,Kuwait,885,8,12860,96,5652,49,8483,66
2020-05-17,Kuwait,942,11,13802,107,6179,58,9183,74
2020-05-18,Kuwait,1048,5,14850,112,6162,54,9867,74
2020-05-19,Kuwait,841,6,15691,118,6405,53,10413,78
2020-05-20,Kuwait,1073,3,16764,121,6487,46,10960,81
2020-05-21,Kuwait,804,3,17568,124,6540,42,11279,82
2020-05-22,Kuwait,1041,5,18609,129,6634,41,12042,85
2020-05-23,Kuwait,955,9,19564,138,6704,42,12356,91
2020-05-24,Kuwait,900,10,20464,148,6662,41,12841,99
2020-05-25,Kuwait,838,8,21302,156,6452,44,12614,98
2020-05-26,Kuwait,665,9,21967,165,6276,47,12681,100
2020-05-27,Kuwait,608,7,22575,172,5811,51,12298,97
2020-05-28,Kuwait,692,3,23267,175,5699,51,12239,93
2020-05-29,Kuwait,845,10,24112,185,5503,56,12137,97
2020-05-30,Kuwait,1072,9,25184,194,5620,56,12324,98
2020-05-31,Kuwait,1008,11,26192,205,5728,57,12390,98
2020-06-01,Kuwait,851,7,27043,212,5741,56,12193,100
2020-06-02,Kuwait,719,8,27762,220,5795,55,12071,102
2020-06-03,Kuwait,887,6,28649,226,6074,54,11885,105
2020-06-04,Kuwait,710,4,29359,230,6092,55,11791,106
2020-06-05,Kuwait,562,6,29921,236,5809,51,11312,107
2020-06-06,Kuwait,723,8,30644,244,5460,50,11080,106
2020-06-07,Kuwait,487,10,31131,254,4939,49,10667,106
2020-06-08,Kuwait,717,10,31848,264,4805,52,10546,108
2020-06-09,Kuwait,662,5,32510,269,4748,49,10543,104
2020-06-10,Kuwait,630,4,33140,273,4491,47,10565,101
2020-06-11,Kuwait,683,2,33823,275,4464,45,10556,100
2020-06-12,Kuwait,609,4,34432,279,4511,43,10320,94
2020-06-13,Kuwait,520,6,34952,285,4308,41,9768,91
2020-06-14,Kuwait,514,4,35466,289,4335,35,9274,84
2020-06-15,Kuwait,454,7,35920,296,4072,32,8877,84
2020-06-16,Kuwait,511,2,36431,298,3921,29,8669,78
2020-06-17,Kuwait,527,5,36958,303,3818,30,8309,77
2020-06-18,Kuwait,575,3,37533,306,3710,31,8174,76
2020-06-19,Kuwait,541,2,38074,308,3642,29,8153,72
2020-06-20,Kuwait,604,5,38678,313,3726,28,8034,69
2020-06-21,Kuwait,467,6,39145,319,3679,30,8014,65
2020-06-22,Kuwait,505,7,39650,326,3730,30,7802,62
2020-06-23,Kuwait,641,4,40291,330,3860,32,7781,61
2020-06-24,Kuwait,742,4,41033,334,4075,31,7893,61
2020-06-25,Kuwait,846,3,41879,337,4346,31,8056,62
2020-06-26,Kuwait,909,2,42788,339,4714,31,8356,60
2020-06-27,Kuwait,915,2,43703,341,5025,28,8751,56
2020-06-28,Kuwait,688,3,44391,344,5246,25,8925,55
2020-06-29,Kuwait,551,4,44942,348,5292,22,9022,52
2020-06-30,Kuwait,582,2,45524,350,5233,20,9093,52
2020-07-01,Kuwait,671,4,46195,354,5162,20,9237,51
2020-07-02,Kuwait,745,4,46940,358,5061,21,9407,52
2020-07-03,Kuwait,919,1,47859,359,5071,20,9785,51
2020-07-04,Kuwait,813,1,48672,360,4969,19,9994,47
2020-07-05,Kuwait,631,5,49303,365,4912,21,10158,46
2020-07-06,Kuwait,638,3,49941,368,4999,20,10291,42
2020-07-07,Kuwait,703,5,50644,373,5120,23,10353,43
2020-07-08,Kuwait,601,4,51245,377,5050,23,10212,43
2020-07-09,Kuwait,762,2,52007,379,5067,21,10128,42
2020-07-10,Kuwait,833,3,52840,382,4981,23,10052,43
2020-07-11,Kuwait,740,1,53580,383,4908,23,9877,42
2020-07-12,Kuwait,478,3,54058,386,4755,21,9667,42
2020-07-13,Kuwait,836,4,54894,390,4953,22,9952,42
2020-07-14,Kuwait,614,3,55508,393,4864,20,9984,43
2020-07-15,Kuwait,666,3,56174,396,4929,19,9979,42
2020-07-16,Kuwait,703,3,56877,399,4870,20,9937,41
2020-07-17,Kuwait,791,3,57668,402,4828,20,9809,43
2020-07-18,Kuwait,553,2,58221,404,4641,21,9549,44
2020-07-19,Kuwait,683,3,58904,407,4846,21,9601,42
2020-07-20,Kuwait,300,1,59204,408,4310,18,9263,40
2020-07-21,Kuwait,559,0,59763,408,4255,15,9119,35
2020-07-22,Kuwait,671,4,60434,412,4260,16,9189,35
2020-07-23,Kuwait,751,5,61185,417,4308,18,9178,38
2020-07-24,Kuwait,687,4,61872,421,4204,19,9032,39
2020-07-25,Kuwait,753,4,62625,425,4404,21,9045,42
2020-07-26,Kuwait,684,4,63309,429,4405,22,9251,43
2020-07-27,Kuwait,464,4,63773,433,4569,25,8879,43
2020-07-28,Kuwait,606,5,64379,438,4616,30,8871,45
2020-07-29,Kuwait,770,4,65149,442,4715,30,8975,46
2020-07-30,Kuwait,754,2,65903,444,4718,27,9026,45
2020-07-31,Kuwait,626,1,66529,445,4657,24,8861,43
2020-08-01,Kuwait,428,2,66957,447,4332,22,8736,43
2020-08-02,Kuwait,491,6,67448,453,4139,24,8544,46
2020-08-03,Kuwait,463,4,67911,457,4138,24,8707,49
2020-08-04,Kuwait,388,4,68299,461,3920,23,8536,53
2020-08-05,Kuwait,475,4,68774,465,3625,23,8340,53
2020-08-06,Kuwait,651,3,69425,468,3522,24,8240,51
2020-08-07,Kuwait,620,1,70045,469,3516,24,8173,48
2020-08-08,Kuwait,682,2,70727,471,3770,24,8102,46
2020-08-09,Kuwait,472,3,71199,474,3751,21,7890,45
2020-08-10,Kuwait,514,4,71713,478,3802,21,7940,45
2020-08-11,Kuwait,687,4,72400,482,4101,21,8021,44
2020-08-12,Kuwait,668,4,73068,486,4294,21,7919,44
2020-08-13,Kuwait,717,3,73785,489,4360,21,7882,45
2020-08-14,Kuwait,701,0,74486,489,4441,20,7957,44
2020-08-15,Kuwait,699,5,75185,494,4458,23,8228,47
2020-08-16,Kuwait,512,4,75697,498,4498,24,8249,45
2020-08-17,Kuwait,508,3,76205,501,4492,23,8294,44
2020-08-18,Kuwait,622,1,76827,502,4427,20,8528,41
2020-08-19,Kuwait,643,3,77470,505,4402,19,8696,40
2020-08-20,Kuwait,675,2,78145,507,4360,18,8720,39
2020-08-21,Kuwait,622,2,78767,509,4281,20,8722,40
2020-08-22,Kuwait,502,2,79269,511,4084,17,8542,40
2020-08-23,Kuwait,688,2,79957,513,4260,15,8758,39
2020-08-24,Kuwait,571,2,80528,515,4323,14,8815,37
2020-08-25,Kuwait,432,3,80960,518,4133,16,8560,36
2020-08-26,Kuwait,613,1,81573,519,4103,14,8505,33
2020-08-27,Kuwait,698,2,82271,521,4126,14,8486,32
2020-08-28,Kuwait,674,1,82945,522,4178,13,8459,33
2020-08-29,Kuwait,633,3,83578,525,4309,14,8393,31
2020-08-30,Kuwait,646,3,84224,528,4267,15,8527,30
2020-08-31,Kuwait,412,2,84636,530,4108,15,8431,29
2020-04-01,Kyrgyzstan,23,0,107,0,65,0,107,0
2020-04-02,Kyrgyzstan,5,1,112,1,68,1,109,1
2020-04-03,Kyrgyzstan,13,0,125,1,81,1,119,1
2020-04-04,Kyrgyzstan,19,0,144,1,86,1,138,1
2020-04-05,Kyrgyzstan,0,0,144,1,60,1,130,1
2020-04-06,Kyrgyzstan,72,3,216,4,132,4,202,4
2020-04-07,Kyrgyzstan,12,0,228,4,144,4,212,4
2020-04-08,Kyrgyzstan,42,0,270,4,163,4,228,4
2020-04-09,Kyrgyzstan,10,0,280,4,168,3,236,4
2020-04-10,Kyrgyzstan,18,1,298,5,173,4,254,5
2020-04-11,Kyrgyzstan,41,0,339,5,195,4,281,5
2020-04-12,Kyrgyzstan,38,0,377,5,233,4,293,5
2020-04-13,Kyrgyzstan,42,0,419,5,203,1,335,5
2020-04-14,Kyrgyzstan,11,0,430,5,202,1,346,5
2020-04-15,Kyrgyzstan,19,0,449,5,179,1,342,5
2020-04-16,Kyrgyzstan,17,0,466,5,186,1,354,4
2020-04-17,Kyrgyzstan,23,0,489,5,191,0,364,4
2020-04-18,Kyrgyzstan,17,0,506,5,167,0,362,4
2020-04-19,Kyrgyzstan,48,0,554,5,177,0,410,4
2020-04-20,Kyrgyzstan,14,2,568,7,149,2,352,3
2020-04-21,Kyrgyzstan,22,0,590,7,160,2,362,3
2020-04-22,Kyrgyzstan,22,0,612,7,163,2,342,3
2020-04-23,Kyrgyzstan,19,1,631,8,165,3,351,4
2020-04-24,Kyrgyzstan,25,0,656,8,167,3,358,3
2020-04-25,Kyrgyzstan,9,0,665,8,159,3,326,3
2020-04-26,Kyrgyzstan,17,0,682,8,128,3,305,3
2020-04-27,Kyrgyzstan,13,0,695,8,127,1,276,3
2020-04-28,Kyrgyzstan,13,0,708,8,118,1,278,3
2020-04-29,Kyrgyzstan,21,0,729,8,117,1,280,3
2020-04-30,Kyrgyzstan,17,0,746,8,115,0,280,3
2020-05-01,Kyrgyzstan,0,0,746,8,90,0,257,3
2020-05-02,Kyrgyzstan,23,0,769,8,104,0,263,3
2020-05-03,Kyrgyzstan,26,2,795,10,113,2,241,5
2020-05-04,Kyrgyzstan,35,0,830,10,135,2,262,3
2020-05-05,Kyrgyzstan,13,1,843,11,135,3,253,4
2020-05-06,Kyrgyzstan,28,1,871,12,142,4,259,5
2020-05-07,Kyrgyzstan,24,0,895,12,149,4,264,4
2020-05-08,Kyrgyzstan,11,0,906,12,160,4,250,4
2020-05-09,Kyrgyzstan,25,0,931,12,162,4,266,4
2020-05-10,Kyrgyzstan,71,0,1002,12,207,2,320,4
2020-05-11,Kyrgyzstan,14,0,1016,12,186,2,321,4
2020-05-12,Kyrgyzstan,21,0,1037,12,194,1,329,4
2020-05-13,Kyrgyzstan,7,0,1044,12,173,0,315,4
2020-05-14,Kyrgyzstan,38,0,1082,12,187,0,336,4
2020-05-15,Kyrgyzstan,29,2,1111,14,205,2,365,6
2020-05-16,Kyrgyzstan,6,0,1117,14,186,2,348,6
2020-05-17,Kyrgyzstan,21,0,1138,14,136,2,343,4
2020-05-18,Kyrgyzstan,78,0,1216,14,200,2,386,4
2020-05-19,Kyrgyzstan,27,0,1243,14,206,2,400,3
2020-05-20,Kyrgyzstan,27,0,1270,14,226,2,399,2
2020-05-21,Kyrgyzstan,43,0,1313,14,231,2,418,2
2020-05-22,Kyrgyzstan,37,0,1350,14,239,0,444,2
2020-05-23,Kyrgyzstan,14,0,1364,14,247,0,433,2
2020-05-24,Kyrgyzstan,39,0,1403,14,265,0,401,2
2020-05-25,Kyrgyzstan,30,2,1433,16,217,2,417,4
2020-05-26,Kyrgyzstan,35,0,1468,16,225,2,431,4
2020-05-27,Kyrgyzstan,52,0,1520,16,250,2,476,4
2020-05-28,Kyrgyzstan,74,0,1594,16,281,2,512,4
2020-05-29,Kyrgyzstan,68,0,1662,16,312,2,551,2
2020-05-30,Kyrgyzstan,60,0,1722,16,358,2,605,2
2020-05-31,Kyrgyzstan,26,0,1748,16,345,2,610,2
2020-06-01,Kyrgyzstan,69,0,1817,16,384,0,601,2
2020-06-02,Kyrgyzstan,28,1,1845,17,377,1,602,3
2020-06-03,Kyrgyzstan,26,3,1871,20,351,4,601,6
2020-06-04,Kyrgyzstan,28,0,1899,20,305,4,586,6
2020-06-05,Kyrgyzstan,37,2,1936,22,274,6,586,8
2020-06-06,Kyrgyzstan,38,0,1974,22,252,6,610,8
2020-06-07,Kyrgyzstan,33,0,2007,22,259,6,604,8
2020-06-08,Kyrgyzstan,25,1,2032,23,215,7,599,7
2020-06-09,Kyrgyzstan,23,1,2055,24,210,7,587,8
2020-06-10,Kyrgyzstan,38,2,2093,26,222,6,573,10
2020-06-11,Kyrgyzstan,36,0,2129,26,230,6,535,10
2020-06-12,Kyrgyzstan,37,0,2166,26,230,4,504,10
2020-06-13,Kyrgyzstan,41,1,2207,27,233,5,485,11
2020-06-14,Kyrgyzstan,78,0,2285,27,278,5,537,11
2020-06-15,Kyrgyzstan,87,0,2372,27,340,4,555,11
2020-06-16,Kyrgyzstan,100,1,2472,28,417,4,627,11
2020-06-17,Kyrgyzstan,90,2,2562,30,469,4,691,10
2020-06-18,Kyrgyzstan,95,1,2657,31,528,5,758,11
2020-06-19,Kyrgyzstan,132,1,2789,32,623,6,853,10
2020-06-20,Kyrgyzstan,192,3,2981,35,774,8,1007,13
2020-06-21,Kyrgyzstan,170,2,3151,37,866,10,1144,15
2020-06-22,Kyrgyzstan,205,3,3356,40,984,13,1324,17
2020-06-23,Kyrgyzstan,163,1,3519,41,1047,13,1464,17
2020-06-24,Kyrgyzstan,207,1,3726,42,1164,12,1633,16
2020-06-25,Kyrgyzstan,228,1,3954,43,1297,12,1825,17
2020-06-26,Kyrgyzstan,250,0,4204,43,1415,11,2038,17
2020-06-27,Kyrgyzstan,309,3,4513,46,1532,11,2306,19
2020-06-28,Kyrgyzstan,235,1,4748,47,1597,10,2463,20
2020-06-29,Kyrgyzstan,269,3,5017,50,1661,10,2645,23
2020-06-30,Kyrgyzstan,279,7,5296,57,1777,16,2824,29
2020-07-01,Kyrgyzstan,439,5,5735,62,2009,20,3173,32
2020-07-02,Kyrgyzstan,0,0,5735,62,1781,19,3078,31
2020-07-03,Kyrgyzstan,1032,14,6767,76,2563,33,3978,44
2020-07-04,Kyrgyzstan,327,2,7094,78,2581,32,4113,43
2020-07-05,Kyrgyzstan,283,10,7377,88,2629,41,4226,51
2020-07-06,Kyrgyzstan,314,4,7691,92,2674,42,4335,52
2020-07-07,Kyrgyzstan,450,7,8141,99,2845,42,4622,58
2020-07-08,Kyrgyzstan,345,13,8486,112,2751,50,4760,70
2020-07-09,Kyrgyzstan,361,4,8847,116,3112,54,4893,73
2020-07-10,Kyrgyzstan,511,6,9358,122,2591,46,5154,79
2020-07-11,Kyrgyzstan,552,3,9910,125,2816,47,5397,79
2020-07-12,Kyrgyzstan,719,7,10629,132,3252,44,5881,85
2020-07-13,Kyrgyzstan,488,15,11117,147,3426,55,6100,97
2020-07-14,Kyrgyzstan,421,2,11538,149,3397,50,6242,92
2020-07-15,Kyrgyzstan,439,11,11977,160,3491,48,6242,98
2020-07-16,Kyrgyzstan,521,7,12498,167,3651,51,6763,105
2020-07-17,Kyrgyzstan,603,5,13101,172,3743,50,6334,96
2020-07-18,Kyrgyzstan,11505,728,24606,900,14696,775,17512,822
2020-07-19,Kyrgyzstan,1926,103,26532,1003,15903,871,19155,915
2020-07-20,Kyrgyzstan,611,34,27143,1037,16026,890,19452,945
2020-07-21,Kyrgyzstan,1108,42,28251,1079,16713,930,20110,980
2020-07-22,Kyrgyzstan,1108,44,29359,1123,17382,963,20873,1011
2020-07-23,Kyrgyzstan,967,46,30326,1169,17828,1002,21479,1053
2020-07-24,Kyrgyzstan,921,42,31247,1211,18146,1039,21889,1089
2020-07-25,Kyrgyzstan,317,38,31564,1249,6958,349,21654,1124
2020-07-26,Kyrgyzstan,1249,28,32813,1277,6281,274,22184,1145
2020-07-27,Kyrgyzstan,483,24,33296,1301,6153,264,22179,1154
2020-07-28,Kyrgyzstan,548,28,33844,1329,5593,250,22306,1180
2020-07-29,Kyrgyzstan,748,18,34592,1347,5233,224,22615,1187
2020-07-30,Kyrgyzstan,631,17,35223,1364,4897,195,22725,1197
2020-07-31,Kyrgyzstan,582,14,35805,1378,4558,167,22704,1206
2020-08-01,Kyrgyzstan,494,19,36299,1397,4735,148,11693,497
2020-08-02,Kyrgyzstan,420,12,36719,1409,3906,132,10187,406
2020-08-03,Kyrgyzstan,410,11,37129,1420,3833,119,9986,383
2020-08-04,Kyrgyzstan,412,7,37541,1427,3697,98,9290,348
2020-08-05,Kyrgyzstan,569,11,38110,1438,3518,91,8751,315
2020-08-06,Kyrgyzstan,549,9,38659,1447,3436,83,8333,278
2020-08-07,Kyrgyzstan,503,4,39162,1451,3357,73,7915,240
2020-08-08,Kyrgyzstan,425,9,39587,1460,3288,63,8023,211
2020-08-09,Kyrgyzstan,332,8,39919,1468,3200,59,7106,191
2020-08-10,Kyrgyzstan,258,6,40177,1474,3048,54,6881,173
2020-08-11,Kyrgyzstan,278,4,40455,1478,2914,51,6611,149
2020-08-12,Kyrgyzstan,304,6,40759,1484,2649,46,6167,137
2020-08-13,Kyrgyzstan,0,0,40759,1484,2100,37,5536,120
2020-08-14,Kyrgyzstan,310,3,41069,1487,1907,36,5264,109
2020-08-15,Kyrgyzstan,304,4,41373,1491,1786,31,5074,94
2020-08-16,Kyrgyzstan,483,4,41856,1495,1937,27,5137,86
2020-08-17,Kyrgyzstan,135,1,41991,1496,1814,22,4862,76
2020-08-18,Kyrgyzstan,155,2,42146,1498,1691,20,4605,71
2020-08-19,Kyrgyzstan,0,0,42146,1498,1387,14,4036,60
2020-08-20,Kyrgyzstan,179,0,42325,1498,1566,14,3666,51
2020-08-21,Kyrgyzstan,378,1,42703,1499,1634,12,3541,48
2020-08-22,Kyrgyzstan,0,0,42703,1499,1330,8,3116,39
2020-08-23,Kyrgyzstan,186,1,42889,1500,1033,5,2970,32
2020-08-24,Kyrgyzstan,237,-443,43126,1057,1135,-439,2949,-417
2020-08-25,Kyrgyzstan,119,0,43245,1057,1099,-441,2790,-421
2020-08-26,Kyrgyzstan,113,0,43358,1057,1212,-441,2599,-427
2020-08-27,Kyrgyzstan,101,0,43459,1057,1134,-441,2700,-427
2020-08-28,Kyrgyzstan,128,0,43587,1057,884,-442,2518,-430
2020-08-29,Kyrgyzstan,125,0,43712,1057,1009,-442,2339,-434
2020-08-30,Kyrgyzstan,108,1,43820,1058,931,-442,1964,-437
2020-08-31,Kyrgyzstan,78,0,43898,1058,772,1,1907,-438
2020-04-01,Laos,0,0,9,0,7,0,0,0
2020-04-02,Laos,1,0,10,0,8,0,0,0
2020-04-03,Laos,0,0,10,0,4,0,0,0
2020-04-04,Laos,0,0,10,0,4,0,0,0
2020-04-05,Laos,0,0,10,0,4,0,0,0
2020-04-06,Laos,1,0,11,0,5,0,0,0
2020-04-07,Laos,1,0,12,0,3,0,12,0
2020-04-08,Laos,0,0,12,0,3,0,10,0
2020-04-09,Laos,3,0,15,0,5,0,13,0
2020-04-10,Laos,1,0,16,0,6,0,10,0
2020-04-11,Laos,0,0,16,0,6,0,10,0
2020-04-12,Laos,2,0,18,0,8,0,12,0
2020-04-13,Laos,1,0,19,0,8,0,13,0
2020-04-14,Laos,0,0,19,0,7,0,10,0
2020-04-15,Laos,0,0,19,0,7,0,10,0
2020-04-16,Laos,0,0,19,0,4,0,9,0
2020-04-17,Laos,0,0,19,0,3,0,9,0
2020-04-18,Laos,0,0,19,0,3,0,9,0
2020-04-19,Laos,0,0,19,0,1,0,9,0
2020-04-20,Laos,0,0,19,0,0,0,8,0
2020-04-21,Laos,0,0,19,0,0,0,7,0
2020-04-22,Laos,0,0,19,0,0,0,7,0
2020-04-23,Laos,0,0,19,0,0,0,4,0
2020-04-24,Laos,0,0,19,0,0,0,3,0
2020-04-25,Laos,0,0,19,0,0,0,3,0
2020-04-26,Laos,0,0,19,0,0,0,1,0
2020-04-27,Laos,0,0,19,0,0,0,0,0
2020-04-28,Laos,0,0,19,0,0,0,0,0
2020-04-29,Laos,0,0,19,0,0,0,0,0
2020-04-30,Laos,0,0,19,0,0,0,0,0
2020-05-01,Laos,0,0,19,0,0,0,0,0
2020-05-02,Laos,0,0,19,0,0,0,0,0
2020-05-03,Laos,0,0,19,0,0,0,0,0
2020-05-04,Laos,0,0,19,0,0,0,0,0
2020-05-05,Laos,0,0,19,0,0,0,0,0
2020-05-06,Laos,0,0,19,0,0,0,0,0
2020-05-07,Laos,0,0,19,0,0,0,0,0
2020-05-08,Laos,0,0,19,0,0,0,0,0
2020-05-09,Laos,0,0,19,0,0,0,0,0
2020-05-10,Laos,0,0,19,0,0,0,0,0
2020-05-11,Laos,0,0,19,0,0,0,0,0
2020-05-12,Laos,0,0,19,0,0,0,0,0
2020-05-13,Laos,0,0,19,0,0,0,0,0
2020-05-14,Laos,0,0,19,0,0,0,0,0
2020-05-15,Laos,0,0,19,0,0,0,0,0
2020-05-16,Laos,0,0,19,0,0,0,0,0
2020-05-17,Laos,0,0,19,0,0,0,0,0
2020-05-18,Laos,0,0,19,0,0,0,0,0
2020-05-19,Laos,0,0,19,0,0,0,0,0
2020-05-20,Laos,0,0,19,0,0,0,0,0
2020-05-21,Laos,0,0,19,0,0,0,0,0
2020-05-22,Laos,0,0,19,0,0,0,0,0
2020-05-23,Laos,0,0,19,0,0,0,0,0
2020-05-24,Laos,0,0,19,0,0,0,0,0
2020-05-25,Laos,0,0,19,0,0,0,0,0
2020-05-26,Laos,0,0,19,0,0,0,0,0
2020-05-27,Laos,0,0,19,0,0,0,0,0
2020-05-28,Laos,0,0,19,0,0,0,0,0
2020-05-29,Laos,0,0,19,0,0,0,0,0
2020-05-30,Laos,0,0,19,0,0,0,0,0
2020-05-31,Laos,0,0,19,0,0,0,0,0
2020-06-01,Laos,0,0,19,0,0,0,0,0
2020-06-02,Laos,0,0,19,0,0,0,0,0
2020-06-03,Laos,0,0,19,0,0,0,0,0
2020-06-04,Laos,0,0,19,0,0,0,0,0
2020-06-05,Laos,0,0,19,0,0,0,0,0
2020-06-06,Laos,0,0,19,0,0,0,0,0
2020-06-07,Laos,0,0,19,0,0,0,0,0
2020-06-08,Laos,0,0,19,0,0,0,0,0
2020-06-09,Laos,0,0,19,0,0,0,0,0
2020-06-10,Laos,0,0,19,0,0,0,0,0
2020-06-11,Laos,0,0,19,0,0,0,0,0
2020-06-12,Laos,0,0,19,0,0,0,0,0
2020-06-13,Laos,0,0,19,0,0,0,0,0
2020-06-14,Laos,0,0,19,0,0,0,0,0
2020-06-15,Laos,0,0,19,0,0,0,0,0
2020-06-16,Laos,0,0,19,0,0,0,0,0
2020-06-17,Laos,0,0,19,0,0,0,0,0
2020-06-18,Laos,0,0,19,0,0,0,0,0
2020-06-19,Laos,0,0,19,0,0,0,0,0
2020-06-20,Laos,0,0,19,0,0,0,0,0
2020-06-21,Laos,0,0,19,0,0,0,0,0
2020-06-22,Laos,0,0,19,0,0,0,0,0
2020-06-23,Laos,0,0,19,0,0,0,0,0
2020-06-24,Laos,0,0,19,0,0,0,0,0
2020-06-25,Laos,0,0,19,0,0,0,0,0
2020-06-26,Laos,0,0,19,0,0,0,0,0
2020-06-27,Laos,0,0,19,0,0,0,0,0
2020-06-28,Laos,0,0,19,0,0,0,0,0
2020-06-29,Laos,0,0,19,0,0,0,0,0
2020-06-30,Laos,0,0,19,0,0,0,0,0
2020-07-01,Laos,0,0,19,0,0,0,0,0
2020-07-02,Laos,0,0,19,0,0,0,0,0
2020-07-03,Laos,0,0,19,0,0,0,0,0
2020-07-04,Laos,0,0,19,0,0,0,0,0
2020-07-05,Laos,0,0,19,0,0,0,0,0
2020-07-06,Laos,0,0,19,0,0,0,0,0
2020-07-07,Laos,0,0,19,0,0,0,0,0
2020-07-08,Laos,0,0,19,0,0,0,0,0
2020-07-09,Laos,0,0,19,0,0,0,0,0
2020-07-10,Laos,0,0,19,0,0,0,0,0
2020-07-11,Laos,0,0,19,0,0,0,0,0
2020-07-12,Laos,0,0,19,0,0,0,0,0
2020-07-13,Laos,0,0,19,0,0,0,0,0
2020-07-14,Laos,0,0,19,0,0,0,0,0
2020-07-15,Laos,0,0,19,0,0,0,0,0
2020-07-16,Laos,0,0,19,0,0,0,0,0
2020-07-17,Laos,0,0,19,0,0,0,0,0
2020-07-18,Laos,0,0,19,0,0,0,0,0
2020-07-19,Laos,0,0,19,0,0,0,0,0
2020-07-20,Laos,0,0,19,0,0,0,0,0
2020-07-21,Laos,0,0,19,0,0,0,0,0
2020-07-22,Laos,0,0,19,0,0,0,0,0
2020-07-23,Laos,0,0,19,0,0,0,0,0
2020-07-24,Laos,0,0,19,0,0,0,0,0
2020-07-25,Laos,1,0,20,0,1,0,1,0
2020-07-26,Laos,0,0,20,0,1,0,1,0
2020-07-27,Laos,0,0,20,0,1,0,1,0
2020-07-28,Laos,0,0,20,0,1,0,1,0
2020-07-29,Laos,0,0,20,0,1,0,1,0
2020-07-30,Laos,0,0,20,0,1,0,1,0
2020-07-31,Laos,0,0,20,0,1,0,1,0
2020-08-01,Laos,0,0,20,0,0,0,1,0
2020-08-02,Laos,0,0,20,0,0,0,1,0
2020-08-03,Laos,0,0,20,0,0,0,1,0
2020-08-04,Laos,0,0,20,0,0,0,1,0
2020-08-05,Laos,0,0,20,0,0,0,1,0
2020-08-06,Laos,0,0,20,0,0,0,1,0
2020-08-07,Laos,0,0,20,0,0,0,1,0
2020-08-08,Laos,0,0,20,0,0,0,0,0
2020-08-09,Laos,0,0,20,0,0,0,0,0
2020-08-10,Laos,0,0,20,0,0,0,0,0
2020-08-11,Laos,0,0,20,0,0,0,0,0
2020-08-12,Laos,0,0,20,0,0,0,0,0
2020-08-13,Laos,0,0,20,0,0,0,0,0
2020-08-14,Laos,0,0,20,0,0,0,0,0
2020-08-15,Laos,0,0,20,0,0,0,0,0
2020-08-16,Laos,0,0,20,0,0,0,0,0
2020-08-17,Laos,0,0,20,0,0,0,0,0
2020-08-18,Laos,0,0,20,0,0,0,0,0
2020-08-19,Laos,0,0,20,0,0,0,0,0
2020-08-20,Laos,0,0,20,0,0,0,0,0
2020-08-21,Laos,0,0,20,0,0,0,0,0
2020-08-22,Laos,2,0,22,0,2,0,2,0
2020-08-23,Laos,0,0,22,0,2,0,2,0
2020-08-24,Laos,0,0,22,0,2,0,2,0
2020-08-25,Laos,0,0,22,0,2,0,2,0
2020-08-26,Laos,0,0,22,0,2,0,2,0
2020-08-27,Laos,0,0,22,0,2,0,2,0
2020-08-28,Laos,0,0,22,0,2,0,2,0
2020-08-29,Laos,0,0,22,0,0,0,2,0
2020-08-30,Laos,0,0,22,0,0,0,2,0
2020-08-31,Laos,0,0,22,0,0,0,2,0
2020-04-01,Latvia,22,0,398,0,201,0,337,0
2020-04-02,Latvia,48,0,446,0,225,0,375,0
2020-04-03,Latvia,12,0,458,0,214,0,372,0
2020-04-04,Latvia,35,1,493,1,213,1,382,1
2020-04-05,Latvia,16,0,509,1,204,1,385,1
2020-04-06,Latvia,24,0,533,1,157,1,394,1
2020-04-07,Latvia,9,0,542,1,166,1,362,1
2020-04-08,Latvia,6,1,548,2,150,2,351,2
2020-04-09,Latvia,29,0,577,2,131,2,356,2
2020-04-10,Latvia,12,0,589,2,131,2,345,2
2020-04-11,Latvia,23,0,612,2,119,1,332,2
2020-04-12,Latvia,18,1,630,3,121,2,325,3
2020-04-13,Latvia,21,2,651,5,118,4,275,5
2020-04-14,Latvia,4,0,655,5,113,4,279,5
2020-04-15,Latvia,2,0,657,5,109,3,259,5
2020-04-16,Latvia,9,0,666,5,89,3,220,5
2020-04-17,Latvia,9,0,675,5,86,3,217,5
2020-04-18,Latvia,7,0,682,5,70,3,189,4
2020-04-19,Latvia,30,0,712,5,82,2,203,4
2020-04-20,Latvia,15,0,727,5,76,0,194,4
2020-04-21,Latvia,12,0,739,5,84,0,197,4
2020-04-22,Latvia,9,4,748,9,91,4,200,7
2020-04-23,Latvia,13,2,761,11,95,6,184,9
2020-04-24,Latvia,17,0,778,11,103,6,189,9
2020-04-25,Latvia,6,1,784,12,102,7,172,10
2020-04-26,Latvia,20,0,804,12,92,7,174,9
2020-04-27,Latvia,8,0,812,12,85,7,161,7
2020-04-28,Latvia,6,1,818,13,79,8,163,8
2020-04-29,Latvia,18,0,836,13,88,4,179,8
2020-04-30,Latvia,13,2,849,15,88,4,183,10
2020-05-01,Latvia,9,0,858,15,80,4,183,10
2020-05-02,Latvia,12,1,870,16,86,4,188,11
2020-05-03,Latvia,1,0,871,16,67,4,159,11
2020-05-04,Latvia,8,0,879,16,67,4,152,11
2020-05-05,Latvia,17,0,896,16,78,3,157,11
2020-05-06,Latvia,0,1,896,17,60,4,148,8
2020-05-07,Latvia,4,0,900,17,51,2,139,6
2020-05-08,Latvia,9,1,909,18,51,3,131,7
2020-05-09,Latvia,19,0,928,18,58,2,144,6
2020-05-10,Latvia,2,0,930,18,59,2,126,6
2020-05-11,Latvia,9,0,939,18,60,2,127,6
2020-05-12,Latvia,7,0,946,18,50,2,128,5
2020-05-13,Latvia,4,0,950,18,54,1,114,5
2020-05-14,Latvia,1,1,951,19,51,2,102,4
2020-05-15,Latvia,11,0,962,19,53,1,104,4
2020-05-16,Latvia,8,0,970,19,42,1,100,3
2020-05-17,Latvia,27,0,997,19,67,1,126,3
2020-05-18,Latvia,11,0,1008,19,69,1,129,3
2020-05-19,Latvia,1,0,1009,19,63,1,113,3
2020-05-20,Latvia,3,2,1012,21,62,3,116,4
2020-05-21,Latvia,4,0,1016,21,65,2,116,4
2020-05-22,Latvia,9,1,1025,22,63,3,116,4
2020-05-23,Latvia,5,0,1030,22,60,3,102,4
2020-05-24,Latvia,16,0,1046,22,49,3,116,4
2020-05-25,Latvia,1,0,1047,22,39,3,108,4
2020-05-26,Latvia,2,0,1049,22,40,3,103,4
2020-05-27,Latvia,4,0,1053,22,41,1,103,4
2020-05-28,Latvia,4,1,1057,23,41,2,106,4
2020-05-29,Latvia,4,1,1061,24,36,2,99,5
2020-05-30,Latvia,3,0,1064,24,34,2,94,5
2020-05-31,Latvia,1,0,1065,24,19,2,68,5
2020-06-01,Latvia,1,0,1066,24,19,2,58,5
2020-06-02,Latvia,5,0,1071,24,22,2,62,5
2020-06-03,Latvia,8,0,1079,24,26,2,67,3
2020-06-04,Latvia,0,0,1079,24,22,1,63,3
2020-06-05,Latvia,3,1,1082,25,21,1,57,3
2020-06-06,Latvia,0,0,1082,25,18,1,52,3
2020-06-07,Latvia,4,0,1086,25,21,1,40,3
2020-06-08,Latvia,2,0,1088,25,22,1,41,3
2020-06-09,Latvia,0,1,1088,26,17,2,39,4
2020-06-10,Latvia,1,0,1089,26,10,2,36,4
2020-06-11,Latvia,3,0,1092,26,13,2,35,3
2020-06-12,Latvia,2,0,1094,26,12,1,33,2
2020-06-13,Latvia,2,1,1096,27,14,2,32,3
2020-06-14,Latvia,1,1,1097,28,11,3,32,4
2020-06-15,Latvia,0,0,1097,28,9,3,31,4
2020-06-16,Latvia,0,0,1097,28,9,2,26,4
2020-06-17,Latvia,1,0,1098,28,9,2,19,4
2020-06-18,Latvia,6,2,1104,30,12,4,25,6
2020-06-19,Latvia,4,0,1108,30,14,4,26,5
2020-06-20,Latvia,2,0,1110,30,14,3,28,5
2020-06-21,Latvia,1,0,1111,30,14,2,25,5
2020-06-22,Latvia,0,0,1111,30,14,2,23,5
2020-06-23,Latvia,0,0,1111,30,14,2,23,4
2020-06-24,Latvia,0,0,1111,30,13,2,22,4
2020-06-25,Latvia,0,0,1111,30,7,0,19,4
2020-06-26,Latvia,0,0,1111,30,3,0,17,4
2020-06-27,Latvia,1,0,1112,30,2,0,16,3
2020-06-28,Latvia,3,0,1115,30,4,0,18,2
2020-06-29,Latvia,1,0,1116,30,5,0,19,2
2020-06-30,Latvia,1,0,1117,30,6,0,20,2
2020-07-01,Latvia,1,0,1118,30,7,0,20,2
2020-07-02,Latvia,3,0,1121,30,10,0,17,0
2020-07-03,Latvia,1,0,1122,30,11,0,14,0
2020-07-04,Latvia,0,0,1122,30,10,0,12,0
2020-07-05,Latvia,1,0,1123,30,8,0,12,0
2020-07-06,Latvia,1,0,1124,30,8,0,13,0
2020-07-07,Latvia,3,0,1127,30,10,0,16,0
2020-07-08,Latvia,7,0,1134,30,16,0,23,0
2020-07-09,Latvia,7,0,1141,30,20,0,30,0
2020-07-10,Latvia,13,0,1154,30,32,0,43,0
2020-07-11,Latvia,0,0,1154,30,32,0,42,0
2020-07-12,Latvia,19,0,1173,30,50,0,58,0
2020-07-13,Latvia,0,0,1173,30,49,0,57,0
2020-07-14,Latvia,1,1,1174,31,47,1,57,1
2020-07-15,Latvia,4,0,1178,31,44,1,60,1
2020-07-16,Latvia,0,0,1178,31,37,1,57,1
2020-07-17,Latvia,1,0,1179,31,25,1,57,1
2020-07-18,Latvia,6,0,1185,31,31,1,63,1
2020-07-19,Latvia,4,0,1189,31,16,1,66,1
2020-07-20,Latvia,3,0,1192,31,19,1,68,1
2020-07-21,Latvia,0,0,1192,31,18,0,65,1
2020-07-22,Latvia,1,0,1193,31,15,0,59,1
2020-07-23,Latvia,4,0,1197,31,19,0,56,1
2020-07-24,Latvia,6,0,1203,31,24,0,49,1
2020-07-25,Latvia,2,0,1205,31,20,0,51,1
2020-07-26,Latvia,1,0,1206,31,17,0,33,1
2020-07-27,Latvia,13,0,1219,31,27,0,46,1
2020-07-28,Latvia,1,0,1220,31,28,0,46,0
2020-07-29,Latvia,0,0,1220,31,27,0,42,0
2020-07-30,Latvia,4,0,1224,31,27,0,46,0
2020-07-31,Latvia,4,0,1228,31,25,0,49,0
2020-08-01,Latvia,3,1,1231,32,26,1,46,1
2020-08-02,Latvia,7,0,1238,32,32,1,49,1
2020-08-03,Latvia,5,0,1243,32,24,1,51,1
2020-08-04,Latvia,3,0,1246,32,26,1,54,1
2020-08-05,Latvia,3,0,1249,32,29,1,56,1
2020-08-06,Latvia,8,0,1257,32,33,1,60,1
2020-08-07,Latvia,18,0,1275,32,47,1,72,1
2020-08-08,Latvia,6,0,1281,32,50,0,76,1
2020-08-09,Latvia,7,0,1288,32,50,0,82,1
2020-08-10,Latvia,2,0,1290,32,47,0,71,1
2020-08-11,Latvia,3,0,1293,32,47,0,73,1
2020-08-12,Latvia,10,0,1303,32,54,0,83,1
2020-08-13,Latvia,0,0,1303,32,46,0,79,1
2020-08-14,Latvia,4,0,1307,32,32,0,79,1
2020-08-15,Latvia,1,0,1308,32,27,0,77,0
2020-08-16,Latvia,7,0,1315,32,27,0,77,0
2020-08-17,Latvia,7,0,1322,32,32,0,79,0
2020-08-18,Latvia,1,0,1323,32,30,0,77,0
2020-08-19,Latvia,0,1,1323,33,20,1,74,1
2020-08-20,Latvia,3,0,1326,33,23,1,69,1
2020-08-21,Latvia,1,0,1327,33,20,1,52,1
2020-08-22,Latvia,3,0,1330,33,22,1,49,1
2020-08-23,Latvia,3,0,1333,33,18,1,45,1
2020-08-24,Latvia,4,0,1337,33,15,1,47,1
2020-08-25,Latvia,0,0,1337,33,14,1,44,1
2020-08-26,Latvia,5,0,1342,33,19,0,39,1
2020-08-27,Latvia,18,0,1360,33,34,0,57,1
2020-08-28,Latvia,6,1,1366,34,39,1,59,2
2020-08-29,Latvia,9,0,1375,34,45,1,67,2
2020-08-30,Latvia,0,0,1375,34,42,1,60,2
2020-08-31,Latvia,18,0,1393,34,56,1,71,2
2020-04-01,Lebanon,17,1,463,12,159,8,343,9
2020-04-02,Lebanon,16,0,479,12,146,8,346,8
2020-04-03,Lebanon,15,4,494,16,126,10,345,12
2020-04-04,Lebanon,0,0,494,16,103,9,331,12
2020-04-05,Lebanon,26,1,520,17,108,9,290,13
2020-04-06,Lebanon,7,1,527,18,89,8,279,14
2020-04-07,Lebanon,14,1,541,19,95,8,274,15
2020-04-08,Lebanon,7,0,548,19,85,7,244,15
2020-04-09,Lebanon,27,0,575,19,96,7,242,15
2020-04-10,Lebanon,7,0,582,19,88,3,214,13
2020-04-11,Lebanon,27,1,609,20,115,4,218,13
2020-04-12,Lebanon,10,0,619,20,99,3,207,12
2020-04-13,Lebanon,11,0,630,20,103,2,192,10
2020-04-14,Lebanon,2,0,632,20,91,1,186,9
2020-04-15,Lebanon,9,1,641,21,93,2,178,9
2020-04-16,Lebanon,17,0,658,21,83,2,179,9
2020-04-17,Lebanon,5,0,663,21,81,2,169,5
2020-04-18,Lebanon,5,0,668,21,59,1,174,5
2020-04-19,Lebanon,4,0,672,21,53,1,152,4
2020-04-20,Lebanon,1,0,673,21,43,1,146,3
2020-04-21,Lebanon,4,0,677,21,45,1,136,2
2020-04-22,Lebanon,0,0,677,21,36,0,129,2
2020-04-23,Lebanon,5,1,682,22,24,1,107,3
2020-04-24,Lebanon,6,0,688,22,25,1,106,3
2020-04-25,Lebanon,8,0,696,22,28,1,87,2
2020-04-26,Lebanon,8,2,704,24,32,3,85,4
2020-04-27,Lebanon,3,0,707,24,34,3,77,4
2020-04-28,Lebanon,3,0,710,24,33,3,78,4
2020-04-29,Lebanon,7,0,717,24,40,3,76,3
2020-04-30,Lebanon,4,0,721,24,39,2,63,3
2020-05-01,Lebanon,4,0,725,24,37,2,62,3
2020-05-02,Lebanon,4,0,729,24,33,2,61,3
2020-05-03,Lebanon,4,1,733,25,29,1,61,4
2020-05-04,Lebanon,4,0,737,25,30,1,64,4
2020-05-05,Lebanon,3,0,740,25,30,1,63,4
2020-05-06,Lebanon,1,0,741,25,24,1,64,4
2020-05-07,Lebanon,9,0,750,25,29,1,68,3
2020-05-08,Lebanon,34,0,784,25,59,1,96,3
2020-05-09,Lebanon,12,1,796,26,67,2,100,4
2020-05-10,Lebanon,13,0,809,26,76,1,105,2
2020-05-11,Lebanon,36,0,845,26,108,1,138,2
2020-05-12,Lebanon,14,0,859,26,119,1,149,2
2020-05-13,Lebanon,11,0,870,26,129,1,153,2
2020-05-14,Lebanon,8,0,878,26,128,1,157,2
2020-05-15,Lebanon,8,0,886,26,102,1,161,2
2020-05-16,Lebanon,5,0,891,26,95,0,162,2
2020-05-17,Lebanon,11,0,902,26,93,0,169,1
2020-05-18,Lebanon,9,0,911,26,66,0,174,1
2020-05-19,Lebanon,20,0,931,26,72,0,191,1
2020-05-20,Lebanon,23,0,954,26,84,0,213,1
2020-05-21,Lebanon,7,0,961,26,83,0,211,1
2020-05-22,Lebanon,63,0,1024,26,138,0,240,1
2020-05-23,Lebanon,62,0,1086,26,195,0,290,0
2020-05-24,Lebanon,11,0,1097,26,195,0,288,0
2020-05-25,Lebanon,17,0,1114,26,203,0,269,0
2020-05-26,Lebanon,5,0,1119,26,188,0,260,0
2020-05-27,Lebanon,21,0,1140,26,186,0,270,0
2020-05-28,Lebanon,21,0,1161,26,200,0,283,0
2020-05-29,Lebanon,7,0,1168,26,144,0,282,0
2020-05-30,Lebanon,4,0,1172,26,86,0,281,0
2020-05-31,Lebanon,19,0,1191,26,94,0,289,0
2020-06-01,Lebanon,29,1,1220,27,106,1,309,1
2020-06-02,Lebanon,13,0,1233,27,114,1,302,1
2020-06-03,Lebanon,9,0,1242,27,102,1,288,1
2020-06-04,Lebanon,14,0,1256,27,95,1,295,1
2020-06-05,Lebanon,50,1,1306,28,138,2,282,2
2020-06-06,Lebanon,6,0,1312,28,140,2,226,2
2020-06-07,Lebanon,8,1,1320,29,129,3,223,3
2020-06-08,Lebanon,11,1,1331,30,111,3,217,4
2020-06-09,Lebanon,19,0,1350,30,117,3,231,4
2020-06-10,Lebanon,18,0,1368,30,126,3,228,4
2020-06-11,Lebanon,20,0,1388,30,132,3,227,4
2020-06-12,Lebanon,14,1,1402,31,96,3,234,5
2020-06-13,Lebanon,20,0,1422,31,110,3,250,5
2020-06-14,Lebanon,20,1,1442,32,122,3,251,6
2020-06-15,Lebanon,4,0,1446,32,115,2,226,5
2020-06-16,Lebanon,18,0,1464,32,114,2,231,5
2020-06-17,Lebanon,9,0,1473,32,105,2,231,5
2020-06-18,Lebanon,16,0,1489,32,101,2,233,5
2020-06-19,Lebanon,6,0,1495,32,93,1,189,4
2020-06-20,Lebanon,15,0,1510,32,88,1,198,4
2020-06-21,Lebanon,26,0,1536,32,94,0,216,3
2020-06-22,Lebanon,51,0,1587,32,141,0,256,2
2020-06-23,Lebanon,16,0,1603,32,139,0,253,2
2020-06-24,Lebanon,19,0,1622,32,149,0,254,2
2020-06-25,Lebanon,22,1,1644,33,155,1,256,3
2020-06-26,Lebanon,18,0,1662,33,167,1,260,2
2020-06-27,Lebanon,35,0,1697,33,187,1,275,2
2020-06-28,Lebanon,22,0,1719,33,183,1,277,1
2020-06-29,Lebanon,21,1,1740,34,153,2,294,2
2020-06-30,Lebanon,5,0,1745,34,142,2,281,2
2020-07-01,Lebanon,33,0,1778,34,156,2,305,2
2020-07-02,Lebanon,10,0,1788,34,144,1,299,2
2020-07-03,Lebanon,8,1,1796,35,134,2,301,3
2020-07-04,Lebanon,34,0,1830,35,133,2,320,3
2020-07-05,Lebanon,25,0,1855,35,136,2,319,3
2020-07-06,Lebanon,18,1,1873,36,133,2,286,4
2020-07-07,Lebanon,12,0,1885,36,140,2,282,4
2020-07-08,Lebanon,22,0,1907,36,129,2,285,4
2020-07-09,Lebanon,39,0,1946,36,158,2,302,3
2020-07-10,Lebanon,65,0,2011,36,215,1,349,3
2020-07-11,Lebanon,71,0,2082,36,252,1,385,3
2020-07-12,Lebanon,86,0,2168,36,313,1,449,3
2020-07-13,Lebanon,166,0,2334,36,461,0,594,2
2020-07-14,Lebanon,85,0,2419,36,534,0,674,2
2020-07-15,Lebanon,32,1,2451,37,544,1,673,3
2020-07-16,Lebanon,91,1,2542,38,596,2,754,4
2020-07-17,Lebanon,57,2,2599,40,588,4,803,5
2020-07-18,Lebanon,101,0,2700,40,618,4,870,5
2020-07-19,Lebanon,75,0,2775,40,607,4,920,5
2020-07-20,Lebanon,84,0,2859,40,525,4,986,4
2020-07-21,Lebanon,46,1,2905,41,486,5,1020,5
2020-07-22,Lebanon,75,0,2980,41,529,4,1073,5
2020-07-23,Lebanon,124,2,3104,43,562,5,1158,7
2020-07-24,Lebanon,156,0,3260,43,661,3,1249,7
2020-07-25,Lebanon,147,3,3407,46,707,6,1325,10
2020-07-26,Lebanon,175,1,3582,47,807,7,1414,11
2020-07-27,Lebanon,168,4,3750,51,891,11,1416,15
2020-07-28,Lebanon,132,0,3882,51,977,10,1463,15
2020-07-29,Lebanon,141,3,4023,54,1043,13,1572,17
2020-07-30,Lebanon,182,1,4205,55,1101,12,1663,17
2020-07-31,Lebanon,129,2,4334,57,1074,14,1735,17
2020-08-01,Lebanon,221,4,4555,61,1148,15,1855,21
2020-08-02,Lebanon,175,0,4730,61,1148,14,1955,21
2020-08-03,Lebanon,155,1,4885,62,1135,11,2026,22
2020-08-04,Lebanon,177,3,5062,65,1180,14,2157,24
2020-08-05,Lebanon,0,0,5062,65,1039,11,2082,24
2020-08-06,Lebanon,355,3,5417,68,1212,13,2313,25
2020-08-07,Lebanon,255,2,5672,70,1338,13,2412,27
2020-08-08,Lebanon,279,0,5951,70,1396,9,2544,24
2020-08-09,Lebanon,272,6,6223,76,1493,15,2641,29
2020-08-10,Lebanon,294,0,6517,76,1632,14,2767,25
2020-08-11,Lebanon,295,4,6812,80,1750,15,2930,29
2020-08-12,Lebanon,309,7,7121,87,2059,22,3098,33
2020-08-13,Lebanon,292,2,7413,89,1996,21,3208,34
2020-08-14,Lebanon,298,3,7711,92,2039,22,3377,35
2020-08-15,Lebanon,334,2,8045,94,2094,24,3490,33
2020-08-16,Lebanon,397,3,8442,97,2219,21,3712,36
2020-08-17,Lebanon,439,6,8881,103,2364,27,3996,41
2020-08-18,Lebanon,456,2,9337,105,2525,25,4275,40
2020-08-19,Lebanon,0,0,9337,105,2216,18,4275,40
2020-08-20,Lebanon,1010,4,10347,109,2934,20,4930,41
2020-08-21,Lebanon,605,4,10952,113,3241,21,5280,43
2020-08-22,Lebanon,628,3,11580,116,3535,22,5629,46
2020-08-23,Lebanon,611,5,12191,121,3749,24,5968,45
2020-08-24,Lebanon,0,0,12191,121,3310,18,5674,45
2020-08-25,Lebanon,964,5,13155,126,3818,21,6343,46
2020-08-26,Lebanon,532,12,13687,138,4350,33,6566,51
2020-08-27,Lebanon,561,1,14248,139,3901,30,6835,50
2020-08-28,Lebanon,689,7,14937,146,3985,33,7226,54
2020-08-29,Lebanon,676,2,15613,148,4033,32,7568,54
2020-08-30,Lebanon,662,7,16275,155,4084,34,7833,58
2020-08-31,Lebanon,595,5,16870,160,4679,39,7989,57
2020-04-01,Lesotho,0,0,0,0,0,0,0,0
2020-04-02,Lesotho,0,0,0,0,0,0,0,0
2020-04-03,Lesotho,0,0,0,0,0,0,0,0
2020-04-04,Lesotho,0,0,0,0,0,0,0,0
2020-04-05,Lesotho,0,0,0,0,0,0,0,0
2020-04-06,Lesotho,0,0,0,0,0,0,0,0
2020-04-07,Lesotho,0,0,0,0,0,0,0,0
2020-04-08,Lesotho,0,0,0,0,0,0,0,0
2020-04-09,Lesotho,0,0,0,0,0,0,0,0
2020-04-10,Lesotho,0,0,0,0,0,0,0,0
2020-04-11,Lesotho,0,0,0,0,0,0,0,0
2020-04-12,Lesotho,0,0,0,0,0,0,0,0
2020-04-13,Lesotho,0,0,0,0,0,0,0,0
2020-04-14,Lesotho,0,0,0,0,0,0,0,0
2020-04-15,Lesotho,0,0,0,0,0,0,0,0
2020-04-16,Lesotho,0,0,0,0,0,0,0,0
2020-04-17,Lesotho,0,0,0,0,0,0,0,0
2020-04-18,Lesotho,0,0,0,0,0,0,0,0
2020-04-19,Lesotho,0,0,0,0,0,0,0,0
2020-04-20,Lesotho,0,0,0,0,0,0,0,0
2020-04-21,Lesotho,0,0,0,0,0,0,0,0
2020-04-22,Lesotho,0,0,0,0,0,0,0,0
2020-04-23,Lesotho,0,0,0,0,0,0,0,0
2020-04-24,Lesotho,0,0,0,0,0,0,0,0
2020-04-25,Lesotho,0,0,0,0,0,0,0,0
2020-04-26,Lesotho,0,0,0,0,0,0,0,0
2020-04-27,Lesotho,0,0,0,0,0,0,0,0
2020-04-28,Lesotho,0,0,0,0,0,0,0,0
2020-04-29,Lesotho,0,0,0,0,0,0,0,0
2020-04-30,Lesotho,0,0,0,0,0,0,0,0
2020-05-01,Lesotho,0,0,0,0,0,0,0,0
2020-05-02,Lesotho,0,0,0,0,0,0,0,0
2020-05-03,Lesotho,0,0,0,0,0,0,0,0
2020-05-04,Lesotho,0,0,0,0,0,0,0,0
2020-05-05,Lesotho,0,0,0,0,0,0,0,0
2020-05-06,Lesotho,0,0,0,0,0,0,0,0
2020-05-07,Lesotho,0,0,0,0,0,0,0,0
2020-05-08,Lesotho,0,0,0,0,0,0,0,0
2020-05-09,Lesotho,0,0,0,0,0,0,0,0
2020-05-10,Lesotho,0,0,0,0,0,0,0,0
2020-05-11,Lesotho,0,0,0,0,0,0,0,0
2020-05-12,Lesotho,0,0,0,0,0,0,0,0
2020-05-13,Lesotho,0,0,0,0,0,0,0,0
2020-05-14,Lesotho,0,0,0,0,0,0,0,0
2020-05-15,Lesotho,1,0,1,0,0,0,0,0
2020-05-16,Lesotho,0,0,1,0,0,0,0,0
2020-05-17,Lesotho,0,0,1,0,0,0,0,0
2020-05-18,Lesotho,0,0,1,0,0,0,0,0
2020-05-19,Lesotho,0,0,1,0,0,0,0,0
2020-05-20,Lesotho,0,0,1,0,0,0,0,0
2020-05-21,Lesotho,0,0,1,0,1,0,0,0
2020-05-22,Lesotho,0,0,1,0,0,0,0,0
2020-05-23,Lesotho,0,0,1,0,0,0,0,0
2020-05-24,Lesotho,1,0,2,0,1,0,0,0
2020-05-25,Lesotho,0,0,2,0,1,0,0,0
2020-05-26,Lesotho,0,0,2,0,1,0,0,0
2020-05-27,Lesotho,0,0,2,0,1,0,0,0
2020-05-28,Lesotho,0,0,2,0,1,0,2,0
2020-05-29,Lesotho,0,0,2,0,1,0,1,0
2020-05-30,Lesotho,0,0,2,0,1,0,1,0
2020-05-31,Lesotho,0,0,2,0,0,0,1,0
2020-06-01,Lesotho,0,0,2,0,0,0,1,0
2020-06-02,Lesotho,0,0,2,0,0,0,1,0
2020-06-03,Lesotho,0,0,2,0,0,0,1,0
2020-06-04,Lesotho,0,0,2,0,0,0,1,0
2020-06-05,Lesotho,2,0,4,0,2,0,3,0
2020-06-06,Lesotho,0,0,4,0,2,0,3,0
2020-06-07,Lesotho,0,0,4,0,2,0,2,0
2020-06-08,Lesotho,0,0,4,0,2,0,2,0
2020-06-09,Lesotho,0,0,4,0,2,0,2,0
2020-06-10,Lesotho,0,0,4,0,2,0,2,0
2020-06-11,Lesotho,0,0,4,0,2,0,2,0
2020-06-12,Lesotho,0,0,4,0,0,0,2,0
2020-06-13,Lesotho,0,0,4,0,0,0,2,0
2020-06-14,Lesotho,0,0,4,0,0,0,2,0
2020-06-15,Lesotho,0,0,4,0,0,0,2,0
2020-06-16,Lesotho,0,0,4,0,0,0,2,0
2020-06-17,Lesotho,0,0,4,0,0,0,2,0
2020-06-18,Lesotho,0,0,4,0,0,0,2,0
2020-06-19,Lesotho,0,0,4,0,0,0,0,0
2020-06-20,Lesotho,0,0,4,0,0,0,0,0
2020-06-21,Lesotho,0,0,4,0,0,0,0,0
2020-06-22,Lesotho,0,0,4,0,0,0,0,0
2020-06-23,Lesotho,0,0,4,0,0,0,0,0
2020-06-24,Lesotho,13,0,17,0,13,0,13,0
2020-06-25,Lesotho,0,0,17,0,13,0,13,0
2020-06-26,Lesotho,3,0,20,0,16,0,16,0
2020-06-27,Lesotho,4,0,24,0,20,0,20,0
2020-06-28,Lesotho,0,0,24,0,20,0,20,0
2020-06-29,Lesotho,3,0,27,0,23,0,23,0
2020-06-30,Lesotho,0,0,27,0,23,0,23,0
2020-07-01,Lesotho,0,0,27,0,10,0,23,0
2020-07-02,Lesotho,8,0,35,0,18,0,31,0
2020-07-03,Lesotho,0,0,35,0,15,0,31,0
2020-07-04,Lesotho,0,0,35,0,11,0,31,0
2020-07-05,Lesotho,0,0,35,0,11,0,31,0
2020-07-06,Lesotho,44,0,79,0,52,0,75,0
2020-07-07,Lesotho,12,0,91,0,64,0,87,0
2020-07-08,Lesotho,0,0,91,0,64,0,74,0
2020-07-09,Lesotho,0,0,91,0,56,0,74,0
2020-07-10,Lesotho,43,1,134,1,99,1,114,1
2020-07-11,Lesotho,0,0,134,1,99,1,110,1
2020-07-12,Lesotho,50,0,184,1,149,1,160,1
2020-07-13,Lesotho,49,1,233,2,154,2,206,2
2020-07-14,Lesotho,0,0,233,2,142,2,206,2
2020-07-15,Lesotho,12,1,245,3,154,3,218,3
2020-07-16,Lesotho,11,0,256,3,165,3,221,3
2020-07-17,Lesotho,0,0,256,3,122,2,221,3
2020-07-18,Lesotho,55,0,311,3,177,2,276,3
2020-07-19,Lesotho,48,3,359,6,175,5,324,6
2020-07-20,Lesotho,0,0,359,6,126,4,280,6
2020-07-21,Lesotho,0,0,359,6,126,4,268,6
2020-07-22,Lesotho,0,0,359,6,114,3,268,6
2020-07-23,Lesotho,0,0,359,6,103,3,268,6
2020-07-24,Lesotho,0,0,359,6,103,3,225,5
2020-07-25,Lesotho,0,0,359,6,48,3,225,5
2020-07-26,Lesotho,60,3,419,9,60,3,235,8
2020-07-27,Lesotho,27,2,446,11,87,5,213,9
2020-07-28,Lesotho,59,1,505,12,146,6,272,10
2020-07-29,Lesotho,0,0,505,12,146,6,260,9
2020-07-30,Lesotho,71,1,576,13,217,7,320,10
2020-07-31,Lesotho,28,0,604,13,245,7,348,10
2020-08-01,Lesotho,0,0,604,13,245,7,293,10
2020-08-02,Lesotho,98,1,702,14,283,5,343,8
2020-08-03,Lesotho,16,5,718,19,272,8,359,13
2020-08-04,Lesotho,0,0,718,19,213,7,359,13
2020-08-05,Lesotho,8,2,726,21,221,9,367,15
2020-08-06,Lesotho,0,0,726,21,150,8,367,15
2020-08-07,Lesotho,16,2,742,23,138,10,383,17
2020-08-08,Lesotho,0,0,742,23,138,10,383,17
2020-08-09,Lesotho,0,0,742,23,40,9,323,14
2020-08-10,Lesotho,0,0,742,23,24,4,296,12
2020-08-11,Lesotho,39,1,781,24,63,5,276,12
2020-08-12,Lesotho,0,0,781,24,55,3,276,12
2020-08-13,Lesotho,17,0,798,24,72,3,222,11
2020-08-14,Lesotho,17,0,815,24,73,1,211,11
2020-08-15,Lesotho,69,1,884,25,142,2,280,12
2020-08-16,Lesotho,19,0,903,25,161,2,201,11
2020-08-17,Lesotho,43,5,946,30,204,7,228,11
2020-08-18,Lesotho,0,0,946,30,165,6,228,11
2020-08-19,Lesotho,0,0,946,30,165,6,220,9
2020-08-20,Lesotho,0,0,946,30,148,6,220,9
2020-08-21,Lesotho,50,0,996,30,181,6,254,7
2020-08-22,Lesotho,19,0,1015,30,131,5,273,7
2020-08-23,Lesotho,0,0,1015,30,112,5,273,7
2020-08-24,Lesotho,0,0,1015,30,69,0,273,7
2020-08-25,Lesotho,0,0,1015,30,69,0,234,6
2020-08-26,Lesotho,34,0,1049,30,103,0,268,6
2020-08-27,Lesotho,2,1,1051,31,105,1,253,7
2020-08-28,Lesotho,0,0,1051,31,55,1,236,7
2020-08-29,Lesotho,0,0,1051,31,36,1,167,6
2020-08-30,Lesotho,0,0,1051,31,36,1,148,6
2020-08-31,Lesotho,15,0,1066,31,51,1,120,1
2020-04-01,Liberia,0,0,3,0,0,0,1,0
2020-04-02,Liberia,3,0,6,0,3,0,4,0
2020-04-03,Liberia,0,0,6,0,3,0,4,0
2020-04-04,Liberia,1,0,7,0,4,0,5,0
2020-04-05,Liberia,3,1,10,1,7,1,7,1
2020-04-06,Liberia,3,2,13,3,10,3,10,3
2020-04-07,Liberia,1,0,14,3,11,3,11,3
2020-04-08,Liberia,0,0,14,3,11,3,11,3
2020-04-09,Liberia,17,1,31,4,25,4,28,4
2020-04-10,Liberia,0,0,31,4,25,4,28,4
2020-04-11,Liberia,6,0,37,4,30,4,34,4
2020-04-12,Liberia,11,1,48,5,38,4,45,5
2020-04-13,Liberia,2,0,50,5,37,2,47,5
2020-04-14,Liberia,9,1,59,6,45,3,56,6
2020-04-15,Liberia,0,0,59,6,45,3,56,6
2020-04-16,Liberia,0,0,59,6,28,2,53,6
2020-04-17,Liberia,14,0,73,6,42,2,67,6
2020-04-18,Liberia,3,1,76,7,39,3,69,7
2020-04-19,Liberia,5,0,81,7,33,2,71,6
2020-04-20,Liberia,10,1,91,8,41,3,78,5
2020-04-21,Liberia,8,0,99,8,40,2,85,5
2020-04-22,Liberia,2,0,101,8,42,2,87,5
2020-04-23,Liberia,0,0,101,8,42,2,70,4
2020-04-24,Liberia,0,0,101,8,28,2,70,4
2020-04-25,Liberia,16,0,117,8,41,1,80,4
2020-04-26,Liberia,3,3,120,11,39,4,72,6
2020-04-27,Liberia,4,1,124,12,33,4,74,7
2020-04-28,Liberia,9,4,133,16,34,8,74,10
2020-04-29,Liberia,8,0,141,16,40,8,82,10
2020-04-30,Liberia,0,0,141,16,40,8,82,10
2020-05-01,Liberia,0,0,141,16,40,8,68,10
2020-05-02,Liberia,11,2,152,18,35,10,76,11
2020-05-03,Liberia,2,0,154,18,34,7,73,11
2020-05-04,Liberia,4,0,158,18,34,6,67,10
2020-05-05,Liberia,8,0,166,18,33,2,67,10
2020-05-06,Liberia,4,2,170,20,29,4,69,12
2020-05-07,Liberia,8,0,178,20,37,4,77,12
2020-05-08,Liberia,11,0,189,20,48,4,88,12
2020-05-09,Liberia,10,0,199,20,47,2,82,12
2020-05-10,Liberia,0,0,199,20,45,2,79,9
2020-05-11,Liberia,0,0,199,20,41,2,75,8
2020-05-12,Liberia,12,0,211,20,45,2,78,4
2020-05-13,Liberia,1,0,212,20,42,0,71,4
2020-05-14,Liberia,1,0,213,20,35,0,72,4
2020-05-15,Liberia,2,0,215,20,26,0,74,4
2020-05-16,Liberia,4,0,219,20,20,0,67,2
2020-05-17,Liberia,4,0,223,20,24,0,69,2
2020-05-18,Liberia,3,1,226,21,27,1,68,3
2020-05-19,Liberia,3,1,229,22,18,2,63,4
2020-05-20,Liberia,4,1,233,23,21,3,63,3
2020-05-21,Liberia,5,0,238,23,25,3,60,3
2020-05-22,Liberia,2,0,240,23,25,3,51,3
2020-05-23,Liberia,9,1,249,24,30,4,50,4
2020-05-24,Liberia,6,2,255,26,32,6,56,6
2020-05-25,Liberia,10,0,265,26,39,5,66,6
2020-05-26,Liberia,0,0,265,26,36,4,54,6
2020-05-27,Liberia,1,0,266,26,33,3,54,6
2020-05-28,Liberia,0,1,266,27,28,4,53,7
2020-05-29,Liberia,3,0,269,27,29,4,54,7
2020-05-30,Liberia,4,0,273,27,24,3,54,7
2020-05-31,Liberia,7,0,280,27,25,1,57,7
2020-06-01,Liberia,8,0,288,27,23,1,62,6
2020-06-02,Liberia,8,0,296,27,31,1,67,5
2020-06-03,Liberia,15,1,311,28,45,2,78,5
2020-06-04,Liberia,5,0,316,28,50,1,78,5
2020-06-05,Liberia,5,0,321,28,52,1,81,5
2020-06-06,Liberia,13,2,334,30,61,3,85,6
2020-06-07,Liberia,11,0,345,30,65,3,90,4
2020-06-08,Liberia,14,0,359,30,71,3,94,4
2020-06-09,Liberia,11,0,370,30,74,3,105,4
2020-06-10,Liberia,13,1,383,31,72,3,117,5
2020-06-11,Liberia,14,0,397,31,81,3,131,4
2020-06-12,Liberia,13,0,410,31,89,3,141,4
2020-06-13,Liberia,11,1,421,32,87,2,148,5
2020-06-14,Liberia,25,0,446,32,101,2,166,5
2020-06-15,Liberia,12,0,458,32,99,2,170,5
2020-06-16,Liberia,40,1,498,33,128,3,202,6
2020-06-17,Liberia,11,0,509,33,126,2,198,5
2020-06-18,Liberia,0,0,509,33,112,2,193,5
2020-06-19,Liberia,33,0,542,33,132,2,221,5
2020-06-20,Liberia,39,0,581,33,160,1,247,3
2020-06-21,Liberia,20,0,601,33,155,1,256,3
2020-06-22,Liberia,25,1,626,34,168,2,267,4
2020-06-23,Liberia,24,0,650,34,152,1,280,4
2020-06-24,Liberia,2,0,652,34,143,1,269,3
2020-06-25,Liberia,10,0,662,34,153,1,265,3
2020-06-26,Liberia,19,0,681,34,139,1,271,3
2020-06-27,Liberia,3,0,684,34,103,1,263,2
2020-06-28,Liberia,45,0,729,34,128,1,283,2
2020-06-29,Liberia,39,0,768,34,142,0,310,2
2020-06-30,Liberia,2,2,770,36,120,2,272,3
2020-07-01,Liberia,10,0,780,36,128,2,271,3
2020-07-02,Liberia,24,1,804,37,142,3,295,4
2020-07-03,Liberia,15,0,819,37,138,3,277,4
2020-07-04,Liberia,14,0,833,37,149,3,252,4
2020-07-05,Liberia,36,0,869,37,140,3,268,4
2020-07-06,Liberia,5,0,874,37,106,3,248,3
2020-07-07,Liberia,17,2,891,39,121,3,241,5
2020-07-08,Liberia,26,2,917,41,137,5,265,7
2020-07-09,Liberia,9,0,926,41,122,4,264,7
2020-07-10,Liberia,31,1,957,42,138,5,276,8
2020-07-11,Liberia,6,5,963,47,130,10,279,13
2020-07-12,Liberia,35,0,998,47,129,10,269,13
2020-07-13,Liberia,12,4,1010,51,136,14,242,17
2020-07-14,Liberia,14,0,1024,51,133,12,254,15
2020-07-15,Liberia,0,0,1024,51,107,10,244,15
2020-07-16,Liberia,32,15,1056,66,130,25,252,29
2020-07-17,Liberia,14,2,1070,68,113,26,251,31
2020-07-18,Liberia,15,1,1085,69,122,22,252,32
2020-07-19,Liberia,3,1,1088,70,90,23,219,33
2020-07-20,Liberia,3,0,1091,70,81,19,217,33
2020-07-21,Liberia,16,0,1107,70,83,19,216,31
2020-07-22,Liberia,1,0,1108,70,84,19,191,29
2020-07-23,Liberia,6,0,1114,70,58,4,188,29
2020-07-24,Liberia,3,1,1117,71,47,3,160,29
2020-07-25,Liberia,18,0,1135,71,50,2,172,24
2020-07-26,Liberia,20,0,1155,71,67,1,157,24
2020-07-27,Liberia,7,1,1162,72,71,2,152,21
2020-07-28,Liberia,5,0,1167,72,60,2,143,21
2020-07-29,Liberia,10,0,1177,72,69,2,153,21
2020-07-30,Liberia,2,0,1179,72,65,2,123,6
2020-07-31,Liberia,2,1,1181,73,64,2,111,5
2020-08-01,Liberia,5,2,1186,75,51,4,101,6
2020-08-02,Liberia,3,0,1189,75,34,4,101,5
2020-08-03,Liberia,18,2,1207,77,45,5,116,7
2020-08-04,Liberia,7,1,1214,78,47,6,107,8
2020-08-05,Liberia,2,0,1216,78,39,6,108,8
2020-08-06,Liberia,5,0,1221,78,42,6,107,8
2020-08-07,Liberia,3,0,1224,78,43,5,107,7
2020-08-08,Liberia,6,0,1230,78,44,3,95,7
2020-08-09,Liberia,4,1,1234,79,45,4,79,8
2020-08-10,Liberia,3,0,1237,79,30,2,75,7
2020-08-11,Liberia,3,0,1240,79,26,1,73,7
2020-08-12,Liberia,10,2,1250,81,34,3,73,9
2020-08-13,Liberia,2,1,1252,82,31,4,73,10
2020-08-14,Liberia,0,0,1252,82,28,4,71,9
2020-08-15,Liberia,0,0,1252,82,22,4,66,7
2020-08-16,Liberia,5,0,1257,82,23,3,68,7
2020-08-17,Liberia,0,0,1257,82,20,3,50,5
2020-08-18,Liberia,20,0,1277,82,37,3,63,4
2020-08-19,Liberia,5,0,1282,82,32,1,66,4
2020-08-20,Liberia,0,0,1282,82,30,0,61,4
2020-08-21,Liberia,2,0,1284,82,32,0,60,4
2020-08-22,Liberia,1,0,1285,82,33,0,55,4
2020-08-23,Liberia,1,0,1286,82,29,0,52,3
2020-08-24,Liberia,0,0,1286,82,29,0,49,3
2020-08-25,Liberia,4,0,1290,82,13,0,50,3
2020-08-26,Liberia,5,0,1295,82,13,0,45,1
2020-08-27,Liberia,3,0,1298,82,16,0,46,0
2020-08-28,Liberia,0,0,1298,82,14,0,46,0
2020-08-29,Liberia,0,0,1298,82,13,0,46,0
2020-08-30,Liberia,6,0,1304,82,18,0,47,0
2020-08-31,Liberia,0,0,1304,82,18,0,47,0
2020-04-01,Libya,2,0,10,0,9,0,0,0
2020-04-02,Libya,0,0,10,0,9,0,0,0
2020-04-03,Libya,1,1,11,1,10,1,0,0
2020-04-04,Libya,0,0,11,1,10,1,0,0
2020-04-05,Libya,7,0,18,1,17,1,0,0
2020-04-06,Libya,0,0,18,1,10,1,0,0
2020-04-07,Libya,0,0,18,1,10,1,18,1
2020-04-08,Libya,1,0,19,1,9,1,18,1
2020-04-09,Libya,2,0,21,1,11,1,20,1
2020-04-10,Libya,3,0,24,1,13,0,23,1
2020-04-11,Libya,0,0,24,1,13,0,23,1
2020-04-12,Libya,1,0,25,1,7,0,24,1
2020-04-13,Libya,0,0,25,1,7,0,17,1
2020-04-14,Libya,1,0,26,1,8,0,18,1
2020-04-15,Libya,9,0,35,1,16,0,25,1
2020-04-16,Libya,13,0,48,1,27,0,38,1
2020-04-17,Libya,1,0,49,1,25,0,38,0
2020-04-18,Libya,0,0,49,1,25,0,38,0
2020-04-19,Libya,0,0,49,1,24,0,31,0
2020-04-20,Libya,0,0,49,1,24,0,31,0
2020-04-21,Libya,2,0,51,1,25,0,33,0
2020-04-22,Libya,0,0,51,1,16,0,32,0
2020-04-23,Libya,8,0,59,1,11,0,38,0
2020-04-24,Libya,1,1,60,2,11,1,36,1
2020-04-25,Libya,1,0,61,2,12,1,37,1
2020-04-26,Libya,0,0,61,2,12,1,36,1
2020-04-27,Libya,0,0,61,2,12,1,36,1
2020-04-28,Libya,0,0,61,2,10,1,35,1
2020-04-29,Libya,0,0,61,2,10,1,26,1
2020-04-30,Libya,0,0,61,2,2,1,13,1
2020-05-01,Libya,0,1,61,3,1,1,12,2
2020-05-02,Libya,2,0,63,3,2,1,14,2
2020-05-03,Libya,0,0,63,3,2,1,14,2
2020-05-04,Libya,0,0,63,3,2,1,14,2
2020-05-05,Libya,0,0,63,3,2,1,12,2
2020-05-06,Libya,0,0,63,3,2,1,12,2
2020-05-07,Libya,1,0,64,3,3,1,5,2
2020-05-08,Libya,0,0,64,3,3,0,4,1
2020-05-09,Libya,0,0,64,3,1,0,3,1
2020-05-10,Libya,0,0,64,3,1,0,3,1
2020-05-11,Libya,0,0,64,3,1,0,3,1
2020-05-12,Libya,0,0,64,3,1,0,3,1
2020-05-13,Libya,0,0,64,3,1,0,3,1
2020-05-14,Libya,0,0,64,3,0,0,3,1
2020-05-15,Libya,0,0,64,3,0,0,3,0
2020-05-16,Libya,0,0,64,3,0,0,1,0
2020-05-17,Libya,1,0,65,3,1,0,2,0
2020-05-18,Libya,0,0,65,3,1,0,2,0
2020-05-19,Libya,0,0,65,3,1,0,2,0
2020-05-20,Libya,3,0,68,3,4,0,5,0
2020-05-21,Libya,1,0,69,3,5,0,5,0
2020-05-22,Libya,2,0,71,3,7,0,7,0
2020-05-23,Libya,1,0,72,3,8,0,8,0
2020-05-24,Libya,3,0,75,3,10,0,11,0
2020-05-25,Libya,0,0,75,3,10,0,11,0
2020-05-26,Libya,0,0,75,3,10,0,11,0
2020-05-27,Libya,2,0,77,3,9,0,13,0
2020-05-28,Libya,22,1,99,4,30,1,35,1
2020-05-29,Libya,6,1,105,5,34,2,41,2
2020-05-30,Libya,13,0,118,5,46,2,54,2
2020-05-31,Libya,12,0,130,5,55,2,65,2
2020-06-01,Libya,26,0,156,5,81,2,91,2
2020-06-02,Libya,12,0,168,5,93,2,103,2
2020-06-03,Libya,14,0,182,5,105,2,114,2
2020-06-04,Libya,14,0,196,5,97,1,127,2
2020-06-05,Libya,0,0,196,5,91,0,125,2
2020-06-06,Libya,43,0,239,5,121,0,167,2
2020-06-07,Libya,17,0,256,5,126,0,181,2
2020-06-08,Libya,0,0,256,5,100,0,181,2
2020-06-09,Libya,14,0,270,5,102,0,195,2
2020-06-10,Libya,62,0,332,5,150,0,255,2
2020-06-11,Libya,46,0,378,5,182,0,279,1
2020-06-12,Libya,15,0,393,5,197,0,288,0
2020-06-13,Libya,16,1,409,6,170,1,291,1
2020-06-14,Libya,9,2,418,8,162,3,288,3
2020-06-15,Libya,0,0,418,8,162,3,262,3
2020-06-16,Libya,49,2,467,10,197,5,299,5
2020-06-17,Libya,0,0,467,10,135,5,285,5
2020-06-18,Libya,0,0,467,10,89,5,271,5
2020-06-19,Libya,33,0,500,10,107,5,304,5
2020-06-20,Libya,10,0,510,10,101,4,271,5
2020-06-21,Libya,10,0,520,10,102,2,264,5
2020-06-22,Libya,24,0,544,10,126,2,288,5
2020-06-23,Libya,27,0,571,10,104,0,301,5
2020-06-24,Libya,68,7,639,17,172,7,307,12
2020-06-25,Libya,0,1,639,18,172,8,261,13
2020-06-26,Libya,59,0,698,18,198,8,305,13
2020-06-27,Libya,0,0,698,18,188,8,289,12
2020-06-28,Libya,15,0,713,18,193,8,295,10
2020-06-29,Libya,49,3,762,21,218,11,344,13
2020-06-30,Libya,0,0,762,21,191,11,295,11
2020-07-01,Libya,62,3,824,24,185,7,357,14
2020-07-02,Libya,34,0,858,24,219,6,391,14
2020-07-03,Libya,33,2,891,26,193,8,391,16
2020-07-04,Libya,27,1,918,27,220,9,408,17
2020-07-05,Libya,71,0,989,27,276,9,469,17
2020-07-06,Libya,0,0,989,27,227,6,445,17
2020-07-07,Libya,57,5,1046,32,284,11,475,22
2020-07-08,Libya,136,3,1182,35,358,11,543,18
2020-07-09,Libya,0,0,1182,35,324,11,543,17
2020-07-10,Libya,86,1,1268,36,377,10,570,18
2020-07-11,Libya,74,2,1342,38,424,11,644,20
2020-07-12,Libya,47,0,1389,38,400,11,676,20
2020-07-13,Libya,44,1,1433,39,444,12,671,18
2020-07-14,Libya,79,1,1512,40,466,8,750,19
2020-07-15,Libya,51,2,1563,42,381,7,739,18
2020-07-16,Libya,26,1,1589,43,407,8,731,19
2020-07-17,Libya,63,3,1652,46,384,10,761,20
2020-07-18,Libya,52,1,1704,47,362,9,786,20
2020-07-19,Libya,87,1,1791,48,402,10,802,21
2020-07-20,Libya,75,0,1866,48,433,9,877,21
2020-07-21,Libya,94,1,1960,49,448,9,914,17
2020-07-22,Libya,128,1,2088,50,525,8,906,15
2020-07-23,Libya,88,3,2176,53,587,10,994,18
2020-07-24,Libya,138,3,2314,56,662,10,1046,20
2020-07-25,Libya,111,1,2425,57,721,10,1083,19
2020-07-26,Libya,122,1,2547,58,756,10,1158,20
2020-07-27,Libya,0,0,2547,58,681,10,1114,19
2020-07-28,Libya,280,6,2827,64,867,15,1315,24
2020-07-29,Libya,0,0,2827,64,739,14,1264,22
2020-07-30,Libya,190,3,3017,67,841,14,1428,24
2020-07-31,Libya,205,4,3222,71,908,15,1570,25
2020-08-01,Libya,0,0,3222,71,797,14,1518,24
2020-08-02,Libya,399,3,3621,74,1074,16,1830,26
2020-08-03,Libya,70,6,3691,80,1144,22,1825,32
2020-08-04,Libya,372,13,4063,93,1236,29,2103,44
2020-08-05,Libya,0,0,4063,93,1236,29,1975,43
2020-08-06,Libya,161,3,4224,96,1207,29,2048,43
2020-08-07,Libya,251,3,4475,99,1253,28,2161,43
2020-08-08,Libya,604,9,5079,108,1857,37,2654,51
2020-08-09,Libya,0,0,5079,108,1458,34,2532,50
2020-08-10,Libya,153,5,5232,113,1541,33,2685,55
2020-08-11,Libya,309,7,5541,120,1478,27,2714,56
2020-08-12,Libya,388,5,5929,125,1866,32,3102,61
2020-08-13,Libya,373,7,6302,132,2078,36,3285,65
2020-08-14,Libya,748,3,7050,135,2575,36,3828,64
2020-08-15,Libya,277,4,7327,139,2248,31,4105,68
2020-08-16,Libya,411,6,7738,145,2659,37,4117,71
2020-08-17,Libya,0,0,7738,145,2506,32,4047,65
2020-08-18,Libya,841,12,8579,157,3038,37,4516,64
2020-08-19,Libya,0,0,8579,157,2650,32,4516,64
2020-08-20,Libya,489,7,9068,164,2766,32,4844,68
2020-08-21,Libya,395,5,9463,169,2413,34,4988,70
2020-08-22,Libya,244,4,9707,173,2380,34,4628,65
2020-08-23,Libya,414,7,10121,180,2383,35,5042,72
2020-08-24,Libya,316,8,10437,188,2699,43,5205,75
2020-08-25,Libya,572,11,11009,199,2430,42,5468,79
2020-08-26,Libya,272,4,11281,203,2702,46,5352,78
2020-08-27,Libya,553,7,11834,210,2766,46,5532,78
2020-08-28,Libya,440,9,12274,219,2811,50,5224,84
2020-08-29,Libya,355,7,12629,226,2922,53,5302,87
2020-08-30,Libya,329,5,12958,231,2837,51,5220,86
2020-08-31,Libya,465,1,13423,232,2986,44,5685,87
2020-04-01,Liechtenstein,4,0,68,0,21,0,61,0
2020-04-02,Liechtenstein,4,0,72,0,21,0,47,0
2020-04-03,Liechtenstein,3,0,75,0,19,0,50,0
2020-04-04,Liechtenstein,0,0,75,0,15,0,41,0
2020-04-05,Liechtenstein,2,1,77,1,16,1,41,1
2020-04-06,Liechtenstein,1,0,78,1,16,1,32,1
2020-04-07,Liechtenstein,0,0,78,1,14,1,32,1
2020-04-08,Liechtenstein,0,0,78,1,10,1,31,1
2020-04-09,Liechtenstein,1,0,79,1,7,1,28,1
2020-04-10,Liechtenstein,0,0,79,1,4,1,23,1
2020-04-11,Liechtenstein,1,0,80,1,5,1,20,1
2020-04-12,Liechtenstein,0,0,80,1,3,0,19,1
2020-04-13,Liechtenstein,0,0,80,1,2,0,18,1
2020-04-14,Liechtenstein,1,0,81,1,3,0,17,1
2020-04-15,Liechtenstein,0,0,81,1,3,0,13,1
2020-04-16,Liechtenstein,0,0,81,1,2,0,9,1
2020-04-17,Liechtenstein,0,0,81,1,2,0,6,1
2020-04-18,Liechtenstein,0,0,81,1,1,0,6,1
2020-04-19,Liechtenstein,1,0,82,1,2,0,5,0
2020-04-20,Liechtenstein,0,0,82,1,2,0,4,0
2020-04-21,Liechtenstein,0,0,82,1,1,0,4,0
2020-04-22,Liechtenstein,0,0,82,1,1,0,4,0
2020-04-23,Liechtenstein,0,0,82,1,1,0,3,0
2020-04-24,Liechtenstein,0,0,82,1,1,0,3,0
2020-04-25,Liechtenstein,0,0,82,1,1,0,2,0
2020-04-26,Liechtenstein,1,0,83,1,1,0,3,0
2020-04-27,Liechtenstein,0,0,83,1,1,0,3,0
2020-04-28,Liechtenstein,0,0,83,1,1,0,2,0
2020-04-29,Liechtenstein,0,0,83,1,1,0,2,0
2020-04-30,Liechtenstein,0,0,83,1,1,0,2,0
2020-05-01,Liechtenstein,0,0,83,1,1,0,2,0
2020-05-02,Liechtenstein,0,0,83,1,1,0,2,0
2020-05-03,Liechtenstein,0,0,83,1,0,0,1,0
2020-05-04,Liechtenstein,0,0,83,1,0,0,1,0
2020-05-05,Liechtenstein,0,0,83,1,0,0,1,0
2020-05-06,Liechtenstein,0,0,83,1,0,0,1,0
2020-05-07,Liechtenstein,0,0,83,1,0,0,1,0
2020-05-08,Liechtenstein,0,0,83,1,0,0,1,0
2020-05-09,Liechtenstein,0,0,83,1,0,0,1,0
2020-05-10,Liechtenstein,0,0,83,1,0,0,0,0
2020-05-11,Liechtenstein,0,0,83,1,0,0,0,0
2020-05-12,Liechtenstein,0,0,83,1,0,0,0,0
2020-05-13,Liechtenstein,0,0,83,1,0,0,0,0
2020-05-14,Liechtenstein,0,0,83,1,0,0,0,0
2020-05-15,Liechtenstein,0,0,83,1,0,0,0,0
2020-05-16,Liechtenstein,0,0,83,1,0,0,0,0
2020-05-17,Liechtenstein,0,0,83,1,0,0,0,0
2020-05-18,Liechtenstein,0,0,83,1,0,0,0,0
2020-05-19,Liechtenstein,0,0,83,1,0,0,0,0
2020-05-20,Liechtenstein,0,0,83,1,0,0,0,0
2020-05-21,Liechtenstein,0,0,83,1,0,0,0,0
2020-05-22,Liechtenstein,0,0,83,1,0,0,0,0
2020-05-23,Liechtenstein,0,0,83,1,0,0,0,0
2020-05-24,Liechtenstein,0,0,83,1,0,0,0,0
2020-05-25,Liechtenstein,0,0,83,1,0,0,0,0
2020-05-26,Liechtenstein,0,0,83,1,0,0,0,0
2020-05-27,Liechtenstein,0,0,83,1,0,0,0,0
2020-05-28,Liechtenstein,0,0,83,1,0,0,0,0
2020-05-29,Liechtenstein,0,0,83,1,0,0,0,0
2020-05-30,Liechtenstein,0,0,83,1,0,0,0,0
2020-05-31,Liechtenstein,0,0,83,1,0,0,0,0
2020-06-01,Liechtenstein,0,0,83,1,0,0,0,0
2020-06-02,Liechtenstein,0,0,83,1,0,0,0,0
2020-06-03,Liechtenstein,0,0,83,1,0,0,0,0
2020-06-04,Liechtenstein,0,0,83,1,0,0,0,0
2020-06-05,Liechtenstein,0,0,83,1,0,0,0,0
2020-06-06,Liechtenstein,0,0,83,1,0,0,0,0
2020-06-07,Liechtenstein,0,0,83,1,0,0,0,0
2020-06-08,Liechtenstein,0,0,83,1,0,0,0,0
2020-06-09,Liechtenstein,0,0,83,1,0,0,0,0
2020-06-10,Liechtenstein,0,0,83,1,0,0,0,0
2020-06-11,Liechtenstein,0,0,83,1,0,0,0,0
2020-06-12,Liechtenstein,0,0,83,1,0,0,0,0
2020-06-13,Liechtenstein,0,0,83,1,0,0,0,0
2020-06-14,Liechtenstein,0,0,83,1,0,0,0,0
2020-06-15,Liechtenstein,0,0,83,1,0,0,0,0
2020-06-16,Liechtenstein,0,0,83,1,0,0,0,0
2020-06-17,Liechtenstein,0,0,83,1,0,0,0,0
2020-06-18,Liechtenstein,0,0,83,1,0,0,0,0
2020-06-19,Liechtenstein,0,0,83,1,0,0,0,0
2020-06-20,Liechtenstein,0,0,83,1,0,0,0,0
2020-06-21,Liechtenstein,0,0,83,1,0,0,0,0
2020-06-22,Liechtenstein,0,0,83,1,0,0,0,0
2020-06-23,Liechtenstein,0,0,83,1,0,0,0,0
2020-06-24,Liechtenstein,0,0,83,1,0,0,0,0
2020-06-25,Liechtenstein,0,0,83,1,0,0,0,0
2020-06-26,Liechtenstein,0,0,83,1,0,0,0,0
2020-06-27,Liechtenstein,0,0,83,1,0,0,0,0
2020-06-28,Liechtenstein,0,0,83,1,0,0,0,0
2020-06-29,Liechtenstein,0,0,83,1,0,0,0,0
2020-06-30,Liechtenstein,0,0,83,1,0,0,0,0
2020-07-01,Liechtenstein,0,0,83,1,0,0,0,0
2020-07-02,Liechtenstein,0,0,83,1,0,0,0,0
2020-07-03,Liechtenstein,0,0,83,1,0,0,0,0
2020-07-04,Liechtenstein,1,0,84,1,1,0,1,0
2020-07-05,Liechtenstein,0,0,84,1,1,0,1,0
2020-07-06,Liechtenstein,0,0,84,1,1,0,1,0
2020-07-07,Liechtenstein,1,0,85,1,2,0,2,0
2020-07-08,Liechtenstein,0,0,85,1,2,0,2,0
2020-07-09,Liechtenstein,0,0,85,1,2,0,2,0
2020-07-10,Liechtenstein,0,0,85,1,2,0,2,0
2020-07-11,Liechtenstein,0,0,85,1,1,0,2,0
2020-07-12,Liechtenstein,0,0,85,1,1,0,2,0
2020-07-13,Liechtenstein,0,0,85,1,1,0,2,0
2020-07-14,Liechtenstein,0,0,85,1,0,0,2,0
2020-07-15,Liechtenstein,0,0,85,1,0,0,2,0
2020-07-16,Liechtenstein,0,0,85,1,0,0,2,0
2020-07-17,Liechtenstein,0,0,85,1,0,0,2,0
2020-07-18,Liechtenstein,1,0,86,1,1,0,2,0
2020-07-19,Liechtenstein,0,0,86,1,1,0,2,0
2020-07-20,Liechtenstein,1,0,87,1,2,0,3,0
2020-07-21,Liechtenstein,0,0,87,1,2,0,2,0
2020-07-22,Liechtenstein,0,0,87,1,2,0,2,0
2020-07-23,Liechtenstein,0,0,87,1,2,0,2,0
2020-07-24,Liechtenstein,0,0,87,1,2,0,2,0
2020-07-25,Liechtenstein,0,0,87,1,1,0,2,0
2020-07-26,Liechtenstein,0,0,87,1,1,0,2,0
2020-07-27,Liechtenstein,0,0,87,1,0,0,2,0
2020-07-28,Liechtenstein,0,0,87,1,0,0,2,0
2020-07-29,Liechtenstein,0,0,87,1,0,0,2,0
2020-07-30,Liechtenstein,1,0,88,1,1,0,3,0
2020-07-31,Liechtenstein,1,0,89,1,2,0,4,0
2020-08-01,Liechtenstein,0,0,89,1,2,0,3,0
2020-08-02,Liechtenstein,0,0,89,1,2,0,3,0
2020-08-03,Liechtenstein,0,0,89,1,2,0,2,0
2020-08-04,Liechtenstein,0,0,89,1,2,0,2,0
2020-08-05,Liechtenstein,0,0,89,1,2,0,2,0
2020-08-06,Liechtenstein,0,0,89,1,1,0,2,0
2020-08-07,Liechtenstein,0,0,89,1,0,0,2,0
2020-08-08,Liechtenstein,0,0,89,1,0,0,2,0
2020-08-09,Liechtenstein,0,0,89,1,0,0,2,0
2020-08-10,Liechtenstein,0,0,89,1,0,0,2,0
2020-08-11,Liechtenstein,0,0,89,1,0,0,2,0
2020-08-12,Liechtenstein,0,0,89,1,0,0,2,0
2020-08-13,Liechtenstein,1,0,90,1,1,0,2,0
2020-08-14,Liechtenstein,1,0,91,1,2,0,2,0
2020-08-15,Liechtenstein,0,0,91,1,2,0,2,0
2020-08-16,Liechtenstein,2,0,93,1,4,0,4,0
2020-08-17,Liechtenstein,0,0,93,1,4,0,4,0
2020-08-18,Liechtenstein,1,0,94,1,5,0,5,0
2020-08-19,Liechtenstein,3,0,97,1,8,0,8,0
2020-08-20,Liechtenstein,1,0,98,1,8,0,9,0
2020-08-21,Liechtenstein,2,0,100,1,9,0,11,0
2020-08-22,Liechtenstein,0,0,100,1,9,0,11,0
2020-08-23,Liechtenstein,1,0,101,1,8,0,12,0
2020-08-24,Liechtenstein,0,0,101,1,8,0,12,0
2020-08-25,Liechtenstein,0,0,101,1,7,0,12,0
2020-08-26,Liechtenstein,0,0,101,1,4,0,12,0
2020-08-27,Liechtenstein,4,0,105,1,7,0,15,0
2020-08-28,Liechtenstein,1,0,106,1,6,0,15,0
2020-08-29,Liechtenstein,0,0,106,1,6,0,15,0
2020-08-30,Liechtenstein,1,0,107,1,6,0,14,0
2020-08-31,Liechtenstein,1,0,108,1,7,0,15,0
2020-04-01,Lithuania,49,0,533,7,324,5,508,7
2020-04-02,Lithuania,48,1,581,8,307,4,548,8
2020-04-03,Lithuania,68,1,649,9,350,5,601,9
2020-04-04,Lithuania,122,0,771,9,413,4,702,8
2020-04-05,Lithuania,0,0,771,9,377,2,666,8
2020-04-06,Lithuania,40,4,811,13,327,6,668,12
2020-04-07,Lithuania,32,1,843,14,359,7,664,13
2020-04-08,Lithuania,37,1,880,15,347,8,671,13
2020-04-09,Lithuania,32,0,912,15,331,7,638,11
2020-04-10,Lithuania,43,0,955,15,306,6,656,11
2020-04-11,Lithuania,44,2,999,17,228,8,641,12
2020-04-12,Lithuania,54,6,1053,23,282,14,659,16
2020-04-13,Lithuania,9,1,1062,24,251,11,578,17
2020-04-14,Lithuania,8,0,1070,24,227,10,586,17
2020-04-15,Lithuania,0,0,1070,24,190,9,537,17
2020-04-16,Lithuania,21,5,1091,29,179,14,510,21
2020-04-17,Lithuania,58,3,1149,32,194,17,500,23
2020-04-18,Lithuania,90,1,1239,33,240,16,468,24
2020-04-19,Lithuania,59,0,1298,33,245,10,527,24
2020-04-20,Lithuania,28,3,1326,36,264,12,515,23
2020-04-21,Lithuania,24,1,1350,37,280,13,507,23
2020-04-22,Lithuania,20,1,1370,38,300,14,490,23
2020-04-23,Lithuania,28,0,1398,38,307,9,486,23
2020-04-24,Lithuania,12,2,1410,40,261,8,455,25
2020-04-25,Lithuania,0,0,1410,40,171,7,411,23
2020-04-26,Lithuania,16,1,1426,41,128,8,373,18
2020-04-27,Lithuania,12,0,1438,41,112,5,376,17
2020-04-28,Lithuania,11,0,1449,41,99,4,379,17
2020-04-29,Lithuania,-105,3,1344,44,-26,6,274,20
2020-04-30,Lithuania,31,1,1375,45,-23,7,284,16
2020-05-01,Lithuania,10,0,1385,45,-25,5,236,13
2020-05-02,Lithuania,14,0,1399,45,-11,5,160,12
2020-05-03,Lithuania,7,1,1406,46,-20,5,108,13
2020-05-04,Lithuania,4,0,1410,46,-28,5,84,10
2020-05-05,Lithuania,9,0,1419,46,-30,5,69,9
2020-05-06,Lithuania,4,0,1423,46,79,2,53,8
2020-05-07,Lithuania,5,2,1428,48,53,3,30,10
2020-05-08,Lithuania,5,1,1433,49,48,4,23,9
2020-05-09,Lithuania,3,0,1436,49,37,4,26,9
2020-05-10,Lithuania,8,1,1444,50,38,4,18,9
2020-05-11,Lithuania,35,0,1479,50,69,4,41,9
2020-05-12,Lithuania,6,0,1485,50,66,4,36,9
2020-05-13,Lithuania,6,0,1491,50,68,4,147,6
2020-05-14,Lithuania,14,4,1505,54,77,6,130,9
2020-05-15,Lithuania,6,0,1511,54,78,5,126,9
2020-05-16,Lithuania,12,0,1523,54,87,5,124,9
2020-05-17,Lithuania,11,1,1534,55,90,5,128,9
2020-05-18,Lithuania,7,1,1541,56,62,6,131,10
2020-05-19,Lithuania,6,3,1547,59,62,9,128,13
2020-05-20,Lithuania,15,1,1562,60,71,10,139,14
2020-05-21,Lithuania,15,0,1577,60,72,6,149,12
2020-05-22,Lithuania,17,1,1594,61,83,7,161,12
2020-05-23,Lithuania,10,0,1604,61,81,7,168,12
2020-05-24,Lithuania,12,2,1616,63,82,8,172,13
2020-05-25,Lithuania,7,0,1623,63,82,7,144,13
2020-05-26,Lithuania,12,0,1635,63,88,4,150,13
2020-05-27,Lithuania,4,2,1639,65,77,5,148,15
2020-05-28,Lithuania,8,1,1647,66,70,6,142,12
2020-05-29,Lithuania,9,2,1656,68,62,7,145,14
2020-05-30,Lithuania,6,0,1662,68,58,7,139,14
2020-05-31,Lithuania,8,2,1670,70,54,7,136,15
2020-06-01,Lithuania,5,0,1675,70,52,7,134,14
2020-06-02,Lithuania,3,0,1678,70,43,7,131,11
2020-06-03,Lithuania,4,1,1682,71,43,6,120,11
2020-06-04,Lithuania,2,0,1684,71,37,5,107,11
2020-06-05,Lithuania,3,0,1687,71,31,3,93,10
2020-06-06,Lithuania,7,0,1694,71,32,3,90,10
2020-06-07,Lithuania,11,0,1705,71,35,1,89,8
2020-06-08,Lithuania,9,0,1714,71,39,1,91,8
2020-06-09,Lithuania,6,0,1720,71,42,1,85,8
2020-06-10,Lithuania,7,1,1727,72,45,1,88,7
2020-06-11,Lithuania,6,2,1733,74,49,3,86,8
2020-06-12,Lithuania,19,0,1752,74,65,3,96,6
2020-06-13,Lithuania,4,0,1756,74,62,3,94,6
2020-06-14,Lithuania,7,1,1763,75,58,4,93,5
2020-06-15,Lithuania,5,0,1768,75,54,4,93,5
2020-06-16,Lithuania,5,1,1773,76,53,5,95,6
2020-06-17,Lithuania,3,0,1776,76,49,4,94,5
2020-06-18,Lithuania,2,0,1778,76,45,2,94,5
2020-06-19,Lithuania,6,0,1784,76,32,2,97,5
2020-06-20,Lithuania,8,0,1792,76,36,2,98,5
2020-06-21,Lithuania,3,0,1795,76,32,1,90,5
2020-06-22,Lithuania,3,0,1798,76,30,1,84,5
2020-06-23,Lithuania,3,0,1801,76,28,0,81,5
2020-06-24,Lithuania,2,1,1803,77,27,1,76,5
2020-06-25,Lithuania,1,1,1804,78,26,2,71,4
2020-06-26,Lithuania,2,0,1806,78,22,2,54,4
2020-06-27,Lithuania,2,0,1808,78,16,2,52,4
2020-06-28,Lithuania,5,0,1813,78,18,2,50,3
2020-06-29,Lithuania,3,0,1816,78,18,2,48,3
2020-06-30,Lithuania,0,0,1816,78,15,2,43,2
2020-07-01,Lithuania,1,0,1817,78,14,1,41,2
2020-07-02,Lithuania,1,0,1818,78,14,0,40,2
2020-07-03,Lithuania,7,0,1825,78,19,0,41,2
2020-07-04,Lithuania,3,1,1828,79,20,1,36,3
2020-07-05,Lithuania,3,0,1831,79,18,1,36,3
2020-07-06,Lithuania,5,0,1836,79,20,1,38,3
2020-07-07,Lithuania,5,0,1841,79,25,1,40,3
2020-07-08,Lithuania,3,0,1844,79,27,1,41,2
2020-07-09,Lithuania,10,0,1854,79,36,1,50,1
2020-07-10,Lithuania,3,0,1857,79,32,1,51,1
2020-07-11,Lithuania,4,0,1861,79,33,0,53,1
2020-07-12,Lithuania,4,0,1865,79,34,0,52,1
2020-07-13,Lithuania,4,0,1869,79,33,0,53,1
2020-07-14,Lithuania,5,0,1874,79,33,0,58,1
2020-07-15,Lithuania,1,0,1875,79,31,0,58,1
2020-07-16,Lithuania,7,0,1882,79,28,0,64,1
2020-07-17,Lithuania,20,0,1902,79,45,0,77,1
2020-07-18,Lithuania,6,0,1908,79,47,0,80,0
2020-07-19,Lithuania,7,1,1915,80,50,1,84,1
2020-07-20,Lithuania,17,0,1932,80,63,1,96,1
2020-07-21,Lithuania,15,0,1947,80,73,1,106,1
2020-07-22,Lithuania,2,0,1949,80,74,1,105,1
2020-07-23,Lithuania,11,0,1960,80,78,1,106,1
2020-07-24,Lithuania,0,0,1960,80,58,1,103,1
2020-07-25,Lithuania,26,0,1986,80,78,1,125,1
2020-07-26,Lithuania,15,0,2001,80,86,0,136,1
2020-07-27,Lithuania,7,0,2008,80,76,0,139,1
2020-07-28,Lithuania,11,0,2019,80,72,0,145,1
2020-07-29,Lithuania,8,0,2027,80,78,0,152,1
2020-07-30,Lithuania,16,0,2043,80,83,0,161,1
2020-07-31,Lithuania,19,0,2062,80,102,0,160,1
2020-08-01,Lithuania,13,0,2075,80,89,0,167,1
2020-08-02,Lithuania,18,0,2093,80,92,0,178,0
2020-08-03,Lithuania,17,0,2110,80,102,0,178,0
2020-08-04,Lithuania,10,0,2120,80,101,0,173,0
2020-08-05,Lithuania,17,0,2137,80,110,0,188,0
2020-08-06,Lithuania,10,1,2147,81,104,1,187,1
2020-08-07,Lithuania,24,0,2171,81,109,1,211,1
2020-08-08,Lithuania,23,0,2194,81,119,1,208,1
2020-08-09,Lithuania,37,0,2231,81,138,1,230,1
2020-08-10,Lithuania,21,0,2252,81,142,1,244,1
2020-08-11,Lithuania,13,0,2265,81,145,1,246,1
2020-08-12,Lithuania,18,0,2283,81,146,1,256,1
2020-08-13,Lithuania,26,0,2309,81,162,0,266,1
2020-08-14,Lithuania,21,0,2330,81,159,0,268,1
2020-08-15,Lithuania,22,0,2352,81,158,0,277,1
2020-08-16,Lithuania,34,0,2386,81,155,0,293,1
2020-08-17,Lithuania,30,0,2416,81,164,0,306,1
2020-08-18,Lithuania,20,0,2436,81,171,0,316,1
2020-08-19,Lithuania,38,0,2474,81,191,0,337,1
2020-08-20,Lithuania,22,0,2496,81,187,0,349,0
2020-08-21,Lithuania,32,1,2528,82,198,1,357,1
2020-08-22,Lithuania,36,1,2564,83,212,2,370,2
2020-08-23,Lithuania,30,1,2594,84,208,3,363,3
2020-08-24,Lithuania,41,0,2635,84,219,3,383,3
2020-08-25,Lithuania,38,1,2673,85,237,4,408,4
2020-08-26,Lithuania,21,0,2694,85,220,4,411,4
2020-08-27,Lithuania,32,0,2726,85,230,4,417,4
2020-08-28,Lithuania,36,0,2762,85,234,3,432,4
2020-08-29,Lithuania,48,1,2810,86,246,3,458,5
2020-08-30,Lithuania,29,0,2839,86,245,2,453,5
2020-08-31,Lithuania,35,0,2874,86,239,2,458,5
2020-04-01,Luxembourg,190,1,2178,23,1079,15,2038,22
2020-04-02,Luxembourg,141,6,2319,29,986,21,2109,27
2020-04-03,Luxembourg,168,1,2487,30,1034,21,2142,26
2020-04-04,Luxembourg,125,1,2612,31,1007,16,2128,26
2020-04-05,Luxembourg,117,0,2729,31,898,13,2059,23
2020-04-06,Luxembourg,75,5,2804,36,854,15,2006,28
2020-04-07,Luxembourg,39,5,2843,41,855,19,1968,33
2020-04-08,Luxembourg,127,3,2970,44,792,21,1871,36
2020-04-09,Luxembourg,64,2,3034,46,715,17,1701,38
2020-04-10,Luxembourg,81,6,3115,52,628,22,1662,43
2020-04-11,Luxembourg,108,2,3223,54,611,23,1618,39
2020-04-12,Luxembourg,47,8,3270,62,541,31,1439,44
2020-04-13,Luxembourg,11,4,3281,66,477,30,1331,45
2020-04-14,Luxembourg,11,1,3292,67,449,26,1304,45
2020-04-15,Luxembourg,15,0,3307,67,337,23,1129,44
2020-04-16,Luxembourg,66,2,3373,69,339,23,1054,40
2020-04-17,Luxembourg,71,0,3444,69,329,17,957,39
2020-04-18,Luxembourg,36,3,3480,72,257,18,868,41
2020-04-19,Luxembourg,57,0,3537,72,267,10,808,41
2020-04-20,Luxembourg,13,1,3550,73,269,7,746,37
2020-04-21,Luxembourg,8,2,3558,75,266,8,715,34
2020-04-22,Luxembourg,60,3,3618,78,311,11,648,34
2020-04-23,Luxembourg,36,2,3654,80,281,11,620,34
2020-04-24,Luxembourg,11,3,3665,83,221,14,550,31
2020-04-25,Luxembourg,30,2,3695,85,215,13,472,31
2020-04-26,Luxembourg,16,0,3711,85,174,13,441,23
2020-04-27,Luxembourg,12,3,3723,88,173,15,442,22
2020-04-28,Luxembourg,6,0,3729,88,171,13,437,21
2020-04-29,Luxembourg,12,1,3741,89,123,11,434,22
2020-04-30,Luxembourg,28,0,3769,89,115,9,396,20
2020-05-01,Luxembourg,15,1,3784,90,119,7,340,21
2020-05-02,Luxembourg,18,2,3802,92,107,7,322,20
2020-05-03,Luxembourg,10,0,3812,92,101,7,275,20
2020-05-04,Luxembourg,12,4,3824,96,101,8,274,23
2020-05-05,Luxembourg,4,0,3828,96,99,8,270,21
2020-05-06,Luxembourg,12,0,3840,96,99,7,222,18
2020-05-07,Luxembourg,11,2,3851,98,82,9,197,18
2020-05-08,Luxembourg,8,2,3859,100,75,10,194,17
2020-05-09,Luxembourg,12,0,3871,100,69,8,176,15
2020-05-10,Luxembourg,6,1,3877,101,65,9,166,16
2020-05-11,Luxembourg,9,0,3886,101,62,5,163,13
2020-05-12,Luxembourg,2,0,3888,101,60,5,159,13
2020-05-13,Luxembourg,6,1,3894,102,54,6,153,13
2020-05-14,Luxembourg,10,1,3904,103,53,5,135,14
2020-05-15,Luxembourg,11,0,3915,103,56,3,131,13
2020-05-16,Luxembourg,8,1,3923,104,52,4,121,12
2020-05-17,Luxembourg,7,0,3930,104,53,3,118,12
2020-05-18,Luxembourg,15,3,3945,107,59,6,121,11
2020-05-19,Luxembourg,2,0,3947,107,59,6,119,11
2020-05-20,Luxembourg,11,2,3958,109,64,7,118,13
2020-05-21,Luxembourg,13,0,3971,109,67,6,120,11
2020-05-22,Luxembourg,9,0,3980,109,65,6,121,9
2020-05-23,Luxembourg,1,0,3981,109,58,5,110,9
2020-05-24,Luxembourg,9,0,3990,109,60,5,113,8
2020-05-25,Luxembourg,2,1,3992,110,47,3,106,9
2020-05-26,Luxembourg,1,0,3993,110,46,3,105,9
2020-05-27,Luxembourg,2,0,3995,110,37,1,101,8
2020-05-28,Luxembourg,6,0,4001,110,30,1,97,7
2020-05-29,Luxembourg,7,0,4008,110,28,1,93,7
2020-05-30,Luxembourg,4,0,4012,110,31,1,89,6
2020-05-31,Luxembourg,4,0,4016,110,26,1,86,6
2020-06-01,Luxembourg,2,0,4018,110,26,0,73,3
2020-06-02,Luxembourg,1,0,4019,110,26,0,72,3
2020-06-03,Luxembourg,1,0,4020,110,25,0,62,1
2020-06-04,Luxembourg,0,0,4020,110,19,0,49,1
2020-06-05,Luxembourg,7,0,4027,110,19,0,47,1
2020-06-06,Luxembourg,5,0,4032,110,20,0,51,1
2020-06-07,Luxembourg,3,0,4035,110,19,0,45,1
2020-06-08,Luxembourg,4,0,4039,110,21,0,47,0
2020-06-09,Luxembourg,1,0,4040,110,21,0,47,0
2020-06-10,Luxembourg,6,0,4046,110,26,0,51,0
2020-06-11,Luxembourg,3,0,4049,110,29,0,48,0
2020-06-12,Luxembourg,3,0,4052,110,25,0,44,0
2020-06-13,Luxembourg,3,0,4055,110,23,0,43,0
2020-06-14,Luxembourg,8,0,4063,110,28,0,47,0
2020-06-15,Luxembourg,7,0,4070,110,31,0,52,0
2020-06-16,Luxembourg,2,0,4072,110,32,0,53,0
2020-06-17,Luxembourg,3,0,4075,110,29,0,55,0
2020-06-18,Luxembourg,10,0,4085,110,36,0,65,0
2020-06-19,Luxembourg,6,0,4091,110,39,0,64,0
2020-06-20,Luxembourg,8,0,4099,110,44,0,67,0
2020-06-21,Luxembourg,6,0,4105,110,42,0,70,0
2020-06-22,Luxembourg,15,0,4120,110,50,0,81,0
2020-06-23,Luxembourg,1,0,4121,110,49,0,81,0
2020-06-24,Luxembourg,12,0,4133,110,58,0,87,0
2020-06-25,Luxembourg,7,0,4140,110,55,0,91,0
2020-06-26,Luxembourg,11,0,4151,110,60,0,99,0
2020-06-27,Luxembourg,22,0,4173,110,74,0,118,0
2020-06-28,Luxembourg,44,0,4217,110,112,0,154,0
2020-06-29,Luxembourg,25,0,4242,110,122,0,172,0
2020-06-30,Luxembourg,14,0,4256,110,135,0,184,0
2020-07-01,Luxembourg,43,0,4299,110,166,0,224,0
2020-07-02,Luxembourg,46,0,4345,110,205,0,260,0
2020-07-03,Luxembourg,50,0,4395,110,244,0,304,0
2020-07-04,Luxembourg,52,0,4447,110,274,0,348,0
2020-07-05,Luxembourg,29,0,4476,110,259,0,371,0
2020-07-06,Luxembourg,46,0,4522,110,280,0,402,0
2020-07-07,Luxembourg,20,0,4542,110,286,0,421,0
2020-07-08,Luxembourg,61,0,4603,110,304,0,470,0
2020-07-09,Luxembourg,47,0,4650,110,305,0,510,0
2020-07-10,Luxembourg,69,0,4719,110,324,0,568,0
2020-07-11,Luxembourg,58,0,4777,110,330,0,604,0
2020-07-12,Luxembourg,65,0,4842,110,366,0,625,0
2020-07-13,Luxembourg,83,1,4925,111,403,1,683,1
2020-07-14,Luxembourg,31,0,4956,111,414,1,700,1
2020-07-15,Luxembourg,100,0,5056,111,453,1,757,1
2020-07-16,Luxembourg,0,0,5056,111,406,1,711,1
2020-07-17,Luxembourg,66,0,5122,111,403,1,727,1
2020-07-18,Luxembourg,163,0,5285,111,508,1,838,1
2020-07-19,Luxembourg,124,0,5409,111,567,1,933,1
2020-07-20,Luxembourg,74,0,5483,111,558,0,961,1
2020-07-21,Luxembourg,122,0,5605,111,649,0,1063,1
2020-07-22,Luxembourg,120,0,5725,111,669,0,1122,1
2020-07-23,Luxembourg,129,0,5854,111,798,0,1204,1
2020-07-24,Luxembourg,98,1,5952,112,830,1,1233,2
2020-07-25,Luxembourg,104,0,6056,112,771,1,1279,2
2020-07-26,Luxembourg,133,0,6189,112,780,1,1347,2
2020-07-27,Luxembourg,83,0,6272,112,789,1,1347,1
2020-07-28,Luxembourg,49,0,6321,112,716,1,1365,1
2020-07-29,Luxembourg,54,1,6375,113,650,2,1319,2
2020-07-30,Luxembourg,158,1,6533,114,679,3,1477,3
2020-07-31,Luxembourg,83,0,6616,114,664,2,1494,3
2020-08-01,Luxembourg,79,0,6695,114,639,2,1410,3
2020-08-02,Luxembourg,0,0,6695,114,506,2,1286,3
2020-08-03,Luxembourg,0,3,6695,117,423,5,1212,6
2020-08-04,Luxembourg,169,1,6864,118,543,6,1259,7
2020-08-05,Luxembourg,53,0,6917,118,542,5,1192,7
2020-08-06,Luxembourg,90,0,7007,118,474,4,1153,7
2020-08-07,Luxembourg,66,1,7073,119,457,5,1121,7
2020-08-08,Luxembourg,40,0,7113,119,418,5,1057,7
2020-08-09,Luxembourg,0,0,7113,119,418,5,924,7
2020-08-10,Luxembourg,0,0,7113,119,418,2,841,7
2020-08-11,Luxembourg,103,2,7216,121,352,3,895,9
2020-08-12,Luxembourg,26,1,7242,122,325,4,867,9
2020-08-13,Luxembourg,58,0,7300,122,293,4,767,8
2020-08-14,Luxembourg,68,0,7368,122,295,3,752,8
2020-08-15,Luxembourg,37,0,7405,122,292,3,710,8
2020-08-16,Luxembourg,34,1,7439,123,326,4,744,9
2020-08-17,Luxembourg,0,0,7439,123,326,4,744,6
2020-08-18,Luxembourg,30,1,7469,124,253,3,605,6
2020-08-19,Luxembourg,30,0,7499,124,257,2,582,6
2020-08-20,Luxembourg,67,0,7566,124,266,2,559,6
2020-08-21,Luxembourg,71,0,7637,124,269,2,564,5
2020-08-22,Luxembourg,67,0,7704,124,299,2,591,5
2020-08-23,Luxembourg,0,0,7704,124,265,1,591,5
2020-08-24,Luxembourg,0,0,7704,124,265,1,591,5
2020-08-25,Luxembourg,90,0,7794,124,325,0,578,3
2020-08-26,Luxembourg,44,0,7838,124,339,0,596,2
2020-08-27,Luxembourg,90,0,7928,124,362,0,628,2
2020-08-28,Luxembourg,-1385,0,6543,124,-1094,0,-825,2
2020-08-29,Luxembourg,37,0,6580,124,-1124,0,-825,2
2020-08-30,Luxembourg,0,0,6580,124,-1124,0,-859,1
2020-08-31,Luxembourg,45,0,6625,124,-1079,0,-814,1
2020-04-01,Macedonia,44,2,329,9,181,7,298,9
2020-04-02,Macedonia,25,1,354,10,177,8,312,10
2020-04-03,Macedonia,0,1,354,11,153,8,306,11
2020-04-04,Macedonia,76,1,430,12,211,9,360,12
2020-04-05,Macedonia,53,5,483,17,242,13,398,17
2020-04-06,Macedonia,0,0,483,17,224,11,369,16
2020-04-07,Macedonia,87,4,570,21,285,14,434,19
2020-04-08,Macedonia,29,5,599,26,270,17,451,24
2020-04-09,Macedonia,18,4,617,30,263,20,440,28
2020-04-10,Macedonia,46,2,663,32,309,21,462,29
2020-04-11,Macedonia,48,0,711,32,281,20,492,29
2020-04-12,Macedonia,49,2,760,34,277,17,519,30
2020-04-13,Macedonia,68,0,828,34,345,17,569,28
2020-04-14,Macedonia,26,4,854,38,284,17,569,31
2020-04-15,Macedonia,54,6,908,44,309,18,579,35
2020-04-16,Macedonia,66,1,974,45,357,15,620,35
2020-04-17,Macedonia,107,1,1081,46,418,14,727,35
2020-04-18,Macedonia,36,3,1117,49,406,17,687,37
2020-04-19,Macedonia,53,0,1170,49,410,15,687,32
2020-04-20,Macedonia,37,2,1207,51,379,17,724,34
2020-04-21,Macedonia,18,3,1225,54,371,16,655,33
2020-04-22,Macedonia,6,1,1231,55,323,11,632,29
2020-04-23,Macedonia,28,1,1259,56,285,11,642,26
2020-04-24,Macedonia,41,0,1300,56,219,10,637,24
2020-04-25,Macedonia,26,1,1326,57,209,8,615,25
2020-04-26,Macedonia,41,2,1367,59,197,10,607,25
2020-04-27,Macedonia,19,2,1386,61,179,10,558,27
2020-04-28,Macedonia,13,4,1399,65,174,11,545,27
2020-04-29,Macedonia,22,6,1421,71,190,16,513,27
2020-04-30,Macedonia,21,2,1442,73,183,17,468,28
2020-05-01,Macedonia,23,4,1465,77,165,21,384,31
2020-05-02,Macedonia,29,4,1494,81,168,24,377,32
2020-05-03,Macedonia,12,1,1506,82,139,23,336,33
2020-05-04,Macedonia,5,2,1511,84,125,23,304,33
2020-05-05,Macedonia,7,1,1518,85,119,20,293,31
2020-05-06,Macedonia,8,1,1526,86,105,15,295,31
2020-05-07,Macedonia,13,2,1539,88,97,15,280,32
2020-05-08,Macedonia,33,1,1572,89,107,12,272,33
2020-05-09,Macedonia,14,1,1586,90,92,9,260,33
2020-05-10,Macedonia,36,1,1622,91,116,9,255,32
2020-05-11,Macedonia,20,0,1642,91,131,7,256,30
2020-05-12,Macedonia,22,0,1664,91,146,6,265,26
2020-05-13,Macedonia,10,1,1674,92,148,6,253,21
2020-05-14,Macedonia,20,3,1694,95,155,7,252,22
2020-05-15,Macedonia,29,0,1723,95,151,6,258,18
2020-05-16,Macedonia,17,2,1740,97,154,7,246,16
2020-05-17,Macedonia,22,1,1762,98,140,7,256,16
2020-05-18,Macedonia,30,3,1792,101,150,10,281,17
2020-05-19,Macedonia,25,3,1817,104,153,13,299,19
2020-05-20,Macedonia,22,2,1839,106,165,14,313,20
2020-05-21,Macedonia,19,4,1858,110,164,15,319,22
2020-05-22,Macedonia,40,1,1898,111,175,16,326,22
2020-05-23,Macedonia,23,1,1921,112,181,15,335,22
2020-05-24,Macedonia,20,1,1941,113,179,15,319,22
2020-05-25,Macedonia,37,0,1978,113,186,12,336,22
2020-05-26,Macedonia,21,0,1999,113,182,9,335,22
2020-05-27,Macedonia,16,3,2015,116,176,10,341,24
2020-05-28,Macedonia,25,3,2040,119,182,9,346,24
2020-05-29,Macedonia,38,3,2078,122,180,11,355,27
2020-05-30,Macedonia,52,4,2130,126,209,14,390,29
2020-05-31,Macedonia,34,5,2164,131,223,18,402,33
2020-06-01,Macedonia,62,2,2226,133,248,20,434,32
2020-06-02,Macedonia,89,7,2315,140,316,27,498,36
2020-06-03,Macedonia,76,1,2391,141,376,25,552,35
2020-06-04,Macedonia,101,4,2492,145,452,26,634,35
2020-06-05,Macedonia,120,2,2612,147,534,25,714,36
2020-06-06,Macedonia,180,2,2792,149,662,23,871,37
2020-06-07,Macedonia,125,2,2917,151,753,20,976,38
2020-06-08,Macedonia,111,2,3028,153,802,20,1050,40
2020-06-09,Macedonia,127,3,3155,156,840,16,1156,43
2020-06-10,Macedonia,87,1,3242,157,851,16,1227,41
2020-06-11,Macedonia,125,7,3367,164,875,19,1327,45
2020-06-12,Macedonia,175,5,3542,169,930,22,1464,47
2020-06-13,Macedonia,164,2,3706,171,914,22,1576,45
2020-06-14,Macedonia,196,8,3902,179,985,28,1738,48
2020-06-15,Macedonia,155,9,4057,188,1029,35,1831,55
2020-06-16,Macedonia,100,5,4157,193,1002,37,1842,53
2020-06-17,Macedonia,132,8,4289,201,1047,44,1898,60
2020-06-18,Macedonia,193,9,4482,210,1115,46,1990,65
2020-06-19,Macedonia,182,6,4664,216,1122,47,2052,69
2020-06-20,Macedonia,156,6,4820,222,1114,51,2028,73
2020-06-21,Macedonia,185,11,5005,233,1103,54,2088,82
2020-06-22,Macedonia,101,5,5106,238,1049,50,2078,85
2020-06-23,Macedonia,90,9,5196,247,1039,54,2041,91
2020-06-24,Macedonia,118,4,5314,251,1025,50,2072,94
2020-06-25,Macedonia,136,8,5450,259,968,49,2083,95
2020-06-26,Macedonia,153,6,5603,265,939,49,2061,96
2020-06-27,Macedonia,163,3,5766,268,946,46,2060,97
2020-06-28,Macedonia,150,9,5916,277,911,44,2014,98
2020-06-29,Macedonia,176,9,6092,286,986,48,2035,98
2020-06-30,Macedonia,132,12,6224,298,1028,51,2067,105
2020-07-01,Macedonia,126,4,6350,302,1036,51,2061,101
2020-07-02,Macedonia,120,4,6470,306,1020,47,1988,96
2020-07-03,Macedonia,173,15,6643,321,1040,56,1979,105
2020-07-04,Macedonia,0,0,6643,321,877,53,1823,99
2020-07-05,Macedonia,289,13,6932,334,1016,57,1927,101
2020-07-06,Macedonia,114,7,7046,341,954,55,1940,103
2020-07-07,Macedonia,76,5,7122,346,898,48,1926,99
2020-07-08,Macedonia,118,5,7240,351,890,49,1926,100
2020-07-09,Macedonia,161,8,7401,359,931,53,1951,100
2020-07-10,Macedonia,166,2,7567,361,924,40,1964,96
2020-07-11,Macedonia,203,6,7770,367,1127,46,2004,99
2020-07-12,Macedonia,197,8,7967,375,1035,41,2051,98
2020-07-13,Macedonia,144,7,8111,382,1065,41,2019,96
2020-07-14,Macedonia,86,3,8197,385,1075,39,1973,87
2020-07-15,Macedonia,131,4,8328,389,1088,38,1978,87
2020-07-16,Macedonia,194,4,8522,393,1121,34,2052,87
2020-07-17,Macedonia,90,8,8612,401,1045,40,1969,80
2020-07-18,Macedonia,160,5,8772,406,1002,39,2129,85
2020-07-19,Macedonia,237,8,9009,414,1042,39,2077,80
2020-07-20,Macedonia,123,8,9132,422,1021,40,2086,81
2020-07-21,Macedonia,117,10,9249,432,1052,47,2127,86
2020-07-22,Macedonia,163,0,9412,432,1084,43,2172,81
2020-07-23,Macedonia,135,10,9547,442,1025,49,2146,83
2020-07-24,Macedonia,122,3,9669,445,1057,44,2102,84
2020-07-25,Macedonia,128,6,9797,451,1025,45,2027,84
2020-07-26,Macedonia,137,9,9934,460,925,46,1967,85
2020-07-27,Macedonia,152,0,10086,460,954,38,1975,78
2020-07-28,Macedonia,128,6,10214,466,965,34,2017,81
2020-07-29,Macedonia,102,5,10316,471,904,39,1988,82
2020-07-30,Macedonia,188,5,10504,476,957,34,1982,83
2020-07-31,Macedonia,119,4,10623,480,954,35,2011,79
2020-08-01,Macedonia,139,6,10762,486,965,35,1990,80
2020-08-02,Macedonia,138,7,10900,493,966,33,1891,79
2020-08-03,Macedonia,154,4,11054,497,968,37,1922,75
2020-08-04,Macedonia,86,3,11140,500,926,34,1891,68
2020-08-05,Macedonia,0,0,11140,500,824,29,1728,68
2020-08-06,Macedonia,61,5,11201,505,697,29,1654,63
2020-08-07,Macedonia,88,6,11289,511,666,31,1620,66
2020-08-08,Macedonia,282,8,11571,519,809,33,1774,68
2020-08-09,Macedonia,200,4,11771,523,871,30,1837,63
2020-08-10,Macedonia,85,4,11856,527,802,30,1770,67
2020-08-11,Macedonia,109,1,11965,528,825,28,1751,62
2020-08-12,Macedonia,0,0,11965,528,825,28,1649,57
2020-08-13,Macedonia,252,2,12217,530,1016,25,1713,54
2020-08-14,Macedonia,140,2,12357,532,1068,21,1734,52
2020-08-15,Macedonia,189,3,12546,535,975,16,1784,49
2020-08-16,Macedonia,107,4,12653,539,882,16,1753,46
2020-08-17,Macedonia,86,5,12739,544,883,17,1685,47
2020-08-18,Macedonia,35,1,12774,545,809,17,1634,45
2020-08-19,Macedonia,103,3,12877,548,912,20,1737,48
2020-08-20,Macedonia,108,2,12985,550,768,20,1784,45
2020-08-21,Macedonia,0,0,12985,550,628,18,1696,39
2020-08-22,Macedonia,233,6,13218,556,672,21,1647,37
2020-08-23,Macedonia,0,0,13218,556,565,17,1447,33
2020-08-24,Macedonia,296,7,13514,563,775,19,1658,36
2020-08-25,Macedonia,81,1,13595,564,821,19,1630,36
2020-08-26,Macedonia,78,4,13673,568,796,20,1708,40
2020-08-27,Macedonia,126,5,13799,573,814,23,1582,43
2020-08-28,Macedonia,128,11,13927,584,942,34,1570,52
2020-08-29,Macedonia,0,0,13927,584,709,28,1381,49
2020-08-30,Macedonia,0,0,13927,584,709,28,1274,45
2020-08-31,Macedonia,0,0,13927,584,413,21,1188,40
2020-04-01,Madagascar,2,0,46,0,27,0,0,0
2020-04-02,Madagascar,8,0,54,0,35,0,0,0
2020-04-03,Madagascar,5,0,59,0,36,0,59,0
2020-04-04,Madagascar,6,0,65,0,41,0,62,0
2020-04-05,Madagascar,6,0,71,0,43,0,68,0
2020-04-06,Madagascar,1,0,72,0,35,0,69,0
2020-04-07,Madagascar,5,0,77,0,33,0,60,0
2020-04-08,Madagascar,8,0,85,0,39,0,66,0
2020-04-09,Madagascar,8,0,93,0,39,0,74,0
2020-04-10,Madagascar,0,0,93,0,34,0,70,0
2020-04-11,Madagascar,9,0,102,0,37,0,78,0
2020-04-12,Madagascar,0,0,102,0,31,0,74,0
2020-04-13,Madagascar,4,0,106,0,34,0,69,0
2020-04-14,Madagascar,0,0,106,0,29,0,62,0
2020-04-15,Madagascar,2,0,108,0,23,0,62,0
2020-04-16,Madagascar,2,0,110,0,17,0,56,0
2020-04-17,Madagascar,1,0,111,0,18,0,52,0
2020-04-18,Madagascar,6,0,117,0,15,0,52,0
2020-04-19,Madagascar,0,0,117,0,15,0,46,0
2020-04-20,Madagascar,4,0,121,0,15,0,49,0
2020-04-21,Madagascar,0,0,121,0,15,0,44,0
2020-04-22,Madagascar,0,0,121,0,13,0,36,0
2020-04-23,Madagascar,0,0,121,0,11,0,28,0
2020-04-24,Madagascar,0,0,121,0,10,0,28,0
2020-04-25,Madagascar,1,0,122,0,5,0,20,0
2020-04-26,Madagascar,2,0,124,0,7,0,22,0
2020-04-27,Madagascar,0,0,124,0,3,0,18,0
2020-04-28,Madagascar,4,0,128,0,7,0,22,0
2020-04-29,Madagascar,0,0,128,0,7,0,20,0
2020-04-30,Madagascar,0,0,128,0,7,0,18,0
2020-05-01,Madagascar,4,0,132,0,11,0,21,0
2020-05-02,Madagascar,3,0,135,0,13,0,18,0
2020-05-03,Madagascar,0,0,135,0,11,0,18,0
2020-05-04,Madagascar,14,0,149,0,25,0,28,0
2020-05-05,Madagascar,0,0,149,0,21,0,28,0
2020-05-06,Madagascar,9,0,158,0,30,0,37,0
2020-05-07,Madagascar,0,0,158,0,30,0,37,0
2020-05-08,Madagascar,11,0,169,0,37,0,48,0
2020-05-09,Madagascar,0,0,169,0,34,0,47,0
2020-05-10,Madagascar,0,0,169,0,34,0,45,0
2020-05-11,Madagascar,2,0,171,0,22,0,47,0
2020-05-12,Madagascar,15,0,186,0,37,0,58,0
2020-05-13,Madagascar,6,0,192,0,34,0,64,0
2020-05-14,Madagascar,20,0,212,0,54,0,84,0
2020-05-15,Madagascar,18,0,230,0,61,0,98,0
2020-05-16,Madagascar,8,0,238,0,69,0,103,0
2020-05-17,Madagascar,45,0,283,0,114,0,148,0
2020-05-18,Madagascar,21,1,304,1,133,1,155,1
2020-05-19,Madagascar,18,0,322,1,136,1,173,1
2020-05-20,Madagascar,4,1,326,2,134,2,168,2
2020-05-21,Madagascar,45,0,371,2,159,2,213,2
2020-05-22,Madagascar,34,0,405,2,175,2,236,2
2020-05-23,Madagascar,43,0,448,2,210,2,279,2
2020-05-24,Madagascar,0,0,448,2,165,2,279,2
2020-05-25,Madagascar,79,0,527,2,223,1,356,2
2020-05-26,Madagascar,15,0,542,2,220,1,356,2
2020-05-27,Madagascar,44,0,586,2,260,0,394,2
2020-05-28,Madagascar,26,0,612,2,241,0,400,2
2020-05-29,Madagascar,44,0,656,2,251,0,426,2
2020-05-30,Madagascar,42,3,698,5,250,3,460,5
2020-05-31,Madagascar,60,1,758,6,310,4,475,6
2020-06-01,Madagascar,13,0,771,6,244,4,467,5
2020-06-02,Madagascar,55,0,826,6,284,4,504,5
2020-06-03,Madagascar,19,0,845,6,259,4,519,4
2020-06-04,Madagascar,63,0,908,6,296,4,537,4
2020-06-05,Madagascar,49,1,957,7,301,5,552,5
2020-06-06,Madagascar,18,0,975,7,277,2,527,5
2020-06-07,Madagascar,51,1,1026,8,268,2,578,6
2020-06-08,Madagascar,26,1,1052,9,281,3,525,7
2020-06-09,Madagascar,42,0,1094,9,268,3,552,7
2020-06-10,Madagascar,44,0,1138,9,293,3,552,7
2020-06-11,Madagascar,24,1,1162,10,254,4,550,8
2020-06-12,Madagascar,41,0,1203,10,246,3,547,8
2020-06-13,Madagascar,27,0,1230,10,255,3,532,5
2020-06-14,Madagascar,22,0,1252,10,226,2,494,4
2020-06-15,Madagascar,20,0,1272,10,220,1,501,4
2020-06-16,Madagascar,18,0,1290,10,196,1,464,4
2020-06-17,Madagascar,27,2,1317,12,179,3,472,6
2020-06-18,Madagascar,61,0,1378,12,216,2,470,6
2020-06-19,Madagascar,25,1,1403,13,200,3,446,6
2020-06-20,Madagascar,40,0,1443,13,213,3,468,6
2020-06-21,Madagascar,60,0,1503,13,251,3,477,5
2020-06-22,Madagascar,93,1,1596,14,324,4,544,5
2020-06-23,Madagascar,44,1,1640,15,350,5,546,6
2020-06-24,Madagascar,84,0,1724,15,407,3,586,6
2020-06-25,Madagascar,63,1,1787,16,409,4,625,6
2020-06-26,Madagascar,42,0,1829,16,426,3,626,6
2020-06-27,Madagascar,93,0,1922,16,479,3,692,6
2020-06-28,Madagascar,83,0,2005,16,502,3,753,6
2020-06-29,Madagascar,73,2,2078,18,482,4,806,8
2020-06-30,Madagascar,60,2,2138,20,498,5,848,10
2020-07-01,Madagascar,76,0,2214,20,490,5,897,8
2020-07-02,Madagascar,89,2,2303,22,516,6,925,10
2020-07-03,Madagascar,100,2,2403,24,574,8,1000,11
2020-07-04,Madagascar,109,2,2512,26,590,10,1069,13
2020-07-05,Madagascar,216,3,2728,29,723,13,1225,16
2020-07-06,Madagascar,0,0,2728,29,650,11,1132,15
2020-07-07,Madagascar,522,4,3250,33,1112,13,1610,18
2020-07-08,Madagascar,222,0,3472,33,1258,13,1748,18
2020-07-09,Madagascar,101,0,3573,33,1270,11,1786,17
2020-07-10,Madagascar,209,0,3782,33,1379,9,1953,17
2020-07-11,Madagascar,361,1,4143,34,1631,8,2221,18
2020-07-12,Madagascar,435,0,4578,34,1850,5,2573,18
2020-07-13,Madagascar,289,1,4867,35,2139,6,2789,17
2020-07-14,Madagascar,213,2,5080,37,1830,4,2942,17
2020-07-15,Madagascar,263,2,5343,39,1871,6,3129,19
2020-07-16,Madagascar,262,4,5605,43,2032,10,3302,21
2020-07-17,Madagascar,484,10,6089,53,2307,20,3686,29
2020-07-18,Madagascar,378,1,6467,54,2324,20,3955,28
2020-07-19,Madagascar,382,1,6849,55,2271,21,4121,26
2020-07-20,Madagascar,200,4,7049,59,2182,24,4321,30
2020-07-21,Madagascar,104,3,7153,62,2073,25,3903,29
2020-07-22,Madagascar,395,3,7548,65,2205,26,4076,32
2020-07-23,Madagascar,614,4,8162,69,2557,26,4589,36
2020-07-24,Madagascar,219,1,8381,70,2292,17,4599,37
2020-07-25,Madagascar,360,6,8741,76,2274,22,4598,42
2020-07-26,Madagascar,125,2,8866,78,2017,23,4288,44
2020-07-27,Madagascar,429,7,9295,85,2246,26,4428,50
2020-07-28,Madagascar,395,6,9690,91,2537,29,4610,54
2020-07-29,Madagascar,414,2,10104,93,2556,28,4761,54
2020-07-30,Madagascar,213,6,10317,99,2155,30,4712,56
2020-07-31,Madagascar,431,6,10748,105,2367,35,4659,52
2020-08-01,Madagascar,120,1,10868,106,2127,30,4401,52
2020-08-02,Madagascar,405,1,11273,107,2407,29,4424,52
2020-08-03,Madagascar,255,7,11528,114,2233,29,4479,55
2020-08-04,Madagascar,132,4,11660,118,1970,27,4507,56
2020-08-05,Madagascar,235,5,11895,123,1791,30,4347,58
2020-08-06,Madagascar,327,4,12222,127,1905,28,4060,58
2020-08-07,Madagascar,304,7,12526,134,1778,29,4145,64
2020-08-08,Madagascar,182,1,12708,135,1840,29,3967,59
2020-08-09,Madagascar,214,6,12922,141,1649,34,4056,63
2020-08-10,Madagascar,164,7,13086,148,1558,34,3791,63
2020-08-11,Madagascar,116,3,13202,151,1542,33,3512,60
2020-08-12,Madagascar,115,1,13317,152,1422,29,3213,59
2020-08-13,Madagascar,80,4,13397,156,1175,29,3080,57
2020-08-14,Madagascar,125,6,13522,162,996,28,2774,57
2020-08-15,Madagascar,121,2,13643,164,935,29,2775,58
2020-08-16,Madagascar,81,2,13724,166,802,25,2451,59
2020-08-17,Madagascar,103,4,13827,170,741,22,2299,56
2020-08-18,Madagascar,59,1,13886,171,684,20,2226,53
2020-08-19,Madagascar,123,2,14009,173,692,21,2114,50
2020-08-20,Madagascar,65,0,14074,173,677,17,1852,46
2020-08-21,Madagascar,80,4,14154,177,632,15,1628,43
2020-08-22,Madagascar,64,1,14218,178,575,14,1510,43
2020-08-23,Madagascar,59,0,14277,178,553,12,1355,37
2020-08-24,Madagascar,50,0,14327,178,500,8,1241,30
2020-08-25,Madagascar,75,0,14402,178,516,7,1200,27
2020-08-26,Madagascar,73,0,14475,178,466,5,1158,26
2020-08-27,Madagascar,79,3,14554,181,480,8,1157,25
2020-08-28,Madagascar,38,3,14592,184,438,7,1070,22
2020-08-29,Madagascar,104,3,14696,187,478,9,1053,23
2020-08-30,Madagascar,95,3,14791,190,514,12,1067,24
2020-08-31,Madagascar,52,1,14843,191,516,13,1016,21
2020-04-01,Malawi,0,0,0,0,0,0,0,0
2020-04-02,Malawi,0,0,0,0,0,0,0,0
2020-04-03,Malawi,3,0,3,0,0,0,0,0
2020-04-04,Malawi,0,0,3,0,0,0,0,0
2020-04-05,Malawi,1,0,4,0,0,0,0,0
2020-04-06,Malawi,0,0,4,0,0,0,0,0
2020-04-07,Malawi,1,0,5,0,0,0,0,0
2020-04-08,Malawi,3,1,8,1,0,0,0,0
2020-04-09,Malawi,0,0,8,1,8,1,0,0
2020-04-10,Malawi,0,0,8,1,5,1,0,0
2020-04-11,Malawi,1,0,9,1,6,1,0,0
2020-04-12,Malawi,3,1,12,2,8,2,0,0
2020-04-13,Malawi,1,0,13,2,9,2,0,0
2020-04-14,Malawi,3,0,16,2,11,2,0,0
2020-04-15,Malawi,0,0,16,2,8,1,0,0
2020-04-16,Malawi,0,0,16,2,8,1,16,2
2020-04-17,Malawi,0,0,16,2,8,1,13,2
2020-04-18,Malawi,1,0,17,2,8,1,14,2
2020-04-19,Malawi,0,0,17,2,5,0,13,2
2020-04-20,Malawi,0,0,17,2,4,0,13,2
2020-04-21,Malawi,0,0,17,2,1,0,12,2
2020-04-22,Malawi,1,0,18,2,2,0,10,1
2020-04-23,Malawi,5,1,23,3,7,1,15,2
2020-04-24,Malawi,10,0,33,3,17,1,25,2
2020-04-25,Malawi,0,0,33,3,16,1,24,2
2020-04-26,Malawi,0,0,33,3,16,1,21,1
2020-04-27,Malawi,1,0,34,3,17,1,21,1
2020-04-28,Malawi,2,0,36,3,19,1,20,1
2020-04-29,Malawi,0,0,36,3,18,1,20,1
2020-04-30,Malawi,0,0,36,3,13,0,20,1
2020-05-01,Malawi,1,0,37,3,4,0,21,1
2020-05-02,Malawi,0,0,37,3,4,0,20,1
2020-05-03,Malawi,1,0,38,3,5,0,21,1
2020-05-04,Malawi,1,0,39,3,5,0,22,1
2020-05-05,Malawi,2,0,41,3,5,0,24,1
2020-05-06,Malawi,0,0,41,3,5,0,23,1
2020-05-07,Malawi,2,0,43,3,7,0,20,0
2020-05-08,Malawi,0,0,43,3,6,0,10,0
2020-05-09,Malawi,0,0,43,3,6,0,10,0
2020-05-10,Malawi,13,0,56,3,18,0,23,0
2020-05-11,Malawi,0,0,56,3,17,0,22,0
2020-05-12,Malawi,1,0,57,3,16,0,21,0
2020-05-13,Malawi,1,0,58,3,17,0,22,0
2020-05-14,Malawi,5,0,63,3,20,0,27,0
2020-05-15,Malawi,0,0,63,3,20,0,26,0
2020-05-16,Malawi,0,0,63,3,20,0,26,0
2020-05-17,Malawi,2,0,65,3,9,0,27,0
2020-05-18,Malawi,5,0,70,3,14,0,31,0
2020-05-19,Malawi,0,0,70,3,13,0,29,0
2020-05-20,Malawi,1,0,71,3,13,0,30,0
2020-05-21,Malawi,1,0,72,3,9,0,29,0
2020-05-22,Malawi,0,0,72,3,9,0,29,0
2020-05-23,Malawi,10,0,82,3,19,0,39,0
2020-05-24,Malawi,1,1,83,4,18,1,27,1
2020-05-25,Malawi,0,0,83,4,13,1,27,1
2020-05-26,Malawi,18,0,101,4,31,1,44,1
2020-05-27,Malawi,0,0,101,4,30,1,43,1
2020-05-28,Malawi,0,0,101,4,29,1,38,1
2020-05-29,Malawi,102,0,203,4,131,1,140,1
2020-05-30,Malawi,70,0,273,4,191,1,210,1
2020-05-31,Malawi,6,0,279,4,196,0,214,1
2020-06-01,Malawi,5,0,284,4,201,0,214,1
2020-06-02,Malawi,52,0,336,4,235,0,266,1
2020-06-03,Malawi,22,0,358,4,257,0,287,1
2020-06-04,Malawi,11,0,369,4,268,0,297,1
2020-06-05,Malawi,24,0,393,4,190,0,321,1
2020-06-06,Malawi,16,0,409,4,136,0,327,1
2020-06-07,Malawi,0,0,409,4,130,0,326,0
2020-06-08,Malawi,29,0,438,4,154,0,355,0
2020-06-09,Malawi,5,0,443,4,107,0,342,0
2020-06-10,Malawi,12,0,455,4,97,0,354,0
2020-06-11,Malawi,0,0,455,4,86,0,354,0
2020-06-12,Malawi,26,0,481,4,88,0,278,0
2020-06-13,Malawi,0,0,481,4,72,0,208,0
2020-06-14,Malawi,48,1,529,5,120,1,250,1
2020-06-15,Malawi,18,1,547,6,109,2,263,2
2020-06-16,Malawi,9,0,556,6,113,2,220,2
2020-06-17,Malawi,8,0,564,6,109,2,206,2
2020-06-18,Malawi,8,0,572,6,117,2,203,2
2020-06-19,Malawi,20,2,592,8,111,4,199,4
2020-06-20,Malawi,28,0,620,8,139,4,211,4
2020-06-21,Malawi,0,0,620,8,91,3,211,4
2020-06-22,Malawi,110,3,730,11,183,5,292,7
2020-06-23,Malawi,73,0,803,11,247,5,360,7
2020-06-24,Malawi,45,0,848,11,284,5,393,7
2020-06-25,Malawi,93,0,941,11,369,5,486,7
2020-06-26,Malawi,19,1,960,12,368,4,479,8
2020-06-27,Malawi,45,1,1005,13,385,5,524,9
2020-06-28,Malawi,33,0,1038,13,418,5,509,8
2020-06-29,Malawi,108,0,1146,13,416,2,599,7
2020-06-30,Malawi,78,1,1224,14,421,3,668,8
2020-07-01,Malawi,41,2,1265,16,417,5,701,10
2020-07-02,Malawi,77,0,1342,16,401,5,770,10
2020-07-03,Malawi,60,0,1402,16,442,4,810,8
2020-07-04,Malawi,96,0,1498,16,493,3,878,8
2020-07-05,Malawi,115,1,1613,17,575,4,993,9
2020-07-06,Malawi,129,2,1742,19,596,6,1012,8
2020-07-07,Malawi,76,0,1818,19,594,5,1015,8
2020-07-08,Malawi,59,5,1877,24,612,8,1029,13
2020-07-09,Malawi,52,1,1929,25,587,9,988,14
2020-07-10,Malawi,55,4,1984,29,582,13,1024,17
2020-07-11,Malawi,85,2,2069,31,571,15,1064,18
2020-07-12,Malawi,192,2,2261,33,648,16,1223,20
2020-07-13,Malawi,103,5,2364,38,622,19,1218,25
2020-07-14,Malawi,66,1,2430,39,612,20,1206,25
2020-07-15,Malawi,67,1,2497,40,620,16,1232,24
2020-07-16,Malawi,117,3,2614,43,685,18,1272,27
2020-07-17,Malawi,98,8,2712,51,728,22,1310,35
2020-07-18,Malawi,98,4,2810,55,741,24,1312,39
2020-07-19,Malawi,97,4,2907,59,646,26,1294,42
2020-07-20,Malawi,85,3,2992,62,628,24,1250,43
2020-07-21,Malawi,53,2,3045,64,615,25,1227,45
2020-07-22,Malawi,104,7,3149,71,652,31,1272,47
2020-07-23,Malawi,153,5,3302,76,688,33,1373,51
2020-07-24,Malawi,84,3,3386,79,674,28,1402,50
2020-07-25,Malawi,67,8,3453,87,643,32,1384,56
2020-07-26,Malawi,0,0,3453,87,546,28,1192,54
2020-07-27,Malawi,187,12,3640,99,648,37,1276,61
2020-07-28,Malawi,69,4,3709,103,664,39,1279,64
2020-07-29,Malawi,0,0,3709,103,560,32,1212,63
2020-07-30,Malawi,149,4,3858,107,556,31,1244,64
2020-07-31,Malawi,123,2,3981,109,595,30,1269,58
2020-08-01,Malawi,97,5,4078,114,625,27,1268,59
2020-08-02,Malawi,108,6,4186,120,733,33,1279,61
2020-08-03,Malawi,45,3,4231,123,591,24,1239,61
2020-08-04,Malawi,42,0,4273,123,564,20,1228,59
2020-08-05,Malawi,74,5,4347,128,638,25,1198,57
2020-08-06,Malawi,79,8,4426,136,568,29,1124,60
2020-08-07,Malawi,65,1,4491,137,510,28,1105,58
2020-08-08,Malawi,84,0,4575,137,497,23,1122,50
2020-08-09,Malawi,49,6,4624,143,438,23,1171,56
2020-08-10,Malawi,34,3,4658,146,427,23,1018,47
2020-08-11,Malawi,15,0,4673,146,400,23,964,43
2020-08-12,Malawi,39,6,4712,152,365,24,1003,49
2020-08-13,Malawi,40,0,4752,152,326,16,894,45
2020-08-14,Malawi,160,1,4912,153,421,16,931,44
2020-08-15,Malawi,76,3,4988,156,413,19,910,42
2020-08-16,Malawi,38,1,5026,157,402,14,840,37
2020-08-17,Malawi,46,4,5072,161,414,15,841,38
2020-08-18,Malawi,0,0,5072,161,399,15,799,38
2020-08-19,Malawi,121,2,5193,163,481,11,846,35
2020-08-20,Malawi,47,1,5240,164,488,12,814,28
2020-08-21,Malawi,0,0,5240,164,328,11,749,27
2020-08-22,Malawi,42,1,5282,165,294,9,707,28
2020-08-23,Malawi,40,1,5322,166,296,9,698,23
2020-08-24,Malawi,0,0,5322,166,250,5,664,20
2020-08-25,Malawi,97,3,5419,169,347,8,746,23
2020-08-26,Malawi,4,1,5423,170,230,7,711,18
2020-08-27,Malawi,51,3,5474,173,234,9,722,21
2020-08-28,Malawi,22,0,5496,173,256,9,584,20
2020-08-29,Malawi,27,1,5523,174,241,9,535,18
2020-08-30,Malawi,5,0,5528,174,206,8,502,17
2020-08-31,Malawi,8,0,5536,174,214,8,464,13
2020-04-01,Malaysia,140,6,2766,43,1142,28,2093,41
2020-04-02,Malaysia,142,2,2908,45,1112,26,2118,43
2020-04-03,Malaysia,208,5,3116,50,1085,27,2216,48
2020-04-04,Malaysia,217,3,3333,53,1172,27,2303,51
2020-04-05,Malaysia,150,4,3483,57,1163,30,2300,53
2020-04-06,Malaysia,179,4,3662,61,1192,27,2356,51
2020-04-07,Malaysia,131,1,3793,62,1167,25,2275,48
2020-04-08,Malaysia,170,1,3963,63,1197,20,2339,48
2020-04-09,Malaysia,156,2,4119,65,1211,20,2323,46
2020-04-10,Malaysia,109,2,4228,67,1112,17,2197,44
2020-04-11,Malaysia,118,3,4346,70,1013,17,2185,44
2020-04-12,Malaysia,184,3,4530,73,1047,16,2210,46
2020-04-13,Malaysia,153,3,4683,76,1021,15,2213,42
2020-04-14,Malaysia,134,1,4817,77,1024,15,2191,40
2020-04-15,Malaysia,170,5,4987,82,1024,19,2221,39
2020-04-16,Malaysia,85,1,5072,83,953,18,2164,38
2020-04-17,Malaysia,110,1,5182,84,954,17,2066,34
2020-04-18,Malaysia,69,2,5251,86,905,16,1918,33
2020-04-19,Malaysia,54,2,5305,88,775,15,1822,31
2020-04-20,Malaysia,84,1,5389,89,706,13,1727,28
2020-04-21,Malaysia,36,0,5425,89,608,12,1632,27
2020-04-22,Malaysia,57,3,5482,92,495,10,1519,29
2020-04-23,Malaysia,50,1,5532,93,460,10,1413,28
2020-04-24,Malaysia,71,2,5603,95,421,11,1375,28
2020-04-25,Malaysia,88,1,5691,96,440,10,1345,26
2020-04-26,Malaysia,51,2,5742,98,437,10,1212,25
2020-04-27,Malaysia,38,0,5780,98,391,9,1097,22
2020-04-28,Malaysia,40,1,5820,99,395,10,1003,22
2020-04-29,Malaysia,31,1,5851,100,369,8,864,18
2020-04-30,Malaysia,94,0,5945,100,413,7,873,17
2020-05-01,Malaysia,57,2,6002,102,399,7,820,18
2020-05-02,Malaysia,69,1,6071,103,380,7,820,17
2020-05-03,Malaysia,105,0,6176,103,434,5,871,15
2020-05-04,Malaysia,122,2,6298,105,518,7,909,16
2020-05-05,Malaysia,55,0,6353,105,533,6,928,16
2020-05-06,Malaysia,30,1,6383,106,532,6,901,14
2020-05-07,Malaysia,45,1,6428,107,483,7,896,14
2020-05-08,Malaysia,39,0,6467,107,465,5,864,12
2020-05-09,Malaysia,68,0,6535,107,464,4,844,11
2020-05-10,Malaysia,54,1,6589,108,413,5,847,10
2020-05-11,Malaysia,67,0,6656,108,358,3,876,10
2020-05-12,Malaysia,70,1,6726,109,373,4,906,10
2020-05-13,Malaysia,16,0,6742,109,359,3,891,9
2020-05-14,Malaysia,37,2,6779,111,351,4,834,11
2020-05-15,Malaysia,40,1,6819,112,352,5,817,10
2020-05-16,Malaysia,36,0,6855,112,320,5,784,9
2020-05-17,Malaysia,17,1,6872,113,283,5,696,10
2020-05-18,Malaysia,22,0,6894,113,238,5,596,8
2020-05-19,Malaysia,47,0,6941,113,215,4,588,8
2020-05-20,Malaysia,37,1,6978,114,236,5,595,8
2020-05-21,Malaysia,31,0,7009,114,230,3,581,7
2020-05-22,Malaysia,50,0,7059,114,240,2,592,7
2020-05-23,Malaysia,78,1,7137,115,282,3,602,8
2020-05-24,Malaysia,48,0,7185,115,313,2,596,7
2020-05-25,Malaysia,60,0,7245,115,351,2,589,7
2020-05-26,Malaysia,172,0,7417,115,476,2,691,6
2020-05-27,Malaysia,187,0,7604,115,626,1,862,6
2020-05-28,Malaysia,15,0,7619,115,610,1,840,4
2020-05-29,Malaysia,10,0,7629,115,570,1,810,3
2020-05-30,Malaysia,103,0,7732,115,595,0,877,3
2020-05-31,Malaysia,30,0,7762,115,577,0,890,2
2020-06-01,Malaysia,57,0,7819,115,574,0,925,2
2020-06-02,Malaysia,38,0,7857,115,440,0,916,2
2020-06-03,Malaysia,20,0,7877,115,273,0,899,1
2020-06-04,Malaysia,93,0,7970,115,351,0,961,1
2020-06-05,Malaysia,0,0,7970,115,341,0,911,1
2020-06-06,Malaysia,296,1,8266,116,534,1,1129,1
2020-06-07,Malaysia,37,1,8303,117,541,2,1118,2
2020-06-08,Malaysia,19,0,8322,117,503,2,1077,2
2020-06-09,Malaysia,7,0,8329,117,472,2,912,2
2020-06-10,Malaysia,7,0,8336,117,459,2,732,2
2020-06-11,Malaysia,2,1,8338,118,368,3,719,3
2020-06-12,Malaysia,31,0,8369,118,399,3,740,3
2020-06-13,Malaysia,33,1,8402,119,136,3,670,4
2020-06-14,Malaysia,43,1,8445,120,142,3,683,5
2020-06-15,Malaysia,8,1,8453,121,131,4,634,6
2020-06-16,Malaysia,41,0,8494,121,165,4,637,6
2020-06-17,Malaysia,11,0,8505,121,169,4,628,6
2020-06-18,Malaysia,10,0,8515,121,177,3,545,6
2020-06-19,Malaysia,14,0,8529,121,160,3,559,6
2020-06-20,Malaysia,6,0,8535,121,133,2,269,5
2020-06-21,Malaysia,21,0,8556,121,111,1,253,4
2020-06-22,Malaysia,16,0,8572,121,119,0,250,4
2020-06-23,Malaysia,15,0,8587,121,93,0,258,4
2020-06-24,Malaysia,3,0,8590,121,85,0,254,4
2020-06-25,Malaysia,6,0,8596,121,81,0,258,3
2020-06-26,Malaysia,4,0,8600,121,71,0,231,3
2020-06-27,Malaysia,6,0,8606,121,71,0,204,2
2020-06-28,Malaysia,10,0,8616,121,60,0,171,1
2020-06-29,Malaysia,18,0,8634,121,62,0,181,0
2020-06-30,Malaysia,3,0,8637,121,50,0,143,0
2020-07-01,Malaysia,2,0,8639,121,49,0,134,0
2020-07-02,Malaysia,1,0,8640,121,44,0,125,0
2020-07-03,Malaysia,3,0,8643,121,43,0,114,0
2020-07-04,Malaysia,5,0,8648,121,42,0,113,0
2020-07-05,Malaysia,10,0,8658,121,42,0,102,0
2020-07-06,Malaysia,0,0,8658,121,24,0,86,0
2020-07-07,Malaysia,10,0,8668,121,31,0,81,0
2020-07-08,Malaysia,6,0,8674,121,35,0,84,0
2020-07-09,Malaysia,3,0,8677,121,37,0,81,0
2020-07-10,Malaysia,6,0,8683,121,40,0,83,0
2020-07-11,Malaysia,13,0,8696,121,48,0,90,0
2020-07-12,Malaysia,8,1,8704,122,46,1,88,1
2020-07-13,Malaysia,14,0,8718,122,60,1,84,1
2020-07-14,Malaysia,7,0,8725,122,57,1,88,1
2020-07-15,Malaysia,4,0,8729,122,55,1,90,1
2020-07-16,Malaysia,5,0,8734,122,57,1,94,1
2020-07-17,Malaysia,3,0,8737,122,54,1,94,1
2020-07-18,Malaysia,18,0,8755,122,59,1,107,1
2020-07-19,Malaysia,9,0,8764,122,60,0,106,1
2020-07-20,Malaysia,15,1,8779,123,61,1,121,2
2020-07-21,Malaysia,21,0,8800,123,75,1,132,2
2020-07-22,Malaysia,15,0,8815,123,86,1,141,2
2020-07-23,Malaysia,16,0,8831,123,97,1,154,2
2020-07-24,Malaysia,9,0,8840,123,103,1,157,2
2020-07-25,Malaysia,21,0,8861,123,106,1,165,2
2020-07-26,Malaysia,23,0,8884,123,120,1,180,1
2020-07-27,Malaysia,13,1,8897,124,118,1,179,2
2020-07-28,Malaysia,7,0,8904,124,104,1,179,2
2020-07-29,Malaysia,39,0,8943,124,128,1,214,2
2020-07-30,Malaysia,13,0,8956,124,125,1,222,2
2020-07-31,Malaysia,8,0,8964,124,124,1,227,2
2020-08-01,Malaysia,12,1,8976,125,115,2,221,3
2020-08-02,Malaysia,9,0,8985,125,101,2,221,3
2020-08-03,Malaysia,14,0,8999,125,102,1,220,2
2020-08-04,Malaysia,2,0,9001,125,97,1,201,2
2020-08-05,Malaysia,1,0,9002,125,59,1,187,2
2020-08-06,Malaysia,21,0,9023,125,67,1,192,2
2020-08-07,Malaysia,15,0,9038,125,74,1,198,2
2020-08-08,Malaysia,25,0,9063,125,87,0,202,2
2020-08-09,Malaysia,7,0,9070,125,85,0,186,2
2020-08-10,Malaysia,13,0,9083,125,84,0,186,1
2020-08-11,Malaysia,11,0,9094,125,93,0,190,1
2020-08-12,Malaysia,9,0,9103,125,101,0,160,1
2020-08-13,Malaysia,11,0,9114,125,91,0,158,1
2020-08-14,Malaysia,15,0,9129,125,91,0,165,1
2020-08-15,Malaysia,20,0,9149,125,86,0,173,0
2020-08-16,Malaysia,26,0,9175,125,105,0,190,0
2020-08-17,Malaysia,25,0,9200,125,117,0,201,0
2020-08-18,Malaysia,12,0,9212,125,118,0,211,0
2020-08-19,Malaysia,7,0,9219,125,116,0,217,0
2020-08-20,Malaysia,16,0,9235,125,121,0,212,0
2020-08-21,Malaysia,5,0,9240,125,111,0,202,0
2020-08-22,Malaysia,9,0,9249,125,100,0,186,0
2020-08-23,Malaysia,8,0,9257,125,82,0,187,0
2020-08-24,Malaysia,10,0,9267,125,67,0,184,0
2020-08-25,Malaysia,7,0,9274,125,62,0,180,0
2020-08-26,Malaysia,11,0,9285,125,66,0,182,0
2020-08-27,Malaysia,6,0,9291,125,56,0,177,0
2020-08-28,Malaysia,5,0,9296,125,56,0,167,0
2020-08-29,Malaysia,10,0,9306,125,57,0,157,0
2020-08-30,Malaysia,11,0,9317,125,60,0,142,0
2020-08-31,Malaysia,17,1,9334,126,67,1,134,1
2020-04-01,Maldives,1,0,18,0,5,0,5,0
2020-04-02,Maldives,1,0,19,0,6,0,6,0
2020-04-03,Maldives,0,0,19,0,6,0,6,0
2020-04-04,Maldives,0,0,19,0,5,0,6,0
2020-04-05,Maldives,0,0,19,0,3,0,6,0
2020-04-06,Maldives,0,0,19,0,2,0,6,0
2020-04-07,Maldives,0,0,19,0,2,0,6,0
2020-04-08,Maldives,0,0,19,0,1,0,6,0
2020-04-09,Maldives,0,0,19,0,0,0,6,0
2020-04-10,Maldives,0,0,19,0,0,0,6,0
2020-04-11,Maldives,0,0,19,0,0,0,5,0
2020-04-12,Maldives,0,0,19,0,0,0,3,0
2020-04-13,Maldives,1,0,20,0,1,0,3,0
2020-04-14,Maldives,0,0,20,0,1,0,3,0
2020-04-15,Maldives,1,0,21,0,2,0,3,0
2020-04-16,Maldives,0,0,21,0,2,0,2,0
2020-04-17,Maldives,4,0,25,0,6,0,6,0
2020-04-18,Maldives,4,0,29,0,10,0,10,0
2020-04-19,Maldives,6,0,35,0,16,0,16,0
2020-04-20,Maldives,17,0,52,0,32,0,33,0
2020-04-21,Maldives,17,0,69,0,49,0,50,0
2020-04-22,Maldives,16,0,85,0,64,0,66,0
2020-04-23,Maldives,0,0,85,0,64,0,66,0
2020-04-24,Maldives,25,0,110,0,85,0,91,0
2020-04-25,Maldives,18,0,128,0,99,0,109,0
2020-04-26,Maldives,9,0,137,0,102,0,118,0
2020-04-27,Maldives,77,0,214,0,162,0,194,0
2020-04-28,Maldives,0,0,214,0,145,0,194,0
2020-04-29,Maldives,31,0,245,0,160,0,224,0
2020-04-30,Maldives,32,0,277,0,192,0,256,0
2020-05-01,Maldives,191,1,468,1,358,1,443,1
2020-05-02,Maldives,23,0,491,1,363,1,462,1
2020-05-03,Maldives,28,0,519,1,382,1,484,1
2020-05-04,Maldives,8,0,527,1,313,1,475,1
2020-05-05,Maldives,24,0,551,1,337,1,482,1
2020-05-06,Maldives,22,0,573,1,328,1,488,1
2020-05-07,Maldives,44,1,617,2,340,2,532,2
2020-05-08,Maldives,25,1,642,3,174,2,532,3
2020-05-09,Maldives,2,0,644,3,153,2,516,3
2020-05-10,Maldives,146,0,790,3,271,2,653,3
2020-05-11,Maldives,45,0,835,3,308,2,621,3
2020-05-12,Maldives,62,0,897,3,346,2,683,3
2020-05-13,Maldives,7,0,904,3,331,2,659,3
2020-05-14,Maldives,51,1,955,4,338,2,678,4
2020-05-15,Maldives,27,0,982,4,340,1,514,3
2020-05-16,Maldives,49,0,1031,4,387,1,540,3
2020-05-17,Maldives,47,0,1078,4,288,1,559,3
2020-05-18,Maldives,16,0,1094,4,259,1,567,3
2020-05-19,Maldives,12,0,1106,4,209,1,555,3
2020-05-20,Maldives,37,0,1143,4,239,1,570,3
2020-05-21,Maldives,43,0,1186,4,231,0,569,2
2020-05-22,Maldives,30,0,1216,4,234,0,574,1
2020-05-23,Maldives,58,0,1274,4,243,0,630,1
2020-05-24,Maldives,29,0,1303,4,225,0,513,1
2020-05-25,Maldives,68,0,1371,4,277,0,536,1
2020-05-26,Maldives,24,0,1395,4,289,0,498,1
2020-05-27,Maldives,43,1,1438,5,295,1,534,2
2020-05-28,Maldives,19,0,1457,5,271,1,502,1
2020-05-29,Maldives,56,0,1513,5,297,1,531,1
2020-05-30,Maldives,78,0,1591,5,317,1,560,1
2020-05-31,Maldives,81,0,1672,5,369,1,594,1
2020-06-01,Maldives,101,0,1773,5,402,1,679,1
2020-06-02,Maldives,56,1,1829,6,434,2,723,2
2020-06-03,Maldives,12,1,1841,7,403,2,698,3
2020-06-04,Maldives,9,0,1850,7,393,2,664,3
2020-06-05,Maldives,22,0,1872,7,359,2,656,3
2020-06-06,Maldives,11,0,1883,7,292,2,609,3
2020-06-07,Maldives,18,0,1901,7,229,2,598,3
2020-06-08,Maldives,2,1,1903,8,130,3,532,4
2020-06-09,Maldives,13,0,1916,8,87,2,521,4
2020-06-10,Maldives,26,0,1942,8,101,1,504,3
2020-06-11,Maldives,20,0,1962,8,112,1,505,3
2020-06-12,Maldives,14,0,1976,8,104,1,463,3
2020-06-13,Maldives,27,0,2003,8,120,1,412,3
2020-06-14,Maldives,10,0,2013,8,112,1,341,3
2020-06-15,Maldives,22,0,2035,8,132,0,262,3
2020-06-16,Maldives,30,0,2065,8,149,0,236,2
2020-06-17,Maldives,29,0,2094,8,152,0,253,1
2020-06-18,Maldives,26,0,2120,8,158,0,270,1
2020-06-19,Maldives,17,0,2137,8,161,0,265,1
2020-06-20,Maldives,13,0,2150,8,147,0,267,1
2020-06-21,Maldives,37,0,2187,8,174,0,286,1
2020-06-22,Maldives,16,0,2203,8,168,0,300,0
2020-06-23,Maldives,14,0,2217,8,152,0,301,0
2020-06-24,Maldives,21,0,2238,8,144,0,296,0
2020-06-25,Maldives,23,0,2261,8,141,0,299,0
2020-06-26,Maldives,16,0,2277,8,140,0,301,0
2020-06-27,Maldives,6,0,2283,8,133,0,280,0
2020-06-28,Maldives,22,0,2305,8,118,0,292,0
2020-06-29,Maldives,18,0,2323,8,120,0,288,0
2020-06-30,Maldives,13,0,2336,8,119,0,271,0
2020-07-01,Maldives,25,1,2361,9,123,1,267,1
2020-07-02,Maldives,21,0,2382,9,121,1,262,1
2020-07-03,Maldives,18,1,2400,10,123,2,263,2
2020-07-04,Maldives,10,0,2410,10,127,2,260,2
2020-07-05,Maldives,25,0,2435,10,130,2,248,2
2020-07-06,Maldives,33,1,2468,11,145,3,265,3
2020-07-07,Maldives,23,1,2491,12,155,4,274,4
2020-07-08,Maldives,10,0,2501,12,140,3,263,4
2020-07-09,Maldives,16,1,2517,13,135,4,256,5
2020-07-10,Maldives,36,0,2553,13,153,3,276,5
2020-07-11,Maldives,64,0,2617,13,207,3,334,5
2020-07-12,Maldives,47,0,2664,13,229,3,359,5
2020-07-13,Maldives,67,0,2731,13,263,2,408,5
2020-07-14,Maldives,31,0,2762,13,271,1,426,5
2020-07-15,Maldives,39,1,2801,14,300,2,440,5
2020-07-16,Maldives,30,0,2831,14,314,1,449,5
2020-07-17,Maldives,68,1,2899,15,346,2,499,5
2020-07-18,Maldives,14,0,2913,15,296,2,503,5
2020-07-19,Maldives,17,0,2930,15,266,2,495,5
2020-07-20,Maldives,36,0,2966,15,235,2,498,4
2020-07-21,Maldives,0,0,2966,15,204,2,475,3
2020-07-22,Maldives,78,0,3044,15,243,1,543,3
2020-07-23,Maldives,59,0,3103,15,272,1,586,2
2020-07-24,Maldives,0,0,3103,15,204,0,550,2
2020-07-25,Maldives,17,0,3120,15,207,0,503,2
2020-07-26,Maldives,132,0,3252,15,322,0,588,2
2020-07-27,Maldives,50,0,3302,15,336,0,571,2
2020-07-28,Maldives,67,0,3369,15,403,0,607,2
2020-07-29,Maldives,137,0,3506,15,462,0,705,1
2020-07-30,Maldives,61,0,3567,15,464,0,736,1
2020-07-31,Maldives,152,1,3719,16,616,1,820,1
2020-08-01,Maldives,74,0,3793,16,673,1,880,1
2020-08-02,Maldives,156,1,3949,17,697,2,1019,2
2020-08-03,Maldives,215,0,4164,17,862,2,1198,2
2020-08-04,Maldives,129,1,4293,18,924,3,1327,3
2020-08-05,Maldives,153,1,4446,19,940,4,1402,4
2020-08-06,Maldives,148,0,4594,19,1027,4,1491,4
2020-08-07,Maldives,86,0,4680,19,961,3,1577,4
2020-08-08,Maldives,89,0,4769,19,976,3,1649,4
2020-08-09,Maldives,129,0,4898,19,949,2,1646,4
2020-08-10,Maldives,143,0,5041,19,877,2,1739,4
2020-08-11,Maldives,116,0,5157,19,864,1,1788,4
2020-08-12,Maldives,66,1,5223,20,777,1,1717,5
2020-08-13,Maldives,143,1,5366,21,772,2,1799,6
2020-08-14,Maldives,128,0,5494,21,814,2,1775,5
2020-08-15,Maldives,78,1,5572,22,803,3,1779,6
2020-08-16,Maldives,107,0,5679,22,781,3,1730,5
2020-08-17,Maldives,106,0,5785,22,744,3,1621,5
2020-08-18,Maldives,124,1,5909,23,752,4,1616,5
2020-08-19,Maldives,170,1,6079,24,856,4,1633,5
2020-08-20,Maldives,146,0,6225,24,859,3,1631,5
2020-08-21,Maldives,145,0,6370,24,876,3,1690,5
2020-08-22,Maldives,194,1,6564,25,992,3,1795,6
2020-08-23,Maldives,96,1,6660,26,981,4,1762,7
2020-08-24,Maldives,119,0,6779,26,994,4,1738,7
2020-08-25,Maldives,133,1,6912,27,1003,4,1755,8
2020-08-26,Maldives,135,1,7047,28,968,4,1824,8
2020-08-27,Maldives,178,0,7225,28,1000,4,1859,7
2020-08-28,Maldives,104,0,7329,28,959,4,1835,7
2020-08-29,Maldives,140,0,7469,28,905,3,1897,6
2020-08-30,Maldives,109,0,7578,28,918,2,1899,6
2020-08-31,Maldives,89,0,7667,28,888,2,1882,6
2020-04-01,Mali,0,1,18,1,18,1,0,0
2020-04-02,Mali,10,0,28,1,26,1,0,0
2020-04-03,Mali,8,2,36,3,32,3,0,0
2020-04-04,Mali,3,0,39,3,35,3,0,0
2020-04-05,Mali,2,0,41,3,32,3,0,0
2020-04-06,Mali,4,2,45,5,27,5,0,0
2020-04-07,Mali,2,0,47,5,29,5,0,0
2020-04-08,Mali,9,0,56,5,38,4,56,5
2020-04-09,Mali,3,2,59,7,31,6,57,7
2020-04-10,Mali,0,0,59,7,23,4,55,7
2020-04-11,Mali,28,0,87,7,48,4,83,7
2020-04-12,Mali,18,2,105,9,64,6,96,9
2020-04-13,Mali,11,0,116,9,71,4,98,9
2020-04-14,Mali,7,1,123,10,76,5,105,10
2020-04-15,Mali,21,3,144,13,88,8,126,12
2020-04-16,Mali,4,0,148,13,89,6,120,12
2020-04-17,Mali,23,0,171,13,112,6,135,10
2020-04-18,Mali,19,0,190,13,103,6,151,10
2020-04-19,Mali,26,0,216,13,111,4,175,10
2020-04-20,Mali,8,1,224,14,108,5,179,9
2020-04-21,Mali,22,0,246,14,123,4,199,9
2020-04-22,Mali,12,0,258,14,114,1,202,9
2020-04-23,Mali,35,3,293,17,145,4,234,10
2020-04-24,Mali,16,4,309,21,138,8,250,14
2020-04-25,Mali,16,0,325,21,135,8,238,14
2020-04-26,Mali,45,0,370,21,154,8,265,12
2020-04-27,Mali,19,2,389,23,165,9,273,14
2020-04-28,Mali,19,0,408,23,162,9,285,13
2020-04-29,Mali,16,1,424,24,166,10,280,11
2020-04-30,Mali,58,1,482,25,189,8,334,12
2020-05-01,Mali,8,1,490,26,181,5,319,13
2020-05-02,Mali,18,0,508,26,183,5,318,13
2020-05-03,Mali,36,0,544,26,174,5,328,13
2020-05-04,Mali,19,1,563,27,174,4,339,13
2020-05-05,Mali,17,2,580,29,172,6,334,15
2020-05-06,Mali,32,3,612,32,188,8,354,18
2020-05-07,Mali,19,0,631,32,149,7,338,15
2020-05-08,Mali,19,0,650,32,160,6,341,11
2020-05-09,Mali,18,3,668,35,160,9,343,14
2020-05-10,Mali,24,2,692,37,148,11,322,16
2020-05-11,Mali,12,1,704,38,141,11,315,15
2020-05-12,Mali,8,1,712,39,132,10,304,16
2020-05-13,Mali,18,1,730,40,118,8,306,16
2020-05-14,Mali,28,4,758,44,127,12,276,19
2020-05-15,Mali,21,2,779,46,129,14,289,20
2020-05-16,Mali,27,0,806,46,138,11,298,20
2020-05-17,Mali,29,2,835,48,143,11,291,22
2020-05-18,Mali,25,4,860,52,156,14,297,25
2020-05-19,Mali,14,0,874,52,162,13,294,23
2020-05-20,Mali,27,1,901,53,171,13,289,21
2020-05-21,Mali,30,2,931,55,173,11,300,23
2020-05-22,Mali,16,5,947,60,168,14,297,28
2020-05-23,Mali,22,2,969,62,163,16,301,27
2020-05-24,Mali,46,1,1015,63,180,15,323,26
2020-05-25,Mali,15,2,1030,65,170,13,326,27
2020-05-26,Mali,29,2,1059,67,185,15,347,28
2020-05-27,Mali,18,3,1077,70,176,17,347,30
2020-05-28,Mali,39,0,1116,70,185,15,358,26
2020-05-29,Mali,78,2,1194,72,247,12,415,26
2020-05-30,Mali,32,1,1226,73,257,11,420,27
2020-05-31,Mali,24,3,1250,76,235,13,415,28
2020-06-01,Mali,15,1,1265,77,235,12,405,25
2020-06-02,Mali,50,1,1315,78,256,11,441,26
2020-06-03,Mali,36,0,1351,78,274,8,450,25
2020-06-04,Mali,0,0,1351,78,235,8,420,23
2020-06-05,Mali,110,7,1461,85,267,13,514,25
2020-06-06,Mali,24,2,1485,87,259,14,516,25
2020-06-07,Mali,38,3,1523,90,273,14,508,27
2020-06-08,Mali,10,2,1533,92,268,15,503,27
2020-06-09,Mali,14,0,1547,92,232,14,488,25
2020-06-10,Mali,39,2,1586,94,235,16,509,24
2020-06-11,Mali,81,2,1667,96,316,18,551,26
2020-06-12,Mali,55,1,1722,97,261,12,528,25
2020-06-13,Mali,30,4,1752,101,267,14,526,28
2020-06-14,Mali,24,3,1776,104,253,14,526,28
2020-06-15,Mali,33,0,1809,104,276,12,544,27
2020-06-16,Mali,51,0,1860,104,313,12,545,26
2020-06-17,Mali,25,2,1885,106,299,12,534,28
2020-06-18,Mali,5,1,1890,107,223,11,539,29
2020-06-19,Mali,16,0,1906,107,184,10,445,22
2020-06-20,Mali,17,1,1923,108,171,7,438,21
2020-06-21,Mali,10,1,1933,109,157,5,410,19
2020-06-22,Mali,28,2,1961,111,152,7,428,19
2020-06-23,Mali,0,0,1961,111,101,7,414,19
2020-06-24,Mali,17,0,1978,111,93,5,392,17
2020-06-25,Mali,23,1,2001,112,111,5,334,16
2020-06-26,Mali,6,1,2007,113,101,6,285,16
2020-06-27,Mali,32,0,2039,113,116,5,287,12
2020-06-28,Mali,79,0,2118,113,185,4,342,9
2020-06-29,Mali,29,1,2147,114,186,3,338,10
2020-06-30,Mali,26,1,2173,115,212,4,313,11
2020-07-01,Mali,8,1,2181,116,203,5,296,10
2020-07-02,Mali,21,0,2202,116,201,4,312,9
2020-07-03,Mali,58,1,2260,117,253,4,354,10
2020-07-04,Mali,25,0,2285,117,246,4,362,9
2020-07-05,Mali,18,1,2303,118,185,5,370,9
2020-07-06,Mali,27,1,2330,119,183,5,369,8
2020-07-07,Mali,1,0,2331,119,158,4,370,8
2020-07-08,Mali,17,0,2348,119,167,3,370,8
2020-07-09,Mali,10,1,2358,120,156,4,357,8
2020-07-10,Mali,0,0,2358,120,98,3,351,7
2020-07-11,Mali,46,1,2404,121,119,4,365,8
2020-07-12,Mali,2,0,2406,121,103,3,288,8
2020-07-13,Mali,5,0,2411,121,81,2,264,7
2020-07-14,Mali,1,0,2412,121,81,2,239,6
2020-07-15,Mali,11,0,2423,121,75,2,242,5
2020-07-16,Mali,10,0,2433,121,75,1,231,5
2020-07-17,Mali,7,0,2440,121,82,1,180,4
2020-07-18,Mali,27,0,2467,121,63,0,182,4
2020-07-19,Mali,5,0,2472,121,66,0,169,3
2020-07-20,Mali,3,0,2475,121,64,0,145,2
2020-07-21,Mali,0,0,2475,121,63,0,144,2
2020-07-22,Mali,2,1,2477,122,54,1,129,3
2020-07-23,Mali,17,1,2494,123,61,2,136,3
2020-07-24,Mali,0,0,2494,123,54,2,136,3
2020-07-25,Mali,9,0,2503,123,36,2,99,2
2020-07-26,Mali,0,0,2503,123,31,2,97,2
2020-07-27,Mali,7,0,2510,123,35,2,99,2
2020-07-28,Mali,3,1,2513,124,38,3,101,3
2020-07-29,Mali,7,0,2520,124,43,2,97,3
2020-07-30,Mali,1,0,2521,124,27,1,88,3
2020-07-31,Mali,1,0,2522,124,28,1,82,3
2020-08-01,Mali,13,0,2535,124,32,1,68,3
2020-08-02,Mali,0,0,2535,124,32,1,63,3
2020-08-03,Mali,6,0,2541,124,31,1,66,3
2020-08-04,Mali,2,0,2543,124,30,0,68,3
2020-08-05,Mali,0,0,2543,124,23,0,66,2
2020-08-06,Mali,3,0,2546,124,25,0,52,1
2020-08-07,Mali,6,0,2552,124,30,0,58,1
2020-08-08,Mali,9,1,2561,125,26,1,58,2
2020-08-09,Mali,4,0,2565,125,30,1,62,2
2020-08-10,Mali,2,0,2567,125,26,1,57,2
2020-08-11,Mali,6,0,2573,125,30,1,60,1
2020-08-12,Mali,4,0,2577,125,34,1,57,1
2020-08-13,Mali,5,0,2582,125,36,1,61,1
2020-08-14,Mali,15,0,2597,125,45,1,75,1
2020-08-15,Mali,0,0,2597,125,36,0,62,1
2020-08-16,Mali,17,0,2614,125,49,0,79,1
2020-08-17,Mali,0,0,2614,125,47,0,73,1
2020-08-18,Mali,26,0,2640,125,67,0,97,1
2020-08-19,Mali,26,0,2666,125,89,0,123,1
2020-08-20,Mali,1,0,2667,125,85,0,121,1
2020-08-21,Mali,0,0,2667,125,70,0,115,1
2020-08-22,Mali,21,0,2688,125,91,0,127,0
2020-08-23,Mali,11,0,2699,125,85,0,134,0
2020-08-24,Mali,6,0,2705,125,91,0,138,0
2020-08-25,Mali,3,0,2708,125,68,0,135,0
2020-08-26,Mali,5,0,2713,125,47,0,136,0
2020-08-27,Mali,4,1,2717,126,50,1,135,1
2020-08-28,Mali,13,0,2730,126,63,1,133,1
2020-08-29,Mali,6,0,2736,126,48,1,139,1
2020-08-30,Mali,21,0,2757,126,58,1,143,1
2020-08-31,Mali,16,0,2773,126,68,1,159,1
2020-04-01,Malta,13,0,169,0,55,0,131,0
2020-04-02,Malta,19,0,188,0,59,0,140,0
2020-04-03,Malta,7,0,195,0,61,0,143,0
2020-04-04,Malta,7,0,202,0,63,0,138,0
2020-04-05,Malta,11,0,213,0,64,0,140,0
2020-04-06,Malta,14,0,227,0,76,0,137,0
2020-04-07,Malta,14,0,241,0,85,0,134,0
2020-04-08,Malta,52,0,293,0,124,0,179,0
2020-04-09,Malta,6,1,299,1,111,1,170,1
2020-04-10,Malta,38,1,337,2,142,2,203,2
2020-04-11,Malta,13,0,350,2,148,2,211,2
2020-04-12,Malta,20,1,370,3,157,3,221,3
2020-04-13,Malta,8,0,378,3,151,3,227,3
2020-04-14,Malta,6,0,384,3,143,3,228,3
2020-04-15,Malta,9,0,393,3,100,3,224,3
2020-04-16,Malta,6,0,399,3,100,2,211,3
2020-04-17,Malta,13,0,412,3,75,1,217,3
2020-04-18,Malta,10,0,422,3,72,1,220,3
2020-04-19,Malta,4,0,426,3,56,0,213,3
2020-04-20,Malta,1,0,427,3,49,0,200,3
2020-04-21,Malta,4,0,431,3,47,0,190,3
2020-04-22,Malta,12,0,443,3,50,0,150,3
2020-04-23,Malta,1,0,444,3,45,0,145,2
2020-04-24,Malta,0,0,444,3,32,0,107,1
2020-04-25,Malta,2,0,446,3,24,0,96,1
2020-04-26,Malta,1,1,447,4,21,1,77,1
2020-04-27,Malta,2,0,449,4,22,1,71,1
2020-04-28,Malta,0,0,449,4,18,1,65,1
2020-04-29,Malta,8,0,457,4,14,1,64,1
2020-04-30,Malta,5,0,462,4,18,1,63,1
2020-05-01,Malta,2,0,464,4,20,1,52,1
2020-05-02,Malta,2,0,466,4,20,1,44,1
2020-05-03,Malta,1,0,467,4,20,0,41,1
2020-05-04,Malta,9,0,476,4,27,0,49,1
2020-05-05,Malta,3,0,479,4,30,0,48,1
2020-05-06,Malta,1,1,480,5,23,1,37,2
2020-05-07,Malta,3,0,483,5,21,1,39,2
2020-05-08,Malta,2,0,485,5,21,1,41,2
2020-05-09,Malta,3,0,488,5,22,1,42,2
2020-05-10,Malta,1,0,489,5,22,1,42,1
2020-05-11,Malta,6,0,495,5,19,1,46,1
2020-05-12,Malta,7,0,502,5,23,1,53,1
2020-05-13,Malta,3,0,505,5,25,0,48,1
2020-05-14,Malta,2,1,507,6,24,1,45,2
2020-05-15,Malta,14,0,521,6,36,1,57,2
2020-05-16,Malta,10,0,531,6,43,1,65,2
2020-05-17,Malta,14,0,545,6,56,1,78,2
2020-05-18,Malta,7,0,552,6,57,1,76,2
2020-05-19,Malta,5,0,557,6,55,1,78,2
2020-05-20,Malta,11,0,568,6,63,1,88,1
2020-05-21,Malta,15,0,583,6,76,0,100,1
2020-05-22,Malta,15,0,598,6,77,0,113,1
2020-05-23,Malta,1,0,599,6,68,0,111,1
2020-05-24,Malta,9,0,608,6,63,0,119,1
2020-05-25,Malta,1,0,609,6,57,0,114,1
2020-05-26,Malta,1,0,610,6,53,0,108,1
2020-05-27,Malta,0,0,610,6,42,0,105,1
2020-05-28,Malta,1,1,611,7,28,1,104,1
2020-05-29,Malta,4,0,615,7,17,1,94,1
2020-05-30,Malta,0,0,615,7,16,1,84,1
2020-05-31,Malta,2,0,617,7,9,1,72,1
2020-06-01,Malta,0,0,617,7,8,1,65,1
2020-06-02,Malta,1,2,618,9,8,3,61,3
2020-06-03,Malta,1,0,619,9,9,3,51,3
2020-06-04,Malta,2,0,621,9,10,2,38,3
2020-06-05,Malta,0,0,621,9,6,2,23,3
2020-06-06,Malta,3,0,624,9,9,2,25,3
2020-06-07,Malta,2,0,626,9,9,2,18,3
2020-06-08,Malta,2,0,628,9,11,2,19,3
2020-06-09,Malta,1,0,629,9,11,0,19,3
2020-06-10,Malta,2,0,631,9,12,0,21,3
2020-06-11,Malta,3,0,634,9,13,0,23,2
2020-06-12,Malta,5,0,639,9,18,0,24,2
2020-06-13,Malta,5,0,644,9,20,0,29,2
2020-06-14,Malta,1,0,645,9,19,0,28,2
2020-06-15,Malta,2,0,647,9,19,0,30,2
2020-06-16,Malta,2,0,649,9,20,0,31,0
2020-06-17,Malta,6,0,655,9,24,0,36,0
2020-06-18,Malta,6,0,661,9,27,0,40,0
2020-06-19,Malta,1,0,662,9,23,0,41,0
2020-06-20,Malta,0,0,662,9,18,0,38,0
2020-06-21,Malta,1,0,663,9,18,0,37,0
2020-06-22,Malta,1,0,664,9,17,0,36,0
2020-06-23,Malta,0,0,664,9,15,0,35,0
2020-06-24,Malta,0,0,664,9,9,0,33,0
2020-06-25,Malta,0,0,664,9,3,0,30,0
2020-06-26,Malta,3,0,667,9,5,0,28,0
2020-06-27,Malta,2,0,669,9,7,0,25,0
2020-06-28,Malta,0,0,669,9,6,0,24,0
2020-06-29,Malta,0,0,669,9,5,0,22,0
2020-06-30,Malta,0,0,669,9,5,0,20,0
2020-07-01,Malta,0,0,669,9,5,0,14,0
2020-07-02,Malta,1,0,670,9,6,0,9,0
2020-07-03,Malta,0,0,670,9,3,0,8,0
2020-07-04,Malta,1,0,671,9,2,0,9,0
2020-07-05,Malta,0,0,671,9,2,0,8,0
2020-07-06,Malta,0,0,671,9,2,0,7,0
2020-07-07,Malta,0,0,671,9,2,0,7,0
2020-07-08,Malta,1,0,672,9,3,0,8,0
2020-07-09,Malta,0,0,672,9,2,0,8,0
2020-07-10,Malta,1,0,673,9,3,0,6,0
2020-07-11,Malta,0,0,673,9,2,0,4,0
2020-07-12,Malta,0,0,673,9,2,0,4,0
2020-07-13,Malta,0,0,673,9,2,0,4,0
2020-07-14,Malta,0,0,673,9,2,0,4,0
2020-07-15,Malta,0,0,673,9,1,0,4,0
2020-07-16,Malta,0,0,673,9,1,0,3,0
2020-07-17,Malta,0,0,673,9,0,0,3,0
2020-07-18,Malta,0,0,673,9,0,0,2,0
2020-07-19,Malta,1,0,674,9,1,0,3,0
2020-07-20,Malta,0,0,674,9,1,0,3,0
2020-07-21,Malta,1,0,675,9,2,0,4,0
2020-07-22,Malta,0,0,675,9,2,0,3,0
2020-07-23,Malta,2,0,677,9,4,0,5,0
2020-07-24,Malta,1,0,678,9,5,0,5,0
2020-07-25,Malta,2,0,680,9,7,0,7,0
2020-07-26,Malta,4,0,684,9,10,0,11,0
2020-07-27,Malta,14,0,698,9,24,0,25,0
2020-07-28,Malta,1,0,699,9,24,0,26,0
2020-07-29,Malta,6,0,705,9,30,0,32,0
2020-07-30,Malta,13,0,718,9,41,0,45,0
2020-07-31,Malta,9,0,727,9,49,0,54,0
2020-08-01,Malta,15,0,742,9,62,0,69,0
2020-08-02,Malta,14,0,756,9,72,0,82,0
2020-08-03,Malta,16,0,772,9,74,0,98,0
2020-08-04,Malta,21,0,793,9,94,0,118,0
2020-08-05,Malta,19,0,812,9,107,0,137,0
2020-08-06,Malta,50,0,862,9,144,0,185,0
2020-08-07,Malta,40,0,902,9,175,0,224,0
2020-08-08,Malta,54,0,956,9,214,0,276,0
2020-08-09,Malta,23,0,979,9,223,0,295,0
2020-08-10,Malta,29,0,1008,9,236,0,310,0
2020-08-11,Malta,49,0,1057,9,264,0,358,0
2020-08-12,Malta,55,0,1112,9,300,0,407,0
2020-08-13,Malta,31,0,1143,9,281,0,425,0
2020-08-14,Malta,72,0,1215,9,313,0,488,0
2020-08-15,Malta,63,0,1278,9,322,0,536,0
2020-08-16,Malta,68,0,1346,9,367,0,590,0
2020-08-17,Malta,49,0,1395,9,387,0,623,0
2020-08-18,Malta,47,0,1442,9,385,0,649,0
2020-08-19,Malta,40,0,1482,9,370,0,670,0
2020-08-20,Malta,36,0,1518,9,375,0,656,0
2020-08-21,Malta,31,0,1549,9,334,0,647,0
2020-08-22,Malta,35,1,1584,10,306,1,628,1
2020-08-23,Malta,57,0,1641,10,295,1,662,1
2020-08-24,Malta,38,0,1679,10,284,1,671,1
2020-08-25,Malta,46,0,1725,10,283,1,668,1
2020-08-26,Malta,37,0,1762,10,280,1,650,1
2020-08-27,Malta,32,0,1794,10,276,1,651,1
2020-08-28,Malta,28,0,1822,10,273,1,607,1
2020-08-29,Malta,15,0,1837,10,253,0,559,1
2020-08-30,Malta,21,0,1858,10,217,0,512,1
2020-08-31,Malta,9,1,1867,11,188,1,472,2
2020-04-01,Mauritania,0,0,5,0,3,0,4,0
2020-04-02,Mauritania,0,0,5,0,3,0,4,0
2020-04-03,Mauritania,1,1,6,1,3,1,4,1
2020-04-04,Mauritania,0,0,6,1,3,1,4,1
2020-04-05,Mauritania,0,0,6,1,1,1,4,1
2020-04-06,Mauritania,0,0,6,1,1,1,4,1
2020-04-07,Mauritania,0,0,6,1,1,1,4,1
2020-04-08,Mauritania,0,0,6,1,1,1,4,1
2020-04-09,Mauritania,0,0,6,1,1,1,4,1
2020-04-10,Mauritania,1,0,7,1,1,0,4,1
2020-04-11,Mauritania,0,0,7,1,1,0,4,1
2020-04-12,Mauritania,0,0,7,1,1,0,2,1
2020-04-13,Mauritania,0,0,7,1,1,0,2,1
2020-04-14,Mauritania,0,0,7,1,1,0,2,1
2020-04-15,Mauritania,0,0,7,1,1,0,2,1
2020-04-16,Mauritania,0,0,7,1,1,0,2,1
2020-04-17,Mauritania,0,0,7,1,0,0,1,0
2020-04-18,Mauritania,0,0,7,1,0,0,1,0
2020-04-19,Mauritania,0,0,7,1,0,0,1,0
2020-04-20,Mauritania,0,0,7,1,0,0,1,0
2020-04-21,Mauritania,0,0,7,1,0,0,1,0
2020-04-22,Mauritania,0,0,7,1,0,0,1,0
2020-04-23,Mauritania,0,0,7,1,0,0,1,0
2020-04-24,Mauritania,0,0,7,1,0,0,0,0
2020-04-25,Mauritania,0,0,7,1,0,0,0,0
2020-04-26,Mauritania,0,0,7,1,0,0,0,0
2020-04-27,Mauritania,0,0,7,1,0,0,0,0
2020-04-28,Mauritania,0,0,7,1,0,0,0,0
2020-04-29,Mauritania,0,0,7,1,0,0,0,0
2020-04-30,Mauritania,0,0,7,1,0,0,0,0
2020-05-01,Mauritania,1,0,8,1,1,0,1,0
2020-05-02,Mauritania,0,0,8,1,1,0,1,0
2020-05-03,Mauritania,0,0,8,1,1,0,1,0
2020-05-04,Mauritania,0,0,8,1,1,0,1,0
2020-05-05,Mauritania,0,0,8,1,1,0,1,0
2020-05-06,Mauritania,0,0,8,1,1,0,1,0
2020-05-07,Mauritania,0,0,8,1,1,0,1,0
2020-05-08,Mauritania,0,0,8,1,0,0,1,0
2020-05-09,Mauritania,0,0,8,1,0,0,1,0
2020-05-10,Mauritania,0,0,8,1,0,0,1,0
2020-05-11,Mauritania,0,0,8,1,0,0,1,0
2020-05-12,Mauritania,0,0,8,1,0,0,1,0
2020-05-13,Mauritania,0,0,8,1,0,0,1,0
2020-05-14,Mauritania,1,1,9,2,1,1,2,1
2020-05-15,Mauritania,7,0,16,2,8,1,8,1
2020-05-16,Mauritania,13,1,29,3,21,2,21,2
2020-05-17,Mauritania,0,0,29,3,21,2,21,2
2020-05-18,Mauritania,33,1,62,4,54,3,54,3
2020-05-19,Mauritania,19,0,81,4,73,3,73,3
2020-05-20,Mauritania,0,0,81,4,73,3,73,3
2020-05-21,Mauritania,50,0,131,4,122,2,123,3
2020-05-22,Mauritania,42,1,173,5,157,3,165,4
2020-05-23,Mauritania,0,0,173,5,144,2,165,4
2020-05-24,Mauritania,54,1,227,6,198,3,219,5
2020-05-25,Mauritania,10,0,237,6,175,2,229,5
2020-05-26,Mauritania,0,0,237,6,156,2,229,5
2020-05-27,Mauritania,25,3,262,9,181,5,254,8
2020-05-28,Mauritania,30,7,292,16,161,12,283,14
2020-05-29,Mauritania,0,0,292,16,119,11,276,14
2020-05-30,Mauritania,131,4,423,20,250,15,394,17
2020-05-31,Mauritania,60,1,483,21,256,15,454,18
2020-06-01,Mauritania,47,2,530,23,293,17,468,19
2020-06-02,Mauritania,0,0,530,23,293,17,449,19
2020-06-03,Mauritania,138,8,668,31,406,22,587,27
2020-06-04,Mauritania,0,0,668,31,376,15,537,27
2020-06-05,Mauritania,116,8,784,39,492,23,611,34
2020-06-06,Mauritania,99,4,883,43,460,23,710,38
2020-06-07,Mauritania,64,0,947,43,464,22,720,37
2020-06-08,Mauritania,0,0,947,43,417,20,710,37
2020-06-09,Mauritania,0,0,947,43,417,20,710,37
2020-06-10,Mauritania,215,18,1162,61,494,30,900,52
2020-06-11,Mauritania,0,0,1162,61,494,30,870,45
2020-06-12,Mauritania,0,0,1162,61,378,22,870,45
2020-06-13,Mauritania,277,13,1439,74,556,31,1016,54
2020-06-14,Mauritania,0,0,1439,74,492,31,956,53
2020-06-15,Mauritania,344,13,1783,87,836,44,1253,64
2020-06-16,Mauritania,104,4,1887,91,940,48,1357,68
2020-06-17,Mauritania,170,2,2057,93,895,32,1389,62
2020-06-18,Mauritania,0,0,2057,93,895,32,1389,62
2020-06-19,Mauritania,166,2,2223,95,1061,34,1439,56
2020-06-20,Mauritania,0,0,2223,95,784,21,1340,52
2020-06-21,Mauritania,590,13,2813,108,1374,34,1866,65
2020-06-22,Mauritania,0,0,2813,108,1030,21,1866,65
2020-06-23,Mauritania,171,3,2984,111,1097,20,2037,68
2020-06-24,Mauritania,0,0,2984,111,927,18,1822,50
2020-06-25,Mauritania,308,3,3292,114,1235,21,2130,53
2020-06-26,Mauritania,447,5,3739,119,1516,24,2577,58
2020-06-27,Mauritania,0,0,3739,119,1516,24,2300,45
2020-06-28,Mauritania,168,1,3907,120,1094,12,2468,46
2020-06-29,Mauritania,0,0,3907,120,1094,12,2124,33
2020-06-30,Mauritania,242,6,4149,126,1165,15,2262,35
2020-07-01,Mauritania,0,0,4149,126,1165,15,2092,33
2020-07-02,Mauritania,0,0,4149,126,857,12,2092,33
2020-07-03,Mauritania,323,3,4472,129,733,10,2249,34
2020-07-04,Mauritania,0,0,4472,129,733,10,2249,34
2020-07-05,Mauritania,355,0,4827,129,920,9,2014,21
2020-07-06,Mauritania,52,1,4879,130,972,10,2066,22
2020-07-07,Mauritania,0,0,4879,130,730,4,1895,19
2020-07-08,Mauritania,0,0,4879,130,730,4,1895,19
2020-07-09,Mauritania,145,5,5024,135,875,9,1732,21
2020-07-10,Mauritania,63,4,5087,139,615,10,1348,20
2020-07-11,Mauritania,39,5,5126,144,654,15,1387,25
2020-07-12,Mauritania,0,0,5126,144,299,15,1219,24
2020-07-13,Mauritania,0,0,5126,144,247,14,1219,24
2020-07-14,Mauritania,229,3,5355,147,476,17,1206,21
2020-07-15,Mauritania,91,2,5446,149,567,19,1297,23
2020-07-16,Mauritania,0,0,5446,149,422,14,1297,23
2020-07-17,Mauritania,0,0,5446,149,359,10,974,20
2020-07-18,Mauritania,0,0,5446,149,320,5,974,20
2020-07-19,Mauritania,0,0,5446,149,320,5,619,20
2020-07-20,Mauritania,427,6,5873,155,747,11,994,25
2020-07-21,Mauritania,50,0,5923,155,568,8,1044,25
2020-07-22,Mauritania,0,0,5923,155,477,6,1044,25
2020-07-23,Mauritania,0,0,5923,155,477,6,899,20
2020-07-24,Mauritania,104,0,6027,155,581,6,940,16
2020-07-25,Mauritania,40,1,6067,156,621,7,941,12
2020-07-26,Mauritania,0,0,6067,156,621,7,941,12
2020-07-27,Mauritania,104,0,6171,156,298,1,1045,12
2020-07-28,Mauritania,0,0,6171,156,248,1,816,9
2020-07-29,Mauritania,0,0,6171,156,248,1,725,7
2020-07-30,Mauritania,78,0,6249,156,326,1,803,7
2020-07-31,Mauritania,21,0,6270,156,243,1,824,7
2020-08-01,Mauritania,25,1,6295,157,228,1,849,8
2020-08-02,Mauritania,15,0,6310,157,243,1,864,8
2020-08-03,Mauritania,0,0,6310,157,139,1,437,2
2020-08-04,Mauritania,13,0,6323,157,152,1,400,2
2020-08-05,Mauritania,59,0,6382,157,211,1,459,2
2020-08-06,Mauritania,0,0,6382,157,133,1,459,2
2020-08-07,Mauritania,0,0,6382,157,112,1,355,2
2020-08-08,Mauritania,0,0,6382,157,87,0,315,1
2020-08-09,Mauritania,116,0,6498,157,188,0,431,1
2020-08-10,Mauritania,0,0,6498,157,188,0,327,1
2020-08-11,Mauritania,0,0,6498,157,175,0,327,1
2020-08-12,Mauritania,52,0,6550,157,168,0,379,1
2020-08-13,Mauritania,48,0,6598,157,216,0,349,1
2020-08-14,Mauritania,24,0,6622,157,240,0,352,1
2020-08-15,Mauritania,0,0,6622,157,240,0,327,0
2020-08-16,Mauritania,0,0,6622,157,124,0,312,0
2020-08-17,Mauritania,79,0,6701,157,203,0,391,0
2020-08-18,Mauritania,0,0,6701,157,203,0,378,0
2020-08-19,Mauritania,88,0,6789,157,239,0,407,0
2020-08-20,Mauritania,40,1,6829,158,231,1,447,1
2020-08-21,Mauritania,0,0,6829,158,207,1,447,1
2020-08-22,Mauritania,56,0,6885,158,263,1,503,1
2020-08-23,Mauritania,0,0,6885,158,263,1,387,1
2020-08-24,Mauritania,0,0,6885,158,184,1,387,1
2020-08-25,Mauritania,20,0,6905,158,204,1,407,1
2020-08-26,Mauritania,23,0,6928,158,139,1,378,1
2020-08-27,Mauritania,32,0,6960,158,131,0,362,1
2020-08-28,Mauritania,17,0,6977,158,148,0,355,1
2020-08-29,Mauritania,0,0,6977,158,92,0,355,1
2020-08-30,Mauritania,35,0,7012,158,127,0,390,1
2020-08-31,Mauritania,10,1,7022,159,137,1,321,2
2020-04-01,Mauritius,15,0,143,3,101,1,0,0
2020-04-02,Mauritius,11,2,154,5,106,3,154,5
2020-04-03,Mauritius,15,2,169,7,88,5,166,7
2020-04-04,Mauritius,17,0,186,7,92,5,174,7
2020-04-05,Mauritius,10,0,196,7,94,5,182,6
2020-04-06,Mauritius,31,0,227,7,117,4,199,5
2020-04-07,Mauritius,17,0,244,7,116,4,208,5
2020-04-08,Mauritius,24,0,268,7,125,4,226,5
2020-04-09,Mauritius,5,0,273,7,119,2,225,5
2020-04-10,Mauritius,41,0,314,7,145,0,233,5
2020-04-11,Mauritius,4,2,318,9,132,2,224,7
2020-04-12,Mauritius,1,0,319,9,123,2,217,7
2020-04-13,Mauritius,5,0,324,9,97,2,214,6
2020-04-14,Mauritius,0,0,324,9,80,2,196,6
2020-04-15,Mauritius,0,0,324,9,56,2,181,6
2020-04-16,Mauritius,0,0,324,9,51,2,170,4
2020-04-17,Mauritius,0,0,324,9,10,2,155,2
2020-04-18,Mauritius,0,0,324,9,6,0,138,2
2020-04-19,Mauritius,1,0,325,9,6,0,129,2
2020-04-20,Mauritius,3,0,328,9,4,0,101,2
2020-04-21,Mauritius,0,0,328,9,4,0,84,2
2020-04-22,Mauritius,0,0,328,9,4,0,60,2
2020-04-23,Mauritius,1,0,329,9,5,0,56,2
2020-04-24,Mauritius,2,0,331,9,7,0,17,2
2020-04-25,Mauritius,0,0,331,9,7,0,13,0
2020-04-26,Mauritius,0,0,331,9,6,0,12,0
2020-04-27,Mauritius,1,0,332,9,4,0,8,0
2020-04-28,Mauritius,0,1,332,10,4,1,8,1
2020-04-29,Mauritius,0,0,332,10,4,1,8,1
2020-04-30,Mauritius,0,0,332,10,3,1,8,1
2020-05-01,Mauritius,0,0,332,10,1,1,8,1
2020-05-02,Mauritius,0,0,332,10,1,1,8,1
2020-05-03,Mauritius,0,0,332,10,1,1,7,1
2020-05-04,Mauritius,0,0,332,10,0,1,4,1
2020-05-05,Mauritius,0,0,332,10,0,0,4,1
2020-05-06,Mauritius,0,0,332,10,0,0,4,1
2020-05-07,Mauritius,0,0,332,10,0,0,3,1
2020-05-08,Mauritius,0,0,332,10,0,0,1,1
2020-05-09,Mauritius,0,0,332,10,0,0,1,1
2020-05-10,Mauritius,0,0,332,10,0,0,1,1
2020-05-11,Mauritius,0,0,332,10,0,0,0,1
2020-05-12,Mauritius,0,0,332,10,0,0,0,0
2020-05-13,Mauritius,0,0,332,10,0,0,0,0
2020-05-14,Mauritius,0,0,332,10,0,0,0,0
2020-05-15,Mauritius,0,0,332,10,0,0,0,0
2020-05-16,Mauritius,0,0,332,10,0,0,0,0
2020-05-17,Mauritius,0,0,332,10,0,0,0,0
2020-05-18,Mauritius,0,0,332,10,0,0,0,0
2020-05-19,Mauritius,0,0,332,10,0,0,0,0
2020-05-20,Mauritius,0,0,332,10,0,0,0,0
2020-05-21,Mauritius,0,0,332,10,0,0,0,0
2020-05-22,Mauritius,0,0,332,10,0,0,0,0
2020-05-23,Mauritius,0,0,332,10,0,0,0,0
2020-05-24,Mauritius,0,0,332,10,0,0,0,0
2020-05-25,Mauritius,2,0,334,10,2,0,2,0
2020-05-26,Mauritius,0,0,334,10,2,0,2,0
2020-05-27,Mauritius,0,0,334,10,2,0,2,0
2020-05-28,Mauritius,0,0,334,10,2,0,2,0
2020-05-29,Mauritius,0,0,334,10,2,0,2,0
2020-05-30,Mauritius,1,0,335,10,3,0,3,0
2020-05-31,Mauritius,0,0,335,10,3,0,3,0
2020-06-01,Mauritius,0,0,335,10,1,0,3,0
2020-06-02,Mauritius,0,0,335,10,1,0,3,0
2020-06-03,Mauritius,0,0,335,10,1,0,3,0
2020-06-04,Mauritius,0,0,335,10,1,0,3,0
2020-06-05,Mauritius,0,0,335,10,1,0,3,0
2020-06-06,Mauritius,2,0,337,10,2,0,5,0
2020-06-07,Mauritius,0,0,337,10,2,0,5,0
2020-06-08,Mauritius,0,0,337,10,2,0,3,0
2020-06-09,Mauritius,0,0,337,10,2,0,3,0
2020-06-10,Mauritius,0,0,337,10,2,0,3,0
2020-06-11,Mauritius,0,0,337,10,2,0,3,0
2020-06-12,Mauritius,0,0,337,10,2,0,3,0
2020-06-13,Mauritius,0,0,337,10,0,0,2,0
2020-06-14,Mauritius,0,0,337,10,0,0,2,0
2020-06-15,Mauritius,0,0,337,10,0,0,2,0
2020-06-16,Mauritius,0,0,337,10,0,0,2,0
2020-06-17,Mauritius,0,0,337,10,0,0,2,0
2020-06-18,Mauritius,0,0,337,10,0,0,2,0
2020-06-19,Mauritius,0,0,337,10,0,0,2,0
2020-06-20,Mauritius,0,0,337,10,0,0,0,0
2020-06-21,Mauritius,0,0,337,10,0,0,0,0
2020-06-22,Mauritius,0,0,337,10,0,0,0,0
2020-06-23,Mauritius,3,0,340,10,3,0,3,0
2020-06-24,Mauritius,0,0,340,10,3,0,3,0
2020-06-25,Mauritius,1,0,341,10,4,0,4,0
2020-06-26,Mauritius,0,0,341,10,4,0,4,0
2020-06-27,Mauritius,0,0,341,10,4,0,4,0
2020-06-28,Mauritius,0,0,341,10,4,0,4,0
2020-06-29,Mauritius,0,0,341,10,4,0,4,0
2020-06-30,Mauritius,0,0,341,10,1,0,4,0
2020-07-01,Mauritius,0,0,341,10,1,0,4,0
2020-07-02,Mauritius,0,0,341,10,0,0,4,0
2020-07-03,Mauritius,0,0,341,10,0,0,4,0
2020-07-04,Mauritius,0,0,341,10,0,0,4,0
2020-07-05,Mauritius,0,0,341,10,0,0,4,0
2020-07-06,Mauritius,0,0,341,10,0,0,4,0
2020-07-07,Mauritius,1,0,342,10,1,0,2,0
2020-07-08,Mauritius,0,0,342,10,1,0,2,0
2020-07-09,Mauritius,0,0,342,10,1,0,1,0
2020-07-10,Mauritius,0,0,342,10,1,0,1,0
2020-07-11,Mauritius,0,0,342,10,1,0,1,0
2020-07-12,Mauritius,0,0,342,10,1,0,1,0
2020-07-13,Mauritius,0,0,342,10,1,0,1,0
2020-07-14,Mauritius,0,0,342,10,0,0,1,0
2020-07-15,Mauritius,0,0,342,10,0,0,1,0
2020-07-16,Mauritius,1,0,343,10,1,0,2,0
2020-07-17,Mauritius,0,0,343,10,1,0,2,0
2020-07-18,Mauritius,0,0,343,10,1,0,2,0
2020-07-19,Mauritius,0,0,343,10,1,0,2,0
2020-07-20,Mauritius,0,0,343,10,1,0,2,0
2020-07-21,Mauritius,0,0,343,10,1,0,1,0
2020-07-22,Mauritius,0,0,343,10,1,0,1,0
2020-07-23,Mauritius,0,0,343,10,0,0,1,0
2020-07-24,Mauritius,0,0,343,10,0,0,1,0
2020-07-25,Mauritius,1,0,344,10,1,0,2,0
2020-07-26,Mauritius,0,0,344,10,1,0,2,0
2020-07-27,Mauritius,0,0,344,10,1,0,2,0
2020-07-28,Mauritius,0,0,344,10,1,0,2,0
2020-07-29,Mauritius,0,0,344,10,1,0,2,0
2020-07-30,Mauritius,0,0,344,10,1,0,1,0
2020-07-31,Mauritius,0,0,344,10,1,0,1,0
2020-08-01,Mauritius,0,0,344,10,0,0,1,0
2020-08-02,Mauritius,0,0,344,10,0,0,1,0
2020-08-03,Mauritius,0,0,344,10,0,0,1,0
2020-08-04,Mauritius,0,0,344,10,0,0,1,0
2020-08-05,Mauritius,0,0,344,10,0,0,1,0
2020-08-06,Mauritius,0,0,344,10,0,0,1,0
2020-08-07,Mauritius,0,0,344,10,0,0,1,0
2020-08-08,Mauritius,0,0,344,10,0,0,0,0
2020-08-09,Mauritius,0,0,344,10,0,0,0,0
2020-08-10,Mauritius,0,0,344,10,0,0,0,0
2020-08-11,Mauritius,0,0,344,10,0,0,0,0
2020-08-12,Mauritius,0,0,344,10,0,0,0,0
2020-08-13,Mauritius,0,0,344,10,0,0,0,0
2020-08-14,Mauritius,0,0,344,10,0,0,0,0
2020-08-15,Mauritius,0,0,344,10,0,0,0,0
2020-08-16,Mauritius,0,0,344,10,0,0,0,0
2020-08-17,Mauritius,2,0,346,10,2,0,2,0
2020-08-18,Mauritius,0,0,346,10,2,0,2,0
2020-08-19,Mauritius,0,0,346,10,2,0,2,0
2020-08-20,Mauritius,0,0,346,10,2,0,2,0
2020-08-21,Mauritius,0,0,346,10,2,0,2,0
2020-08-22,Mauritius,0,0,346,10,2,0,2,0
2020-08-23,Mauritius,0,0,346,10,2,0,2,0
2020-08-24,Mauritius,0,0,346,10,0,0,2,0
2020-08-25,Mauritius,0,0,346,10,0,0,2,0
2020-08-26,Mauritius,0,0,346,10,0,0,2,0
2020-08-27,Mauritius,0,0,346,10,0,0,2,0
2020-08-28,Mauritius,0,0,346,10,0,0,2,0
2020-08-29,Mauritius,0,0,346,10,0,0,2,0
2020-08-30,Mauritius,0,0,346,10,0,0,2,0
2020-08-31,Mauritius,0,0,346,10,0,0,0,0
2020-04-01,Mexico,121,1,1215,29,810,24,1122,29
2020-04-02,Mexico,163,8,1378,37,903,32,1260,37
2020-04-03,Mexico,132,13,1510,50,925,42,1346,50
2020-04-04,Mexico,178,10,1688,60,971,48,1485,58
2020-04-05,Mexico,202,19,1890,79,1042,63,1639,77
2020-04-06,Mexico,253,15,2143,94,1150,74,1827,92
2020-04-07,Mexico,296,31,2439,125,1345,97,2072,121
2020-04-08,Mexico,346,16,2785,141,1570,112,2380,136
2020-04-09,Mexico,396,33,3181,174,1803,137,2706,169
2020-04-10,Mexico,260,20,3441,194,1931,144,2856,186
2020-04-11,Mexico,403,39,3844,233,2156,173,3127,221
2020-04-12,Mexico,375,40,4219,273,2329,194,3371,257
2020-04-13,Mexico,442,23,4661,296,2518,202,3668,276
2020-04-14,Mexico,353,36,5014,332,2575,207,3920,304
2020-04-15,Mexico,385,74,5399,406,2614,265,4184,377
2020-04-16,Mexico,448,43,5847,449,2666,275,4469,412
2020-04-17,Mexico,450,37,6297,486,2856,292,4787,436
2020-04-18,Mexico,578,60,6875,546,3031,313,5187,486
2020-04-19,Mexico,622,104,7497,650,3278,377,5607,571
2020-04-20,Mexico,764,36,8261,686,3600,390,6118,592
2020-04-21,Mexico,511,26,8772,712,3758,380,6333,587
2020-04-22,Mexico,729,145,9501,857,4102,451,6716,716
2020-04-23,Mexico,1043,113,10544,970,4697,521,7363,796
2020-04-24,Mexico,1089,99,11633,1069,5336,583,8192,875
2020-04-25,Mexico,1239,152,12872,1221,5997,675,9028,988
2020-04-26,Mexico,970,84,13842,1305,6345,655,9623,1032
2020-04-27,Mexico,835,46,14677,1351,6416,665,10016,1055
2020-04-28,Mexico,852,83,15529,1434,6757,722,10515,1102
2020-04-29,Mexico,1223,135,16752,1569,7251,712,11353,1163
2020-04-30,Mexico,1047,163,17799,1732,7255,762,11952,1283
2020-05-01,Mexico,1425,127,19224,1859,7591,790,12927,1373
2020-05-02,Mexico,1515,113,20739,1972,7867,751,13864,1426
2020-05-03,Mexico,1349,89,22088,2061,8246,756,14591,1411
2020-05-04,Mexico,1383,93,23471,2154,8794,803,15210,1468
2020-05-05,Mexico,1434,117,24905,2271,9376,837,16133,1559
2020-05-06,Mexico,1120,236,26025,2507,9273,938,16524,1650
2020-05-07,Mexico,1609,197,27634,2704,9835,972,17090,1734
2020-05-08,Mexico,1982,257,29616,2961,10392,1102,17983,1892
2020-05-09,Mexico,1906,199,31522,3160,10783,1188,18650,1939
2020-05-10,Mexico,1938,193,33460,3353,11372,1292,19618,2048
2020-05-11,Mexico,1562,112,35022,3465,11551,1311,20345,2114
2020-05-12,Mexico,1305,108,36327,3573,11422,1302,20798,2139
2020-05-13,Mexico,1997,353,38324,3926,12299,1419,21572,2357
2020-05-14,Mexico,1862,294,40186,4220,12552,1516,22387,2488
2020-05-15,Mexico,2409,257,42595,4477,12979,1516,23371,2618
2020-05-16,Mexico,2437,290,45032,4767,13510,1607,24293,2795
2020-05-17,Mexico,2112,278,47144,5045,13684,1692,25056,2984
2020-05-18,Mexico,2075,132,49219,5177,14197,1712,25748,3023
2020-05-19,Mexico,2414,155,51633,5332,15306,1759,26728,3061
2020-05-20,Mexico,2713,334,54346,5666,16022,1740,28321,3159
2020-05-21,Mexico,2248,424,56594,6090,16408,1870,28960,3386
2020-05-22,Mexico,2973,420,59567,6510,16972,2033,29951,3549
2020-05-23,Mexico,2960,479,62527,6989,17495,2222,31005,3829
2020-05-24,Mexico,3329,190,65856,7179,18712,2134,32396,3826
2020-05-25,Mexico,2764,215,68620,7394,19401,2217,33598,3929
2020-05-26,Mexico,2485,239,71105,7633,19472,2301,34778,4060
2020-05-27,Mexico,3455,501,74560,8134,20214,2468,36236,4208
2020-05-28,Mexico,3463,463,78023,8597,21429,2507,37837,4377
2020-05-29,Mexico,3377,447,81400,9044,21833,2534,38805,4567
2020-05-30,Mexico,3227,371,84627,9415,22100,2426,39595,4648
2020-05-31,Mexico,2885,364,87512,9779,21656,2600,40368,4734
2020-06-01,Mexico,3152,151,90664,9930,22044,2536,41445,4753
2020-06-02,Mexico,2771,237,93435,10167,22330,2534,41802,4835
2020-06-03,Mexico,3891,470,97326,10637,22766,2503,42980,4971
2020-06-04,Mexico,3912,1091,101238,11728,23215,3131,44644,5638
2020-06-05,Mexico,4442,817,105680,12545,24280,3501,46113,6035
2020-06-06,Mexico,4346,625,110026,13170,25399,3755,47499,6181
2020-06-07,Mexico,3593,341,113619,13511,26107,3732,47763,6332
2020-06-08,Mexico,3484,188,117103,13699,26439,3769,48483,6305
2020-06-09,Mexico,2999,354,120102,14053,26667,3886,48997,6420
2020-06-10,Mexico,4199,596,124301,14649,26975,4012,49741,6515
2020-06-11,Mexico,4883,708,129184,15357,27946,3629,51161,6760
2020-06-12,Mexico,4790,587,133974,15944,28294,3399,52574,6900
2020-06-13,Mexico,5222,504,139196,16448,29170,3278,54569,7033
2020-06-14,Mexico,3494,424,142690,16872,29071,3361,55178,7093
2020-06-15,Mexico,4147,269,146837,17141,29734,3442,56173,7211
2020-06-16,Mexico,3427,439,150264,17580,30162,3527,56829,7413
2020-06-17,Mexico,4599,730,154863,18310,30562,3661,57537,7673
2020-06-18,Mexico,4930,770,159793,19080,30609,3723,58555,7352
2020-06-19,Mexico,5662,667,165455,19747,31481,3803,59775,7202
2020-06-20,Mexico,5030,647,170485,20394,31289,3946,60459,7224
2020-06-21,Mexico,4717,387,175202,20781,32512,3909,61583,7270
2020-06-22,Mexico,5343,1044,180545,21825,33708,4684,63442,8126
2020-06-23,Mexico,4577,759,185122,22584,34858,5004,65020,8531
2020-06-24,Mexico,6288,793,191410,23377,36547,5067,67109,8728
2020-06-25,Mexico,5437,965,196847,24342,37054,5262,67663,8985
2020-06-26,Mexico,6104,718,202951,25060,37496,5313,68977,9116
2020-06-27,Mexico,5441,719,208392,25779,37907,5385,69196,9331
2020-06-28,Mexico,4410,602,212802,26381,37600,5600,70112,9509
2020-06-29,Mexico,4050,267,216852,26648,36307,4823,70015,9507
2020-06-30,Mexico,3805,473,220657,27121,35535,4537,70393,9541
2020-07-01,Mexico,5432,648,226089,27769,34679,4392,71226,9459
2020-07-02,Mexico,5681,741,231770,28510,34923,4168,71977,9430
2020-07-03,Mexico,6741,679,238511,29189,35560,4129,73056,9442
2020-07-04,Mexico,6740,654,245251,29843,36859,4064,74766,9449
2020-07-05,Mexico,6914,523,252165,30366,39363,3985,76963,9585
2020-07-06,Mexico,4683,273,256848,30639,39996,3991,76303,8814
2020-07-07,Mexico,4902,480,261750,31119,41093,3998,76628,8535
2020-07-08,Mexico,6258,895,268008,32014,41919,4245,76598,8637
2020-07-09,Mexico,6995,782,275003,32796,43233,4286,78156,8454
2020-07-10,Mexico,7280,730,282283,33526,43772,4337,79332,8466
2020-07-11,Mexico,6891,665,289174,34191,43923,4348,80782,8412
2020-07-12,Mexico,6094,539,295268,34730,43103,4364,82466,8349
2020-07-13,Mexico,4482,276,299750,35006,42902,4367,82898,8358
2020-07-14,Mexico,4685,443,304435,35449,42685,4330,83778,8328
2020-07-15,Mexico,7051,878,311486,36327,43478,4313,85397,8558
2020-07-16,Mexico,6149,579,317635,36906,42632,4110,85865,8396
2020-07-17,Mexico,6406,668,324041,37574,41758,4048,85530,8385
2020-07-18,Mexico,7257,736,331298,38310,42124,4119,86047,8467
2020-07-19,Mexico,7615,578,338913,38888,43645,4158,86748,8522
2020-07-20,Mexico,5311,296,344224,39184,44474,4178,87376,8545
2020-07-21,Mexico,5172,301,349396,39485,44961,4036,87646,8366
2020-07-22,Mexico,6859,915,356255,40400,44769,4073,88247,8386
2020-07-23,Mexico,6019,790,362274,41190,44639,4284,87271,8394
2020-07-24,Mexico,8438,718,370712,41908,46671,4334,88429,8382
2020-07-25,Mexico,7573,737,378285,42645,46987,4335,89111,8454
2020-07-26,Mexico,6751,729,385036,43374,46123,4486,89768,8644
2020-07-27,Mexico,5480,306,390516,43680,46292,4496,90766,8674
2020-07-28,Mexico,4973,342,395489,44022,46093,4537,91054,8573
2020-07-29,Mexico,7208,854,402697,44876,46442,4476,91211,8549
2020-07-30,Mexico,5752,485,408449,45361,46175,4171,90814,8455
2020-07-31,Mexico,7730,639,416179,46000,45467,4092,92138,8426
2020-08-01,Mexico,8458,688,424637,46688,46352,4043,93339,8378
2020-08-02,Mexico,9556,784,434193,47472,49157,4098,95280,8584
2020-08-03,Mexico,4853,274,439046,47746,48530,4066,94822,8562
2020-08-04,Mexico,4767,266,443813,48012,48324,3990,94417,8527
2020-08-05,Mexico,6148,857,449961,48869,47264,3993,93706,8469
2020-08-06,Mexico,6139,829,456100,49698,47651,4337,93826,8508
2020-08-07,Mexico,6590,819,462690,50517,46511,4517,91978,8609
2020-08-08,Mexico,6717,794,469407,51311,44770,4623,91122,8666
2020-08-09,Mexico,6495,695,475902,52006,41709,4534,90866,8632
2020-08-10,Mexico,4376,292,480278,52298,41232,4552,89762,8618
2020-08-11,Mexico,5558,705,485836,53003,42023,4991,90347,8981
2020-08-12,Mexico,6686,926,492522,53929,42561,5060,89825,9053
2020-08-13,Mexico,5858,737,498380,54666,42280,4968,89931,9305
2020-08-14,Mexico,7371,627,505751,55293,43061,4776,89572,9293
2020-08-15,Mexico,5618,615,511369,55908,41962,4597,86732,9220
2020-08-16,Mexico,6345,635,517714,56543,41812,4537,83521,9071
2020-08-17,Mexico,4448,214,522162,56757,41884,4459,83116,9011
2020-08-18,Mexico,3571,266,525733,57023,39897,4020,81920,9011
2020-08-19,Mexico,5506,751,531239,57774,38717,3845,81278,8905
2020-08-20,Mexico,5792,707,537031,58481,38651,3815,80931,8783
2020-08-21,Mexico,6775,625,543806,59106,38055,3813,81116,8589
2020-08-22,Mexico,5928,504,549734,59610,38365,3702,80327,8299
2020-08-23,Mexico,6482,644,556216,60254,38502,3711,80314,8248
2020-08-24,Mexico,3948,226,560164,60480,38002,3723,79886,8182
2020-08-25,Mexico,3541,320,563705,60800,37972,3777,77869,7797
2020-08-26,Mexico,4916,650,568621,61450,37382,3676,76099,7521
2020-08-27,Mexico,5267,626,573888,62076,36857,3595,75508,7410
2020-08-28,Mexico,6026,518,579914,62594,36108,3488,74163,7301
2020-08-29,Mexico,5824,552,585738,63146,36004,3536,74369,7238
2020-08-30,Mexico,5974,673,591712,63819,35496,3565,73998,7276
2020-08-31,Mexico,4129,339,595841,64158,35677,3678,73679,7401
2020-04-01,Moldova,55,2,353,4,228,3,323,4
2020-04-02,Moldova,70,1,423,5,274,4,387,4
2020-04-03,Moldova,82,1,505,6,328,5,456,5
2020-04-04,Moldova,86,2,591,8,392,6,525,7
2020-04-05,Moldova,161,4,752,12,521,10,672,11
2020-04-06,Moldova,112,3,864,15,601,13,770,14
2020-04-07,Moldova,101,4,965,19,667,17,856,18
2020-04-08,Moldova,91,3,1056,22,703,18,931,21
2020-04-09,Moldova,118,5,1174,27,751,22,1025,26
2020-04-10,Moldova,115,2,1289,29,784,23,1112,28
2020-04-11,Moldova,149,0,1438,29,847,21,1239,27
2020-04-12,Moldova,122,1,1560,30,808,18,1329,28
2020-04-13,Moldova,102,2,1662,32,798,17,1399,30
2020-04-14,Moldova,50,4,1712,36,747,17,1414,34
2020-04-15,Moldova,222,4,1934,40,878,18,1581,36
2020-04-16,Moldova,115,6,2049,46,875,19,1626,41
2020-04-17,Moldova,105,8,2154,54,865,25,1649,48
2020-04-18,Moldova,110,2,2264,56,826,27,1673,48
2020-04-19,Moldova,87,4,2351,60,791,30,1599,48
2020-04-20,Moldova,121,7,2472,67,810,35,1608,52
2020-04-21,Moldova,76,3,2548,70,836,34,1583,51
2020-04-22,Moldova,66,3,2614,73,680,33,1558,51
2020-04-23,Moldova,164,3,2778,76,729,30,1604,49
2020-04-24,Moldova,148,4,2926,80,772,26,1637,51
2020-04-25,Moldova,184,7,3110,87,846,31,1672,58
2020-04-26,Moldova,194,7,3304,94,953,34,1744,64
2020-04-27,Moldova,104,2,3408,96,936,29,1746,64
2020-04-28,Moldova,73,6,3481,102,933,32,1769,66
2020-04-29,Moldova,157,5,3638,107,1024,34,1704,67
2020-04-30,Moldova,133,4,3771,111,993,35,1722,65
2020-05-01,Moldova,126,8,3897,119,971,39,1743,65
2020-05-02,Moldova,83,3,3980,122,870,35,1716,66
2020-05-03,Moldova,72,2,4052,124,748,30,1701,64
2020-05-04,Moldova,69,1,4121,125,713,29,1649,58
2020-05-05,Moldova,127,7,4248,132,767,30,1700,62
2020-05-06,Moldova,115,4,4363,136,725,29,1749,63
2020-05-07,Moldova,113,7,4476,143,705,32,1698,67
2020-05-08,Moldova,129,2,4605,145,708,26,1679,65
2020-05-09,Moldova,123,7,4728,152,748,30,1618,65
2020-05-10,Moldova,139,9,4867,161,815,37,1563,67
2020-05-11,Moldova,60,8,4927,169,806,44,1519,73
2020-05-12,Moldova,68,6,4995,175,747,43,1514,73
2020-05-13,Moldova,159,7,5154,182,791,46,1516,75
2020-05-14,Moldova,252,3,5406,185,930,42,1635,74
2020-05-15,Moldova,147,9,5553,194,948,49,1656,75
2020-05-16,Moldova,192,3,5745,197,1017,45,1765,75
2020-05-17,Moldova,189,10,5934,207,1067,46,1882,83
2020-05-18,Moldova,126,4,6060,211,1133,42,1939,86
2020-05-19,Moldova,78,4,6138,215,1143,40,1890,83
2020-05-20,Moldova,202,6,6340,221,1186,39,1977,85
2020-05-21,Moldova,213,7,6553,228,1147,43,2077,85
2020-05-22,Moldova,151,5,6704,233,1151,39,2099,88
2020-05-23,Moldova,143,4,6847,237,1102,40,2119,85
2020-05-24,Moldova,147,5,6994,242,1060,35,2127,81
2020-05-25,Moldova,99,8,7093,250,1033,39,2166,81
2020-05-26,Moldova,54,11,7147,261,1009,46,2152,86
2020-05-27,Moldova,158,6,7305,267,965,46,2151,85
2020-05-28,Moldova,232,7,7537,274,984,46,2131,89
2020-05-29,Moldova,188,8,7725,282,1021,49,2172,88
2020-05-30,Moldova,171,6,7896,288,1049,51,2151,91
2020-05-31,Moldova,202,3,8098,291,1104,49,2164,84
2020-06-01,Moldova,153,4,8251,295,1158,45,2191,84
2020-06-02,Moldova,109,12,8360,307,1213,46,2222,92
2020-06-03,Moldova,188,0,8548,307,1243,40,2208,86
2020-06-04,Moldova,247,3,8795,310,1258,36,2242,82
2020-06-05,Moldova,223,5,9018,315,1293,33,2314,82
2020-06-06,Moldova,229,8,9247,323,1351,35,2400,86
2020-06-07,Moldova,264,8,9511,331,1413,40,2517,89
2020-06-08,Moldova,189,10,9700,341,1449,46,2607,91
2020-06-09,Moldova,107,12,9807,353,1447,46,2660,92
2020-06-10,Moldova,218,12,10025,365,1477,58,2720,98
2020-06-11,Moldova,296,6,10321,371,1526,61,2784,97
2020-06-12,Moldova,406,4,10727,375,1709,60,3002,93
2020-06-13,Moldova,366,10,11093,385,1846,62,3197,97
2020-06-14,Moldova,366,13,11459,398,1948,67,3361,107
2020-06-15,Moldova,281,8,11740,406,2040,65,3489,111
2020-06-16,Moldova,139,5,11879,411,2072,58,3519,104
2020-06-17,Moldova,375,12,12254,423,2229,58,3706,116
2020-06-18,Moldova,478,10,12732,433,2411,62,3937,123
2020-06-19,Moldova,374,11,13106,444,2379,69,4088,129
2020-06-20,Moldova,450,6,13556,450,2463,65,4309,127
2020-06-21,Moldova,397,14,13953,464,2494,66,4442,133
2020-06-22,Moldova,247,9,14200,473,2460,67,4500,132
2020-06-23,Moldova,163,7,14363,480,2484,69,4556,127
2020-06-24,Moldova,351,10,14714,490,2460,67,4689,125
2020-06-25,Moldova,364,5,15078,495,2346,62,4757,124
2020-06-26,Moldova,375,7,15453,502,2347,58,4726,127
2020-06-27,Moldova,323,13,15776,515,2220,65,4683,130
2020-06-28,Moldova,304,6,16080,521,2127,57,4621,123
2020-06-29,Moldova,170,9,16250,530,2050,57,4510,124
2020-06-30,Moldova,107,6,16357,536,1994,56,4478,125
2020-07-01,Moldova,256,9,16613,545,1899,55,4359,122
2020-07-02,Moldova,285,4,16898,549,1820,54,4166,116
2020-07-03,Moldova,252,11,17150,560,1697,58,4044,116
2020-07-04,Moldova,295,12,17445,572,1669,57,3889,122
2020-07-05,Moldova,227,8,17672,580,1592,59,3719,116
2020-07-06,Moldova,142,5,17814,585,1564,55,3614,112
2020-07-07,Moldova,92,10,17906,595,1549,59,3543,115
2020-07-08,Moldova,235,8,18141,603,1528,58,3427,113
2020-07-09,Moldova,330,11,18471,614,1573,65,3393,119
2020-07-10,Moldova,195,10,18666,624,1516,64,3213,122
2020-07-11,Moldova,258,11,18924,635,1479,63,3148,120
2020-07-12,Moldova,284,5,19208,640,1536,60,3128,119
2020-07-13,Moldova,174,2,19382,642,1568,57,3132,112
2020-07-14,Moldova,57,7,19439,649,1533,54,3082,113
2020-07-15,Moldova,269,9,19708,658,1567,55,3095,113
2020-07-16,Moldova,332,1,20040,659,1569,45,3142,110
2020-07-17,Moldova,224,7,20264,666,1598,42,3114,106
2020-07-18,Moldova,230,9,20494,675,1570,40,3049,103
2020-07-19,Moldova,300,5,20794,680,1586,40,3122,100
2020-07-20,Moldova,186,4,20980,684,1598,42,3166,99
2020-07-21,Moldova,135,11,21115,695,1676,46,3209,100
2020-07-22,Moldova,327,12,21442,707,1734,49,3301,104
2020-07-23,Moldova,356,5,21798,712,1758,53,3327,98
2020-07-24,Moldova,307,7,22105,719,1841,53,3439,95
2020-07-25,Moldova,378,7,22483,726,1989,51,3559,91
2020-07-26,Moldova,345,6,22828,732,2034,52,3620,92
2020-07-27,Moldova,206,3,23034,735,2054,51,3652,93
2020-07-28,Moldova,120,13,23154,748,2039,53,3715,99
2020-07-29,Moldova,367,5,23521,753,2079,46,3813,95
2020-07-30,Moldova,426,6,23947,759,2149,47,3907,100
2020-07-31,Moldova,0,12,23947,771,1842,52,3683,105
2020-08-01,Moldova,786,7,24733,778,2250,52,4239,103
2020-08-02,Moldova,380,10,25113,788,2285,56,4319,108
2020-08-03,Moldova,249,3,25362,791,2328,56,4382,107
2020-08-04,Moldova,120,9,25482,800,2328,52,4367,105
2020-08-05,Moldova,332,10,25814,810,2293,57,4372,103
2020-08-06,Moldova,408,13,26222,823,2275,64,4424,111
2020-08-07,Moldova,406,5,26628,828,2681,57,4523,109
2020-08-08,Moldova,362,7,26990,835,2257,57,4507,109
2020-08-09,Moldova,453,6,27443,841,2330,53,4615,109
2020-08-10,Moldova,217,4,27660,845,2298,54,4626,110
2020-08-11,Moldova,181,5,27841,850,2359,50,4687,102
2020-08-12,Moldova,382,7,28223,857,2409,47,4702,104
2020-08-13,Moldova,474,6,28697,863,2475,40,4750,104
2020-08-14,Moldova,390,15,29087,878,2459,50,5140,107
2020-08-15,Moldova,396,6,29483,884,2493,49,4750,106
2020-08-16,Moldova,422,11,29905,895,2462,54,4792,107
2020-08-17,Moldova,278,1,30183,896,2523,51,4821,105
2020-08-18,Moldova,194,12,30377,908,2536,58,4895,108
2020-08-19,Moldova,412,0,30789,908,2566,51,4975,98
2020-08-20,Moldova,626,6,31415,914,2718,51,5193,91
2020-08-21,Moldova,522,7,31937,921,2850,43,5309,93
2020-08-22,Moldova,547,8,32484,929,3001,45,5494,94
2020-08-23,Moldova,588,6,33072,935,3167,40,5629,94
2020-08-24,Moldova,406,5,33478,940,3295,44,5818,95
2020-08-25,Moldova,350,5,33828,945,3451,37,5987,95
2020-08-26,Moldova,530,15,34358,960,3569,52,6135,103
2020-08-27,Moldova,624,7,34982,967,3567,53,6285,104
2020-08-28,Moldova,564,10,35546,977,3609,56,6459,99
2020-08-29,Moldova,358,4,35904,981,3420,52,6421,97
2020-08-30,Moldova,500,9,36404,990,3332,55,6499,95
2020-08-31,Moldova,296,2,36700,992,3222,52,6517,96
2020-04-01,Monaco,1,0,37,0,14,0,28,0
2020-04-02,Monaco,3,0,40,0,17,0,31,0
2020-04-03,Monaco,3,0,43,0,17,0,31,0
2020-04-04,Monaco,4,0,47,0,15,0,29,0
2020-04-05,Monaco,1,0,48,0,15,0,30,0
2020-04-06,Monaco,3,0,51,0,16,0,31,0
2020-04-07,Monaco,1,0,52,0,16,0,30,0
2020-04-08,Monaco,2,0,54,0,17,0,31,0
2020-04-09,Monaco,0,0,54,0,14,0,31,0
2020-04-10,Monaco,3,0,57,0,14,0,31,0
2020-04-11,Monaco,6,1,63,1,16,1,31,1
2020-04-12,Monaco,0,0,63,1,15,1,30,1
2020-04-13,Monaco,1,0,64,1,13,1,29,1
2020-04-14,Monaco,0,0,64,1,12,1,28,1
2020-04-15,Monaco,0,0,64,1,10,1,27,1
2020-04-16,Monaco,0,0,64,1,10,1,24,1
2020-04-17,Monaco,0,0,64,1,7,1,21,1
2020-04-18,Monaco,1,0,65,1,2,0,18,1
2020-04-19,Monaco,0,0,65,1,2,0,17,1
2020-04-20,Monaco,0,0,65,1,1,0,14,1
2020-04-21,Monaco,0,0,65,1,1,0,13,1
2020-04-22,Monaco,0,0,65,1,1,0,11,1
2020-04-23,Monaco,0,0,65,1,1,0,11,1
2020-04-24,Monaco,0,0,65,1,1,0,8,1
2020-04-25,Monaco,0,0,65,1,0,0,2,0
2020-04-26,Monaco,0,0,65,1,0,0,2,0
2020-04-27,Monaco,0,0,65,1,0,0,1,0
2020-04-28,Monaco,1,0,66,1,1,0,2,0
2020-04-29,Monaco,0,0,66,1,1,0,2,0
2020-04-30,Monaco,0,0,66,1,1,0,2,0
2020-05-01,Monaco,0,0,66,1,1,0,2,0
2020-05-02,Monaco,0,0,66,1,1,0,1,0
2020-05-03,Monaco,0,0,66,1,1,0,1,0
2020-05-04,Monaco,0,0,66,1,1,0,1,0
2020-05-05,Monaco,0,0,66,1,0,0,1,0
2020-05-06,Monaco,0,0,66,1,0,0,1,0
2020-05-07,Monaco,0,0,66,1,0,0,1,0
2020-05-08,Monaco,0,0,66,1,0,0,1,0
2020-05-09,Monaco,0,0,66,1,0,0,1,0
2020-05-10,Monaco,0,0,66,1,0,0,1,0
2020-05-11,Monaco,0,0,66,1,0,0,1,0
2020-05-12,Monaco,0,0,66,1,0,0,0,0
2020-05-13,Monaco,0,0,66,1,0,0,0,0
2020-05-14,Monaco,0,0,66,1,0,0,0,0
2020-05-15,Monaco,0,0,66,1,0,0,0,0
2020-05-16,Monaco,0,0,66,1,0,0,0,0
2020-05-17,Monaco,0,0,66,1,0,0,0,0
2020-05-18,Monaco,0,0,66,1,0,0,0,0
2020-05-19,Monaco,1,0,67,1,1,0,1,0
2020-05-20,Monaco,0,0,67,1,1,0,1,0
2020-05-21,Monaco,0,0,67,1,1,0,1,0
2020-05-22,Monaco,0,0,67,1,1,0,1,0
2020-05-23,Monaco,0,0,67,1,1,0,1,0
2020-05-24,Monaco,0,0,67,1,1,0,1,0
2020-05-25,Monaco,0,0,67,1,1,0,1,0
2020-05-26,Monaco,0,0,67,1,0,0,1,0
2020-05-27,Monaco,0,0,67,1,0,0,1,0
2020-05-28,Monaco,0,0,67,1,0,0,1,0
2020-05-29,Monaco,0,0,67,1,0,0,1,0
2020-05-30,Monaco,0,0,67,1,0,0,1,0
2020-05-31,Monaco,0,0,67,1,0,0,1,0
2020-06-01,Monaco,0,0,67,1,0,0,1,0
2020-06-02,Monaco,0,0,67,1,0,0,0,0
2020-06-03,Monaco,0,0,67,1,0,0,0,0
2020-06-04,Monaco,0,0,67,1,0,0,0,0
2020-06-05,Monaco,0,0,67,1,0,0,0,0
2020-06-06,Monaco,0,0,67,1,0,0,0,0
2020-06-07,Monaco,0,0,67,1,0,0,0,0
2020-06-08,Monaco,0,0,67,1,0,0,0,0
2020-06-09,Monaco,0,0,67,1,0,0,0,0
2020-06-10,Monaco,0,0,67,1,0,0,0,0
2020-06-11,Monaco,0,0,67,1,0,0,0,0
2020-06-12,Monaco,0,0,67,1,0,0,0,0
2020-06-13,Monaco,0,0,67,1,0,0,0,0
2020-06-14,Monaco,0,0,67,1,0,0,0,0
2020-06-15,Monaco,0,0,67,1,0,0,0,0
2020-06-16,Monaco,0,0,67,1,0,0,0,0
2020-06-17,Monaco,0,0,67,1,0,0,0,0
2020-06-18,Monaco,0,0,67,1,0,0,0,0
2020-06-19,Monaco,0,0,67,1,0,0,0,0
2020-06-20,Monaco,0,0,67,1,0,0,0,0
2020-06-21,Monaco,0,0,67,1,0,0,0,0
2020-06-22,Monaco,1,0,68,1,1,0,1,0
2020-06-23,Monaco,0,0,68,1,1,0,1,0
2020-06-24,Monaco,0,0,68,1,1,0,1,0
2020-06-25,Monaco,1,0,69,1,2,0,2,0
2020-06-26,Monaco,0,0,69,1,2,0,2,0
2020-06-27,Monaco,0,0,69,1,2,0,2,0
2020-06-28,Monaco,1,0,70,1,3,0,3,0
2020-06-29,Monaco,0,0,70,1,2,0,3,0
2020-06-30,Monaco,0,0,70,1,2,0,3,0
2020-07-01,Monaco,0,0,70,1,2,0,3,0
2020-07-02,Monaco,0,0,70,1,1,0,3,0
2020-07-03,Monaco,3,0,73,1,4,0,6,0
2020-07-04,Monaco,0,0,73,1,4,0,6,0
2020-07-05,Monaco,0,0,73,1,3,0,6,0
2020-07-06,Monaco,2,0,75,1,5,0,7,0
2020-07-07,Monaco,0,0,75,1,5,0,7,0
2020-07-08,Monaco,0,0,75,1,5,0,7,0
2020-07-09,Monaco,0,0,75,1,5,0,6,0
2020-07-10,Monaco,0,0,75,1,2,0,6,0
2020-07-11,Monaco,0,0,75,1,2,0,6,0
2020-07-12,Monaco,1,0,76,1,3,0,6,0
2020-07-13,Monaco,0,0,76,1,1,0,6,0
2020-07-14,Monaco,0,0,76,1,1,0,6,0
2020-07-15,Monaco,0,0,76,1,1,0,6,0
2020-07-16,Monaco,0,0,76,1,1,0,6,0
2020-07-17,Monaco,0,0,76,1,1,0,3,0
2020-07-18,Monaco,0,0,76,1,1,0,3,0
2020-07-19,Monaco,0,0,76,1,0,0,3,0
2020-07-20,Monaco,0,0,76,1,0,0,1,0
2020-07-21,Monaco,0,0,76,1,0,0,1,0
2020-07-22,Monaco,2,0,78,1,2,0,3,0
2020-07-23,Monaco,1,0,79,1,3,0,4,0
2020-07-24,Monaco,1,0,80,1,4,0,5,0
2020-07-25,Monaco,1,0,81,1,5,0,6,0
2020-07-26,Monaco,0,0,81,1,5,0,5,0
2020-07-27,Monaco,0,0,81,1,5,0,5,0
2020-07-28,Monaco,0,0,81,1,5,0,5,0
2020-07-29,Monaco,1,0,82,1,4,0,6,0
2020-07-30,Monaco,2,0,84,1,5,0,8,0
2020-07-31,Monaco,0,0,84,1,4,0,8,0
2020-08-01,Monaco,0,0,84,1,3,0,8,0
2020-08-02,Monaco,0,0,84,1,3,0,8,0
2020-08-03,Monaco,0,0,84,1,3,0,8,0
2020-08-04,Monaco,1,0,85,1,4,0,9,0
2020-08-05,Monaco,2,0,87,1,5,0,9,0
2020-08-06,Monaco,3,0,90,1,6,0,11,0
2020-08-07,Monaco,1,0,91,1,7,0,11,0
2020-08-08,Monaco,2,0,93,1,9,0,12,0
2020-08-09,Monaco,1,0,94,1,10,0,13,0
2020-08-10,Monaco,0,0,94,1,10,0,13,0
2020-08-11,Monaco,0,0,94,1,9,0,13,0
2020-08-12,Monaco,1,0,95,1,8,0,13,0
2020-08-13,Monaco,2,0,97,1,7,0,13,0
2020-08-14,Monaco,2,0,99,1,8,0,15,0
2020-08-15,Monaco,0,0,99,1,6,0,15,0
2020-08-16,Monaco,0,0,99,1,5,0,15,0
2020-08-17,Monaco,0,0,99,1,5,0,15,0
2020-08-18,Monaco,1,0,100,1,6,0,15,0
2020-08-19,Monaco,0,0,100,1,5,0,13,0
2020-08-20,Monaco,0,0,100,1,3,0,10,0
2020-08-21,Monaco,2,0,102,1,3,0,11,0
2020-08-22,Monaco,4,0,106,1,7,0,13,0
2020-08-23,Monaco,2,0,108,1,9,0,14,0
2020-08-24,Monaco,3,0,111,1,12,0,17,0
2020-08-25,Monaco,4,0,115,1,15,0,21,0
2020-08-26,Monaco,6,0,121,1,21,0,26,0
2020-08-27,Monaco,1,0,122,1,22,0,25,0
2020-08-28,Monaco,3,0,125,1,23,0,26,0
2020-08-29,Monaco,0,0,125,1,19,0,26,0
2020-08-30,Monaco,5,0,130,1,22,0,31,0
2020-08-31,Monaco,1,0,131,1,20,0,32,0
2020-04-01,Mongolia,0,0,12,0,2,0,8,0
2020-04-02,Mongolia,2,0,14,0,4,0,9,0
2020-04-03,Mongolia,0,0,14,0,3,0,9,0
2020-04-04,Mongolia,0,0,14,0,3,0,8,0
2020-04-05,Mongolia,0,0,14,0,2,0,4,0
2020-04-06,Mongolia,0,0,14,0,2,0,4,0
2020-04-07,Mongolia,1,0,15,0,3,0,5,0
2020-04-08,Mongolia,0,0,15,0,3,0,5,0
2020-04-09,Mongolia,1,0,16,0,2,0,6,0
2020-04-10,Mongolia,0,0,16,0,2,0,5,0
2020-04-11,Mongolia,0,0,16,0,2,0,5,0
2020-04-12,Mongolia,0,0,16,0,2,0,4,0
2020-04-13,Mongolia,0,0,16,0,2,0,4,0
2020-04-14,Mongolia,0,0,16,0,1,0,4,0
2020-04-15,Mongolia,14,0,30,0,15,0,18,0
2020-04-16,Mongolia,0,0,30,0,14,0,16,0
2020-04-17,Mongolia,1,0,31,0,15,0,17,0
2020-04-18,Mongolia,0,0,31,0,15,0,17,0
2020-04-19,Mongolia,0,0,31,0,15,0,17,0
2020-04-20,Mongolia,1,0,32,0,16,0,18,0
2020-04-21,Mongolia,2,0,34,0,18,0,19,0
2020-04-22,Mongolia,1,0,35,0,5,0,20,0
2020-04-23,Mongolia,0,0,35,0,5,0,19,0
2020-04-24,Mongolia,1,0,36,0,5,0,20,0
2020-04-25,Mongolia,0,0,36,0,5,0,20,0
2020-04-26,Mongolia,2,0,38,0,7,0,22,0
2020-04-27,Mongolia,0,0,38,0,6,0,22,0
2020-04-28,Mongolia,0,0,38,0,4,0,22,0
2020-04-29,Mongolia,0,0,38,0,3,0,8,0
2020-04-30,Mongolia,0,0,38,0,3,0,8,0
2020-05-01,Mongolia,0,0,38,0,2,0,7,0
2020-05-02,Mongolia,1,0,39,0,3,0,8,0
2020-05-03,Mongolia,0,0,39,0,1,0,8,0
2020-05-04,Mongolia,1,0,40,0,2,0,8,0
2020-05-05,Mongolia,1,0,41,0,3,0,7,0
2020-05-06,Mongolia,0,0,41,0,3,0,6,0
2020-05-07,Mongolia,0,0,41,0,3,0,6,0
2020-05-08,Mongolia,1,0,42,0,4,0,6,0
2020-05-09,Mongolia,0,0,42,0,3,0,6,0
2020-05-10,Mongolia,0,0,42,0,3,0,4,0
2020-05-11,Mongolia,0,0,42,0,2,0,4,0
2020-05-12,Mongolia,0,0,42,0,1,0,4,0
2020-05-13,Mongolia,0,0,42,0,1,0,4,0
2020-05-14,Mongolia,19,0,61,0,20,0,23,0
2020-05-15,Mongolia,0,0,61,0,19,0,23,0
2020-05-16,Mongolia,74,0,135,0,93,0,96,0
2020-05-17,Mongolia,1,0,136,0,94,0,97,0
2020-05-18,Mongolia,4,0,140,0,98,0,100,0
2020-05-19,Mongolia,0,0,140,0,98,0,99,0
2020-05-20,Mongolia,0,0,140,0,98,0,99,0
2020-05-21,Mongolia,0,0,140,0,79,0,99,0
2020-05-22,Mongolia,1,0,141,0,80,0,99,0
2020-05-23,Mongolia,0,0,141,0,6,0,99,0
2020-05-24,Mongolia,0,0,141,0,5,0,99,0
2020-05-25,Mongolia,0,0,141,0,1,0,99,0
2020-05-26,Mongolia,0,0,141,0,1,0,99,0
2020-05-27,Mongolia,7,0,148,0,8,0,106,0
2020-05-28,Mongolia,13,0,161,0,21,0,100,0
2020-05-29,Mongolia,18,0,179,0,38,0,118,0
2020-05-30,Mongolia,0,0,179,0,38,0,44,0
2020-05-31,Mongolia,0,0,179,0,38,0,43,0
2020-06-01,Mongolia,6,0,185,0,44,0,45,0
2020-06-02,Mongolia,0,0,185,0,44,0,45,0
2020-06-03,Mongolia,0,0,185,0,37,0,45,0
2020-06-04,Mongolia,1,0,186,0,25,0,46,0
2020-06-05,Mongolia,5,0,191,0,12,0,50,0
2020-06-06,Mongolia,0,0,191,0,12,0,50,0
2020-06-07,Mongolia,2,0,193,0,14,0,52,0
2020-06-08,Mongolia,1,0,194,0,9,0,53,0
2020-06-09,Mongolia,0,0,194,0,9,0,53,0
2020-06-10,Mongolia,0,0,194,0,9,0,46,0
2020-06-11,Mongolia,0,0,194,0,8,0,33,0
2020-06-12,Mongolia,3,0,197,0,6,0,18,0
2020-06-13,Mongolia,0,0,197,0,6,0,18,0
2020-06-14,Mongolia,0,0,197,0,4,0,18,0
2020-06-15,Mongolia,0,0,197,0,3,0,12,0
2020-06-16,Mongolia,0,0,197,0,3,0,12,0
2020-06-17,Mongolia,0,0,197,0,3,0,12,0
2020-06-18,Mongolia,4,0,201,0,7,0,15,0
2020-06-19,Mongolia,3,0,204,0,7,0,13,0
2020-06-20,Mongolia,0,0,204,0,7,0,13,0
2020-06-21,Mongolia,2,0,206,0,9,0,13,0
2020-06-22,Mongolia,7,0,213,0,16,0,19,0
2020-06-23,Mongolia,2,0,215,0,18,0,21,0
2020-06-24,Mongolia,0,0,215,0,18,0,21,0
2020-06-25,Mongolia,1,0,216,0,15,0,22,0
2020-06-26,Mongolia,3,0,219,0,15,0,22,0
2020-06-27,Mongolia,0,0,219,0,15,0,22,0
2020-06-28,Mongolia,0,0,219,0,13,0,22,0
2020-06-29,Mongolia,1,0,220,0,7,0,23,0
2020-06-30,Mongolia,0,0,220,0,5,0,23,0
2020-07-01,Mongolia,0,0,220,0,5,0,23,0
2020-07-02,Mongolia,0,0,220,0,4,0,19,0
2020-07-03,Mongolia,0,0,220,0,1,0,16,0
2020-07-04,Mongolia,0,0,220,0,1,0,16,0
2020-07-05,Mongolia,0,0,220,0,1,0,14,0
2020-07-06,Mongolia,0,0,220,0,0,0,7,0
2020-07-07,Mongolia,0,0,220,0,0,0,5,0
2020-07-08,Mongolia,0,0,220,0,0,0,5,0
2020-07-09,Mongolia,7,0,227,0,7,0,11,0
2020-07-10,Mongolia,0,0,227,0,7,0,8,0
2020-07-11,Mongolia,0,0,227,0,7,0,8,0
2020-07-12,Mongolia,3,0,230,0,10,0,11,0
2020-07-13,Mongolia,0,0,230,0,10,0,10,0
2020-07-14,Mongolia,13,0,243,0,23,0,23,0
2020-07-15,Mongolia,18,0,261,0,41,0,41,0
2020-07-16,Mongolia,0,0,261,0,34,0,41,0
2020-07-17,Mongolia,1,0,262,0,35,0,42,0
2020-07-18,Mongolia,25,0,287,0,60,0,67,0
2020-07-19,Mongolia,0,0,287,0,57,0,67,0
2020-07-20,Mongolia,0,0,287,0,57,0,67,0
2020-07-21,Mongolia,0,0,287,0,44,0,67,0
2020-07-22,Mongolia,0,0,287,0,26,0,67,0
2020-07-23,Mongolia,0,0,287,0,26,0,60,0
2020-07-24,Mongolia,1,0,288,0,26,0,61,0
2020-07-25,Mongolia,0,0,288,0,1,0,61,0
2020-07-26,Mongolia,0,0,288,0,1,0,58,0
2020-07-27,Mongolia,0,0,288,0,1,0,58,0
2020-07-28,Mongolia,1,0,289,0,2,0,46,0
2020-07-29,Mongolia,2,0,291,0,4,0,30,0
2020-07-30,Mongolia,0,0,291,0,4,0,30,0
2020-07-31,Mongolia,0,0,291,0,3,0,29,0
2020-08-01,Mongolia,0,0,291,0,3,0,4,0
2020-08-02,Mongolia,2,0,293,0,5,0,6,0
2020-08-03,Mongolia,0,0,293,0,5,0,6,0
2020-08-04,Mongolia,0,0,293,0,4,0,6,0
2020-08-05,Mongolia,0,0,293,0,2,0,6,0
2020-08-06,Mongolia,0,0,293,0,2,0,6,0
2020-08-07,Mongolia,0,0,293,0,2,0,5,0
2020-08-08,Mongolia,0,0,293,0,2,0,5,0
2020-08-09,Mongolia,0,0,293,0,0,0,5,0
2020-08-10,Mongolia,0,0,293,0,0,0,5,0
2020-08-11,Mongolia,0,0,293,0,0,0,4,0
2020-08-12,Mongolia,0,0,293,0,0,0,2,0
2020-08-13,Mongolia,4,0,297,0,4,0,6,0
2020-08-14,Mongolia,0,0,297,0,4,0,6,0
2020-08-15,Mongolia,1,0,298,0,5,0,7,0
2020-08-16,Mongolia,0,0,298,0,5,0,5,0
2020-08-17,Mongolia,0,0,298,0,5,0,5,0
2020-08-18,Mongolia,0,0,298,0,5,0,5,0
2020-08-19,Mongolia,0,0,298,0,5,0,5,0
2020-08-20,Mongolia,0,0,298,0,1,0,5,0
2020-08-21,Mongolia,0,0,298,0,1,0,5,0
2020-08-22,Mongolia,0,0,298,0,0,0,5,0
2020-08-23,Mongolia,0,0,298,0,0,0,5,0
2020-08-24,Mongolia,0,0,298,0,0,0,5,0
2020-08-25,Mongolia,0,0,298,0,0,0,5,0
2020-08-26,Mongolia,2,0,300,0,2,0,7,0
2020-08-27,Mongolia,1,0,301,0,3,0,4,0
2020-08-28,Mongolia,0,0,301,0,3,0,4,0
2020-08-29,Mongolia,0,0,301,0,3,0,3,0
2020-08-30,Mongolia,0,0,301,0,3,0,3,0
2020-08-31,Mongolia,0,0,301,0,3,0,3,0
2020-04-01,Montenegro,18,0,109,1,62,1,107,1
2020-04-02,Montenegro,14,0,123,1,70,1,115,1
2020-04-03,Montenegro,21,1,144,2,77,1,131,2
2020-04-04,Montenegro,30,0,174,2,99,1,160,2
2020-04-05,Montenegro,27,0,201,2,117,1,187,2
2020-04-06,Montenegro,13,0,214,2,129,1,193,2
2020-04-07,Montenegro,19,0,233,2,142,1,206,2
2020-04-08,Montenegro,8,0,241,2,132,1,194,2
2020-04-09,Montenegro,8,0,249,2,126,1,196,2
2020-04-10,Montenegro,3,0,252,2,108,0,185,1
2020-04-11,Montenegro,5,0,257,2,83,0,182,1
2020-04-12,Montenegro,6,0,263,2,62,0,179,1
2020-04-13,Montenegro,9,1,272,3,58,1,187,2
2020-04-14,Montenegro,2,0,274,3,41,1,183,2
2020-04-15,Montenegro,9,1,283,4,42,2,174,3
2020-04-16,Montenegro,5,0,288,4,39,2,165,3
2020-04-17,Montenegro,15,0,303,4,51,2,159,2
2020-04-18,Montenegro,0,0,303,4,46,2,129,2
2020-04-19,Montenegro,4,1,307,5,44,3,106,3
2020-04-20,Montenegro,1,0,308,5,36,2,94,3
2020-04-21,Montenegro,4,0,312,5,38,2,79,3
2020-04-22,Montenegro,1,0,313,5,30,1,72,3
2020-04-23,Montenegro,2,0,315,5,27,1,66,3
2020-04-24,Montenegro,4,0,319,5,16,1,67,3
2020-04-25,Montenegro,0,1,319,6,16,2,62,4
2020-04-26,Montenegro,1,0,320,6,13,1,57,4
2020-04-27,Montenegro,1,1,321,7,13,2,49,4
2020-04-28,Montenegro,0,0,321,7,9,2,47,4
2020-04-29,Montenegro,0,0,321,7,8,2,38,3
2020-04-30,Montenegro,1,0,322,7,7,2,34,3
2020-05-01,Montenegro,0,0,322,7,3,2,19,3
2020-05-02,Montenegro,0,0,322,7,3,1,19,3
2020-05-03,Montenegro,0,0,322,7,2,1,15,2
2020-05-04,Montenegro,0,1,322,8,1,1,14,3
2020-05-05,Montenegro,1,0,323,8,2,1,11,3
2020-05-06,Montenegro,1,0,324,8,3,1,11,3
2020-05-07,Montenegro,0,0,324,8,2,1,9,3
2020-05-08,Montenegro,0,0,324,8,2,1,5,3
2020-05-09,Montenegro,0,0,324,8,2,1,5,2
2020-05-10,Montenegro,0,0,324,8,2,1,4,2
2020-05-11,Montenegro,0,1,324,9,2,1,3,2
2020-05-12,Montenegro,0,0,324,9,1,1,3,2
2020-05-13,Montenegro,0,0,324,9,0,1,3,2
2020-05-14,Montenegro,0,0,324,9,0,1,2,2
2020-05-15,Montenegro,0,0,324,9,0,1,2,2
2020-05-16,Montenegro,0,0,324,9,0,1,2,2
2020-05-17,Montenegro,0,0,324,9,0,1,2,2
2020-05-18,Montenegro,0,0,324,9,0,0,2,1
2020-05-19,Montenegro,0,0,324,9,0,0,1,1
2020-05-20,Montenegro,0,0,324,9,0,0,0,1
2020-05-21,Montenegro,0,0,324,9,0,0,0,1
2020-05-22,Montenegro,0,0,324,9,0,0,0,1
2020-05-23,Montenegro,0,0,324,9,0,0,0,1
2020-05-24,Montenegro,0,0,324,9,0,0,0,1
2020-05-25,Montenegro,0,0,324,9,0,0,0,0
2020-05-26,Montenegro,0,0,324,9,0,0,0,0
2020-05-27,Montenegro,0,0,324,9,0,0,0,0
2020-05-28,Montenegro,0,0,324,9,0,0,0,0
2020-05-29,Montenegro,0,0,324,9,0,0,0,0
2020-05-30,Montenegro,0,0,324,9,0,0,0,0
2020-05-31,Montenegro,0,0,324,9,0,0,0,0
2020-06-01,Montenegro,0,0,324,9,0,0,0,0
2020-06-02,Montenegro,0,0,324,9,0,0,0,0
2020-06-03,Montenegro,0,0,324,9,0,0,0,0
2020-06-04,Montenegro,0,0,324,9,0,0,0,0
2020-06-05,Montenegro,0,0,324,9,0,0,0,0
2020-06-06,Montenegro,0,0,324,9,0,0,0,0
2020-06-07,Montenegro,0,0,324,9,0,0,0,0
2020-06-08,Montenegro,0,0,324,9,0,0,0,0
2020-06-09,Montenegro,0,0,324,9,0,0,0,0
2020-06-10,Montenegro,0,0,324,9,0,0,0,0
2020-06-11,Montenegro,0,0,324,9,0,0,0,0
2020-06-12,Montenegro,0,0,324,9,0,0,0,0
2020-06-13,Montenegro,0,0,324,9,0,0,0,0
2020-06-14,Montenegro,0,0,324,9,0,0,0,0
2020-06-15,Montenegro,1,0,325,9,1,0,1,0
2020-06-16,Montenegro,1,0,326,9,2,0,2,0
2020-06-17,Montenegro,0,0,326,9,2,0,2,0
2020-06-18,Montenegro,7,0,333,9,9,0,9,0
2020-06-19,Montenegro,4,0,337,9,13,0,13,0
2020-06-20,Montenegro,18,0,355,9,31,0,31,0
2020-06-21,Montenegro,4,0,359,9,35,0,35,0
2020-06-22,Montenegro,3,0,362,9,37,0,38,0
2020-06-23,Montenegro,5,0,367,9,41,0,43,0
2020-06-24,Montenegro,11,0,378,9,52,0,54,0
2020-06-25,Montenegro,11,0,389,9,56,0,65,0
2020-06-26,Montenegro,25,0,414,9,77,0,90,0
2020-06-27,Montenegro,25,0,439,9,84,0,115,0
2020-06-28,Montenegro,30,0,469,9,110,0,145,0
2020-06-29,Montenegro,12,2,481,11,119,2,156,2
2020-06-30,Montenegro,20,0,501,11,134,2,175,2
2020-07-01,Montenegro,47,1,548,12,170,3,222,3
2020-07-02,Montenegro,28,0,576,12,187,3,243,3
2020-07-03,Montenegro,40,1,616,13,202,4,279,4
2020-07-04,Montenegro,47,0,663,13,224,4,308,4
2020-07-05,Montenegro,57,1,720,14,251,5,361,5
2020-07-06,Montenegro,61,0,781,14,300,3,419,5
2020-07-07,Montenegro,60,0,841,14,340,3,474,5
2020-07-08,Montenegro,66,3,907,17,359,5,529,8
2020-07-09,Montenegro,53,0,960,17,384,5,571,8
2020-07-10,Montenegro,59,2,1019,19,403,6,605,10
2020-07-11,Montenegro,58,0,1077,19,414,6,638,10
2020-07-12,Montenegro,87,4,1164,23,444,9,695,14
2020-07-13,Montenegro,57,0,1221,23,440,9,740,12
2020-07-14,Montenegro,232,1,1453,24,612,10,952,13
2020-07-15,Montenegro,69,1,1522,25,615,8,974,13
2020-07-16,Montenegro,60,0,1582,25,622,8,1006,13
2020-07-17,Montenegro,36,1,1618,26,599,7,1002,13
2020-07-18,Montenegro,0,0,1618,26,541,7,955,13
2020-07-19,Montenegro,46,2,1664,28,500,5,944,14
2020-07-20,Montenegro,107,2,1771,30,550,7,990,16
2020-07-21,Montenegro,90,2,1861,32,408,8,1020,18
2020-07-22,Montenegro,59,3,1920,35,398,10,1013,18
2020-07-23,Montenegro,17,0,1937,35,355,10,977,18
2020-07-24,Montenegro,324,4,2261,39,643,13,1242,20
2020-07-25,Montenegro,308,1,2569,40,951,14,1492,21
2020-07-26,Montenegro,0,0,2569,40,905,12,1405,17
2020-07-27,Montenegro,0,0,2569,40,798,10,1348,17
2020-07-28,Montenegro,324,3,2893,43,1032,11,1440,19
2020-07-29,Montenegro,56,2,2949,45,1029,10,1427,20
2020-07-30,Montenegro,67,2,3016,47,1079,12,1434,22
2020-07-31,Montenegro,57,1,3073,48,812,9,1455,22
2020-08-01,Montenegro,39,1,3112,49,543,9,1494,23
2020-08-02,Montenegro,86,1,3198,50,629,10,1534,22
2020-08-03,Montenegro,60,1,3258,51,689,11,1487,21
2020-08-04,Montenegro,43,1,3301,52,408,9,1440,20
2020-08-05,Montenegro,60,1,3361,53,412,8,1441,18
2020-08-06,Montenegro,50,4,3411,57,395,10,1474,22
2020-08-07,Montenegro,69,3,3480,60,407,12,1219,21
2020-08-08,Montenegro,69,1,3549,61,437,12,980,21
2020-08-09,Montenegro,39,1,3588,62,390,12,1019,22
2020-08-10,Montenegro,30,2,3618,64,360,13,1049,24
2020-08-11,Montenegro,78,4,3696,68,395,16,803,25
2020-08-12,Montenegro,52,3,3748,71,387,18,799,26
2020-08-13,Montenegro,65,2,3813,73,402,16,797,26
2020-08-14,Montenegro,44,0,3857,73,377,13,784,25
2020-08-15,Montenegro,73,0,3930,73,381,12,818,24
2020-08-16,Montenegro,30,2,3960,75,372,13,762,25
2020-08-17,Montenegro,75,2,4035,77,417,13,777,26
2020-08-18,Montenegro,50,3,4085,80,389,12,784,28
2020-08-19,Montenegro,47,0,4132,80,384,9,771,27
2020-08-20,Montenegro,42,0,4174,80,361,7,763,23
2020-08-21,Montenegro,55,1,4229,81,372,8,749,21
2020-08-22,Montenegro,48,1,4277,82,347,9,728,21
2020-08-23,Montenegro,34,2,4311,84,351,9,723,22
2020-08-24,Montenegro,32,0,4343,84,308,7,725,20
2020-08-25,Montenegro,35,0,4378,84,293,4,682,16
2020-08-26,Montenegro,66,3,4444,87,312,7,696,16
2020-08-27,Montenegro,55,1,4499,88,325,8,686,15
2020-08-28,Montenegro,59,1,4558,89,329,8,701,16
2020-08-29,Montenegro,105,3,4663,92,386,10,733,19
2020-08-30,Montenegro,64,1,4727,93,416,9,767,18
2020-08-31,Montenegro,63,5,4790,98,447,14,755,21
2020-04-01,Montserrat,0,0,0,0,4,0,0,0
2020-04-02,Montserrat,0,0,5,0,4,0,0,0
2020-04-03,Montserrat,0,0,5,0,0,0,5,0
2020-04-04,Montserrat,0,0,5,0,0,0,4,0
2020-04-05,Montserrat,1,0,6,0,1,0,5,0
2020-04-06,Montserrat,0,0,6,0,1,0,5,0
2020-04-07,Montserrat,0,0,6,0,1,0,5,0
2020-04-08,Montserrat,0,0,6,0,1,0,5,0
2020-04-09,Montserrat,3,0,9,0,4,0,8,0
2020-04-10,Montserrat,0,0,9,0,4,0,4,0
2020-04-11,Montserrat,0,0,9,0,4,0,4,0
2020-04-12,Montserrat,0,0,9,0,3,0,4,0
2020-04-13,Montserrat,2,0,11,0,5,0,6,0
2020-04-14,Montserrat,0,0,11,0,5,0,6,0
2020-04-15,Montserrat,0,0,11,0,5,0,6,0
2020-04-16,Montserrat,0,0,11,0,2,0,6,0
2020-04-17,Montserrat,0,0,11,0,2,0,6,0
2020-04-18,Montserrat,0,0,11,0,2,0,6,0
2020-04-19,Montserrat,0,0,11,0,2,0,5,0
2020-04-20,Montserrat,0,0,11,0,0,0,5,0
2020-04-21,Montserrat,0,0,11,0,0,0,5,0
2020-04-22,Montserrat,0,0,11,0,0,0,5,0
2020-04-23,Montserrat,0,0,11,0,0,0,2,0
2020-04-24,Montserrat,0,0,11,0,0,0,2,0
2020-04-25,Montserrat,0,0,11,0,0,0,2,0
2020-04-26,Montserrat,0,1,11,1,0,1,2,1
2020-04-27,Montserrat,0,0,11,1,0,1,0,1
2020-04-28,Montserrat,0,0,11,1,0,1,0,1
2020-04-29,Montserrat,0,0,11,1,0,1,0,1
2020-04-30,Montserrat,0,0,11,1,0,1,0,1
2020-05-01,Montserrat,0,0,11,1,0,1,0,1
2020-05-02,Montserrat,0,0,11,1,0,1,0,1
2020-05-03,Montserrat,0,0,11,1,0,0,0,1
2020-05-04,Montserrat,0,0,11,1,0,0,0,1
2020-05-05,Montserrat,0,0,11,1,0,0,0,1
2020-05-06,Montserrat,0,0,11,1,0,0,0,1
2020-05-07,Montserrat,0,0,11,1,0,0,0,1
2020-05-08,Montserrat,0,0,11,1,0,0,0,1
2020-05-09,Montserrat,0,0,11,1,0,0,0,1
2020-05-10,Montserrat,0,0,11,1,0,0,0,0
2020-05-11,Montserrat,0,0,11,1,0,0,0,0
2020-05-12,Montserrat,0,0,11,1,0,0,0,0
2020-05-13,Montserrat,0,0,11,1,0,0,0,0
2020-05-14,Montserrat,0,0,11,1,0,0,0,0
2020-05-15,Montserrat,0,0,11,1,0,0,0,0
2020-05-16,Montserrat,0,0,11,1,0,0,0,0
2020-05-17,Montserrat,0,0,11,1,0,0,0,0
2020-05-18,Montserrat,0,0,11,1,0,0,0,0
2020-05-19,Montserrat,0,0,11,1,0,0,0,0
2020-05-20,Montserrat,0,0,11,1,0,0,0,0
2020-05-21,Montserrat,0,0,11,1,0,0,0,0
2020-05-22,Montserrat,0,0,11,1,0,0,0,0
2020-05-23,Montserrat,0,0,11,1,0,0,0,0
2020-05-24,Montserrat,0,0,11,1,0,0,0,0
2020-05-25,Montserrat,0,0,11,1,0,0,0,0
2020-05-26,Montserrat,0,0,11,1,0,0,0,0
2020-05-27,Montserrat,0,0,11,1,0,0,0,0
2020-05-28,Montserrat,0,0,11,1,0,0,0,0
2020-05-29,Montserrat,0,0,11,1,0,0,0,0
2020-05-30,Montserrat,0,0,11,1,0,0,0,0
2020-05-31,Montserrat,0,0,11,1,0,0,0,0
2020-06-01,Montserrat,0,0,11,1,0,0,0,0
2020-06-02,Montserrat,0,0,11,1,0,0,0,0
2020-06-03,Montserrat,0,0,11,1,0,0,0,0
2020-06-04,Montserrat,0,0,11,1,0,0,0,0
2020-06-05,Montserrat,0,0,11,1,0,0,0,0
2020-06-06,Montserrat,0,0,11,1,0,0,0,0
2020-06-07,Montserrat,0,0,11,1,0,0,0,0
2020-06-08,Montserrat,0,0,11,1,0,0,0,0
2020-06-09,Montserrat,0,0,11,1,0,0,0,0
2020-06-10,Montserrat,0,0,11,1,0,0,0,0
2020-06-11,Montserrat,0,0,11,1,0,0,0,0
2020-06-12,Montserrat,0,0,11,1,0,0,0,0
2020-06-13,Montserrat,0,0,11,1,0,0,0,0
2020-06-14,Montserrat,0,0,11,1,0,0,0,0
2020-06-15,Montserrat,0,0,11,1,0,0,0,0
2020-06-16,Montserrat,0,0,11,1,0,0,0,0
2020-06-17,Montserrat,0,0,11,1,0,0,0,0
2020-06-18,Montserrat,0,0,11,1,0,0,0,0
2020-06-19,Montserrat,0,0,11,1,0,0,0,0
2020-06-20,Montserrat,0,0,11,1,0,0,0,0
2020-06-21,Montserrat,0,0,11,1,0,0,0,0
2020-06-22,Montserrat,0,0,11,1,0,0,0,0
2020-06-23,Montserrat,0,0,11,1,0,0,0,0
2020-06-24,Montserrat,0,0,11,1,0,0,0,0
2020-06-25,Montserrat,0,0,11,1,0,0,0,0
2020-06-26,Montserrat,0,0,11,1,0,0,0,0
2020-06-27,Montserrat,0,0,11,1,0,0,0,0
2020-06-28,Montserrat,0,0,11,1,0,0,0,0
2020-06-29,Montserrat,0,0,11,1,0,0,0,0
2020-06-30,Montserrat,0,0,11,1,0,0,0,0
2020-07-01,Montserrat,0,0,11,1,0,0,0,0
2020-07-02,Montserrat,0,0,11,1,0,0,0,0
2020-07-03,Montserrat,0,0,11,1,0,0,0,0
2020-07-04,Montserrat,0,0,11,1,0,0,0,0
2020-07-05,Montserrat,0,0,11,1,0,0,0,0
2020-07-06,Montserrat,0,0,11,1,0,0,0,0
2020-07-07,Montserrat,0,0,11,1,0,0,0,0
2020-07-08,Montserrat,0,0,11,1,0,0,0,0
2020-07-09,Montserrat,0,0,11,1,0,0,0,0
2020-07-10,Montserrat,0,0,11,1,0,0,0,0
2020-07-11,Montserrat,1,0,12,1,1,0,1,0
2020-07-12,Montserrat,0,0,12,1,1,0,1,0
2020-07-13,Montserrat,0,0,12,1,1,0,1,0
2020-07-14,Montserrat,0,0,12,1,1,0,1,0
2020-07-15,Montserrat,0,0,12,1,1,0,1,0
2020-07-16,Montserrat,0,0,12,1,1,0,1,0
2020-07-17,Montserrat,0,0,12,1,1,0,1,0
2020-07-18,Montserrat,0,0,12,1,0,0,1,0
2020-07-19,Montserrat,0,0,12,1,0,0,1,0
2020-07-20,Montserrat,0,0,12,1,0,0,1,0
2020-07-21,Montserrat,0,0,12,1,0,0,1,0
2020-07-22,Montserrat,0,0,12,1,0,0,1,0
2020-07-23,Montserrat,0,0,12,1,0,0,1,0
2020-07-24,Montserrat,0,0,12,1,0,0,1,0
2020-07-25,Montserrat,0,0,12,1,0,0,0,0
2020-07-26,Montserrat,1,0,13,1,1,0,1,0
2020-07-27,Montserrat,0,0,13,1,1,0,1,0
2020-07-28,Montserrat,0,0,13,1,1,0,1,0
2020-07-29,Montserrat,0,0,13,1,1,0,1,0
2020-07-30,Montserrat,0,0,13,1,1,0,1,0
2020-07-31,Montserrat,0,0,13,1,1,0,1,0
2020-08-01,Montserrat,0,0,13,1,1,0,1,0
2020-08-02,Montserrat,0,0,13,1,0,0,1,0
2020-08-03,Montserrat,0,0,13,1,0,0,1,0
2020-08-04,Montserrat,0,0,13,1,0,0,1,0
2020-08-05,Montserrat,0,0,13,1,0,0,1,0
2020-08-06,Montserrat,0,0,13,1,0,0,1,0
2020-08-07,Montserrat,0,0,13,1,0,0,1,0
2020-08-08,Montserrat,0,0,13,1,0,0,1,0
2020-08-09,Montserrat,0,0,13,1,0,0,0,0
2020-08-10,Montserrat,0,0,13,1,0,0,0,0
2020-08-11,Montserrat,0,0,13,1,0,0,0,0
2020-08-12,Montserrat,0,0,13,1,0,0,0,0
2020-08-13,Montserrat,0,0,13,1,0,0,0,0
2020-08-14,Montserrat,0,0,13,1,0,0,0,0
2020-08-15,Montserrat,0,0,13,1,0,0,0,0
2020-08-16,Montserrat,0,0,13,1,0,0,0,0
2020-08-17,Montserrat,0,0,13,1,0,0,0,0
2020-08-18,Montserrat,0,0,13,1,0,0,0,0
2020-08-19,Montserrat,0,0,13,1,0,0,0,0
2020-08-20,Montserrat,0,0,13,1,0,0,0,0
2020-08-21,Montserrat,0,0,13,1,0,0,0,0
2020-08-22,Montserrat,0,0,13,1,0,0,0,0
2020-08-23,Montserrat,0,0,13,1,0,0,0,0
2020-08-24,Montserrat,0,0,13,1,0,0,0,0
2020-08-25,Montserrat,0,0,13,1,0,0,0,0
2020-08-26,Montserrat,0,0,13,1,0,0,0,0
2020-08-27,Montserrat,0,0,13,1,0,0,0,0
2020-08-28,Montserrat,0,0,13,1,0,0,0,0
2020-08-29,Montserrat,0,0,13,1,0,0,0,0
2020-08-30,Montserrat,0,0,13,1,0,0,0,0
2020-08-31,Montserrat,0,0,13,1,0,0,0,0
2020-04-01,Morocco,61,3,617,36,447,31,573,34
2020-04-02,Morocco,37,3,654,39,429,33,600,37
2020-04-03,Morocco,54,5,708,44,433,34,645,42
2020-04-04,Morocco,0,0,708,44,363,21,622,41
2020-04-05,Morocco,211,15,919,59,561,36,823,56
2020-04-06,Morocco,102,11,1021,70,542,44,906,66
2020-04-07,Morocco,99,10,1120,80,564,47,986,76
2020-04-08,Morocco,64,10,1184,90,567,54,1014,85
2020-04-09,Morocco,91,3,1275,93,621,54,1050,87
2020-04-10,Morocco,99,4,1374,97,666,53,1099,87
2020-04-11,Morocco,74,10,1448,107,740,63,1103,84
2020-04-12,Morocco,97,4,1545,111,626,52,1187,88
2020-04-13,Morocco,116,7,1661,118,640,48,1182,92
2020-04-14,Morocco,102,8,1763,126,643,46,1207,93
2020-04-15,Morocco,125,0,1888,126,704,36,1271,90
2020-04-16,Morocco,136,1,2024,127,749,34,1370,88
2020-04-17,Morocco,259,3,2283,130,909,33,1575,86
2020-04-18,Morocco,281,5,2564,135,1116,28,1856,91
2020-04-19,Morocco,121,2,2685,137,1140,26,1766,78
2020-04-20,Morocco,170,4,2855,141,1194,23,1834,71
2020-04-21,Morocco,191,2,3046,143,1283,17,1926,63
2020-04-22,Morocco,163,2,3209,145,1321,19,2025,55
2020-04-23,Morocco,168,4,3377,149,1353,22,2102,56
2020-04-24,Morocco,191,6,3568,155,1285,25,2194,58
2020-04-25,Morocco,190,3,3758,158,1194,23,2310,51
2020-04-26,Morocco,139,1,3897,159,1212,22,2352,48
2020-04-27,Morocco,168,2,4065,161,1210,20,2404,43
2020-04-28,Morocco,55,1,4120,162,1074,19,2357,36
2020-04-29,Morocco,132,3,4252,165,1043,20,2364,39
2020-04-30,Morocco,69,3,4321,168,944,19,2297,41
2020-05-01,Morocco,102,2,4423,170,855,15,2140,40
2020-05-02,Morocco,146,1,4569,171,811,13,2005,36
2020-05-03,Morocco,160,2,4729,173,832,14,2044,36
2020-05-04,Morocco,174,1,4903,174,838,13,2048,33
2020-05-05,Morocco,140,5,5043,179,923,17,1997,36
2020-05-06,Morocco,176,2,5219,181,967,16,2010,36
2020-05-07,Morocco,189,2,5408,183,1087,15,2031,34
2020-05-08,Morocco,140,0,5548,183,1125,13,1980,28
2020-05-09,Morocco,163,3,5711,186,1142,15,1953,28
2020-05-10,Morocco,199,0,5910,186,1181,13,2013,27
2020-05-11,Morocco,153,2,6063,188,1160,14,1998,27
2020-05-12,Morocco,218,0,6281,188,1238,9,2161,26
2020-05-13,Morocco,137,0,6418,188,1199,7,2166,23
2020-05-14,Morocco,94,0,6512,188,1104,5,2191,20
2020-05-15,Morocco,95,2,6607,190,1059,7,2184,20
2020-05-16,Morocco,45,0,6652,190,941,4,2083,19
2020-05-17,Morocco,89,2,6741,192,831,6,2012,19
2020-05-18,Morocco,129,0,6870,192,807,4,1967,18
2020-05-19,Morocco,82,0,6952,192,671,4,1909,13
2020-05-20,Morocco,71,1,7023,193,605,5,1804,12
2020-05-21,Morocco,110,1,7133,194,621,6,1725,11
2020-05-22,Morocco,78,2,7211,196,604,6,1663,13
2020-05-23,Morocco,121,1,7332,197,680,7,1621,11
2020-05-24,Morocco,74,1,7406,198,665,6,1496,12
2020-05-25,Morocco,27,1,7433,199,563,7,1370,11
2020-05-26,Morocco,99,1,7532,200,580,8,1251,12
2020-05-27,Morocco,45,2,7577,202,554,9,1159,14
2020-05-28,Morocco,24,0,7601,202,468,8,1089,14
2020-05-29,Morocco,42,0,7643,202,432,6,1036,12
2020-05-30,Morocco,71,0,7714,202,382,5,1062,12
2020-05-31,Morocco,66,2,7780,204,374,6,1039,12
2020-06-01,Morocco,27,1,7807,205,374,6,937,13
2020-06-02,Morocco,26,0,7833,205,301,5,881,13
2020-06-03,Morocco,33,1,7866,206,289,4,843,13
2020-06-04,Morocco,56,0,7922,206,321,4,789,12
2020-06-05,Morocco,81,2,8003,208,360,6,792,12
2020-06-06,Morocco,68,0,8071,208,357,6,739,11
2020-06-07,Morocco,61,0,8132,208,352,4,726,10
2020-06-08,Morocco,92,0,8224,208,417,3,791,9
2020-06-09,Morocco,78,0,8302,208,469,3,770,8
2020-06-10,Morocco,135,2,8437,210,571,4,860,8
2020-06-11,Morocco,18,0,8455,210,533,4,854,8
2020-06-12,Morocco,82,1,8537,211,534,3,894,9
2020-06-13,Morocco,73,1,8610,212,539,4,896,10
2020-06-14,Morocco,82,0,8692,212,560,4,912,8
2020-06-15,Morocco,42,0,8734,212,510,4,927,7
2020-06-16,Morocco,104,0,8838,212,536,4,1005,7
2020-06-17,Morocco,83,0,8921,212,484,2,1055,6
2020-06-18,Morocco,76,1,8997,213,542,3,1075,7
2020-06-19,Morocco,77,0,9074,213,537,2,1071,5
2020-06-20,Morocco,539,0,9613,213,1003,1,1542,5
2020-06-21,Morocco,188,0,9801,213,1109,1,1669,5
2020-06-22,Morocco,176,1,9977,214,1243,2,1753,6
2020-06-23,Morocco,195,0,10172,214,1334,2,1870,6
2020-06-24,Morocco,92,0,10264,214,1343,2,1827,4
2020-06-25,Morocco,643,2,10907,216,1910,3,2452,6
2020-06-26,Morocco,431,1,11338,217,2264,4,2801,6
2020-06-27,Morocco,295,1,11633,218,2020,5,3023,6
2020-06-28,Morocco,244,2,11877,220,2076,7,3185,8
2020-06-29,Morocco,175,1,12052,221,2075,7,3318,9
2020-06-30,Morocco,238,4,12290,225,2118,11,3452,13
2020-07-01,Morocco,243,3,12533,228,2269,14,3612,16
2020-07-02,Morocco,103,0,12636,228,1729,12,3639,15
2020-07-03,Morocco,333,1,12969,229,1631,12,3895,16
2020-07-04,Morocco,319,1,13288,230,1655,12,3675,17
2020-07-05,Morocco,534,2,13822,232,1945,12,4021,19
2020-07-06,Morocco,393,3,14215,235,2163,14,4238,21
2020-07-07,Morocco,114,0,14329,235,2039,10,4157,21
2020-07-08,Morocco,0,0,14329,235,1796,7,4065,21
2020-07-09,Morocco,442,7,14771,242,2135,14,3864,26
2020-07-10,Morocco,178,0,14949,242,1980,13,3611,25
2020-07-11,Morocco,379,1,15328,243,2040,13,3695,25
2020-07-12,Morocco,214,2,15542,245,1720,13,3665,25
2020-07-13,Morocco,203,5,15745,250,1530,15,3693,29
2020-07-14,Morocco,191,5,15936,255,1607,20,3646,30
2020-07-15,Morocco,161,2,16097,257,1768,22,3564,29
2020-07-16,Morocco,165,2,16262,259,1491,17,3626,31
2020-07-17,Morocco,162,1,16424,260,1475,18,3455,31
2020-07-18,Morocco,302,4,16726,264,1398,21,3438,34
2020-07-19,Morocco,289,5,17015,269,1473,24,3193,37
2020-07-20,Morocco,221,4,17236,273,1491,23,3021,38
2020-07-21,Morocco,326,3,17562,276,1626,21,3233,41
2020-07-22,Morocco,180,4,17742,280,1645,23,3413,45
2020-07-23,Morocco,220,5,17962,285,1700,26,3191,43
2020-07-24,Morocco,302,7,18264,292,1840,32,3315,50
2020-07-25,Morocco,570,7,18834,299,2108,35,3506,56
2020-07-26,Morocco,811,6,19645,305,2630,36,4103,60
2020-07-27,Morocco,633,8,20278,313,3042,40,4533,63
2020-07-28,Morocco,609,3,20887,316,3325,40,4951,61
2020-07-29,Morocco,500,11,21387,327,3645,47,5290,70
2020-07-30,Morocco,826,7,22213,334,4251,49,5951,75
2020-07-31,Morocco,1046,12,23259,346,4995,54,6835,86
2020-08-01,Morocco,1063,7,24322,353,5488,54,7596,89
2020-08-02,Morocco,693,14,25015,367,5370,62,8000,98
2020-08-03,Morocco,522,15,25537,382,5259,69,8301,109
2020-08-04,Morocco,659,19,26196,401,5309,85,8634,125
2020-08-05,Morocco,1021,16,27217,417,5830,90,9475,137
2020-08-06,Morocco,1283,18,28500,435,6287,101,10538,150
2020-08-07,Morocco,1144,14,29644,449,6385,103,11380,157
2020-08-08,Morocco,1018,12,30662,461,6340,108,11828,162
2020-08-09,Morocco,1345,19,32007,480,6992,113,12362,175
2020-08-10,Morocco,1230,18,33237,498,7700,116,12959,185
2020-08-11,Morocco,826,18,34063,516,7867,115,13176,200
2020-08-12,Morocco,1132,17,35195,533,7978,116,13808,206
2020-08-13,Morocco,1499,23,36694,556,8194,121,14481,222
2020-08-14,Morocco,1241,28,37935,584,8291,135,14676,238
2020-08-15,Morocco,1306,27,39241,611,8579,150,14919,258
2020-08-16,Morocco,1776,21,41017,632,9010,152,16002,265
2020-08-17,Morocco,1472,26,42489,658,9252,160,16952,276
2020-08-18,Morocco,1069,0,43558,658,9495,142,17362,257
2020-08-19,Morocco,0,23,43558,681,8363,148,16341,264
2020-08-20,Morocco,2755,62,46313,743,9619,187,17813,308
2020-08-21,Morocco,1325,32,47638,775,9703,191,17994,326
2020-08-22,Morocco,1609,42,49247,817,10006,206,18585,356
2020-08-23,Morocco,1565,41,50812,858,9795,226,18805,378
2020-08-24,Morocco,0,0,50812,858,8323,200,17575,360
2020-08-25,Morocco,2440,62,53252,920,9694,262,19189,404
2020-08-26,Morocco,1276,35,54528,955,10970,274,19333,422
2020-08-27,Morocco,1336,29,55864,984,9551,241,19170,428
2020-08-28,Morocco,1221,27,57085,1011,9447,236,19150,427
2020-08-29,Morocco,1404,41,58489,1052,9242,235,19248,441
2020-08-30,Morocco,1567,26,60056,1078,9244,220,19039,446
2020-08-31,Morocco,1343,33,61399,1111,10587,253,18910,453
2020-04-01,Mozambique,0,0,8,0,7,0,0,0
2020-04-02,Mozambique,2,0,10,0,5,0,0,0
2020-04-03,Mozambique,0,0,10,0,3,0,0,0
2020-04-04,Mozambique,0,0,10,0,3,0,0,0
2020-04-05,Mozambique,0,0,10,0,2,0,10,0
2020-04-06,Mozambique,0,0,10,0,2,0,9,0
2020-04-07,Mozambique,0,0,10,0,2,0,9,0
2020-04-08,Mozambique,0,0,10,0,2,0,9,0
2020-04-09,Mozambique,7,0,17,0,7,0,12,0
2020-04-10,Mozambique,0,0,17,0,7,0,10,0
2020-04-11,Mozambique,3,0,20,0,10,0,13,0
2020-04-12,Mozambique,0,0,20,0,10,0,12,0
2020-04-13,Mozambique,1,0,21,0,11,0,13,0
2020-04-14,Mozambique,6,0,27,0,17,0,19,0
2020-04-15,Mozambique,1,0,28,0,18,0,20,0
2020-04-16,Mozambique,1,0,29,0,12,0,19,0
2020-04-17,Mozambique,2,0,31,0,14,0,21,0
2020-04-18,Mozambique,3,0,34,0,14,0,24,0
2020-04-19,Mozambique,1,0,35,0,15,0,25,0
2020-04-20,Mozambique,4,0,39,0,18,0,29,0
2020-04-21,Mozambique,0,0,39,0,12,0,29,0
2020-04-22,Mozambique,0,0,39,0,11,0,29,0
2020-04-23,Mozambique,2,0,41,0,12,0,24,0
2020-04-24,Mozambique,5,0,46,0,15,0,29,0
2020-04-25,Mozambique,19,0,65,0,31,0,45,0
2020-04-26,Mozambique,5,0,70,0,35,0,50,0
2020-04-27,Mozambique,6,0,76,0,37,0,55,0
2020-04-28,Mozambique,0,0,76,0,37,0,49,0
2020-04-29,Mozambique,0,0,76,0,37,0,48,0
2020-04-30,Mozambique,0,0,76,0,35,0,47,0
2020-05-01,Mozambique,0,0,76,0,30,0,45,0
2020-05-02,Mozambique,3,0,79,0,14,0,45,0
2020-05-03,Mozambique,0,0,79,0,9,0,44,0
2020-05-04,Mozambique,1,0,80,0,4,0,41,0
2020-05-05,Mozambique,0,0,80,0,4,0,41,0
2020-05-06,Mozambique,1,0,81,0,5,0,42,0
2020-05-07,Mozambique,0,0,81,0,5,0,40,0
2020-05-08,Mozambique,0,0,81,0,5,0,35,0
2020-05-09,Mozambique,1,0,82,0,3,0,17,0
2020-05-10,Mozambique,5,0,87,0,8,0,17,0
2020-05-11,Mozambique,4,0,91,0,11,0,15,0
2020-05-12,Mozambique,12,0,103,0,23,0,27,0
2020-05-13,Mozambique,1,0,104,0,23,0,28,0
2020-05-14,Mozambique,3,0,107,0,26,0,31,0
2020-05-15,Mozambique,8,0,115,0,34,0,39,0
2020-05-16,Mozambique,4,0,119,0,37,0,40,0
2020-05-17,Mozambique,10,0,129,0,42,0,50,0
2020-05-18,Mozambique,8,0,137,0,46,0,57,0
2020-05-19,Mozambique,8,0,145,0,42,0,65,0
2020-05-20,Mozambique,1,0,146,0,42,0,65,0
2020-05-21,Mozambique,10,0,156,0,49,0,75,0
2020-05-22,Mozambique,6,0,162,0,47,0,81,0
2020-05-23,Mozambique,2,0,164,0,45,0,82,0
2020-05-24,Mozambique,4,0,168,0,39,0,81,0
2020-05-25,Mozambique,26,0,194,0,57,0,103,0
2020-05-26,Mozambique,15,1,209,1,64,1,106,1
2020-05-27,Mozambique,4,0,213,1,67,1,109,1
2020-05-28,Mozambique,14,0,227,1,71,1,120,1
2020-05-29,Mozambique,6,1,233,2,71,2,118,2
2020-05-30,Mozambique,1,0,234,2,70,2,115,2
2020-05-31,Mozambique,10,0,244,2,76,2,115,2
2020-06-01,Mozambique,10,0,254,2,60,2,117,2
2020-06-02,Mozambique,0,0,254,2,45,1,109,2
2020-06-03,Mozambique,53,0,307,2,94,1,161,2
2020-06-04,Mozambique,9,0,316,2,89,1,160,2
2020-06-05,Mozambique,36,0,352,2,119,0,190,2
2020-06-06,Mozambique,2,0,354,2,120,0,190,2
2020-06-07,Mozambique,57,0,411,2,167,0,243,2
2020-06-08,Mozambique,15,0,426,2,172,0,232,2
2020-06-09,Mozambique,7,0,433,2,179,0,224,1
2020-06-10,Mozambique,20,0,453,2,146,0,240,1
2020-06-11,Mozambique,19,0,472,2,156,0,245,1
2020-06-12,Mozambique,17,0,489,2,137,0,256,0
2020-06-13,Mozambique,20,0,509,2,155,0,275,0
2020-06-14,Mozambique,44,0,553,2,142,0,309,0
2020-06-15,Mozambique,30,1,583,3,157,1,329,1
2020-06-16,Mozambique,26,0,609,3,176,1,355,1
2020-06-17,Mozambique,29,1,638,4,185,2,331,2
2020-06-18,Mozambique,13,0,651,4,179,2,335,2
2020-06-19,Mozambique,11,0,662,4,173,2,310,2
2020-06-20,Mozambique,6,0,668,4,159,2,314,2
2020-06-21,Mozambique,20,0,688,4,135,2,277,2
2020-06-22,Mozambique,45,1,733,5,150,2,307,3
2020-06-23,Mozambique,4,0,737,5,128,2,304,3
2020-06-24,Mozambique,20,0,757,5,119,1,304,3
2020-06-25,Mozambique,5,0,762,5,111,1,290,3
2020-06-26,Mozambique,26,0,788,5,126,1,299,3
2020-06-27,Mozambique,28,0,816,5,148,1,307,3
2020-06-28,Mozambique,23,0,839,5,151,1,286,3
2020-06-29,Mozambique,20,0,859,5,126,0,276,2
2020-06-30,Mozambique,24,1,883,6,146,1,274,3
2020-07-01,Mozambique,6,0,889,6,132,1,251,2
2020-07-02,Mozambique,14,0,903,6,141,1,252,2
2020-07-03,Mozambique,15,0,918,6,130,1,256,2
2020-07-04,Mozambique,21,0,939,6,123,1,271,2
2020-07-05,Mozambique,30,1,969,7,130,2,281,3
2020-07-06,Mozambique,18,1,987,8,128,3,254,3
2020-07-07,Mozambique,25,0,1012,8,129,2,275,3
2020-07-08,Mozambique,28,0,1040,8,151,2,283,3
2020-07-09,Mozambique,31,0,1071,8,168,2,309,3
2020-07-10,Mozambique,21,1,1092,9,174,3,304,4
2020-07-11,Mozambique,19,0,1111,9,172,3,295,4
2020-07-12,Mozambique,24,0,1135,9,166,2,296,4
2020-07-13,Mozambique,22,0,1157,9,170,1,298,4
2020-07-14,Mozambique,62,0,1219,9,207,1,336,3
2020-07-15,Mozambique,49,0,1268,9,228,1,379,3
2020-07-16,Mozambique,62,0,1330,9,259,1,427,3
2020-07-17,Mozambique,53,0,1383,9,291,0,465,3
2020-07-18,Mozambique,19,0,1402,9,291,0,463,3
2020-07-19,Mozambique,33,1,1435,10,300,1,466,3
2020-07-20,Mozambique,56,0,1491,10,334,1,504,2
2020-07-21,Mozambique,16,1,1507,11,288,2,495,3
2020-07-22,Mozambique,29,0,1536,11,268,2,496,3
2020-07-23,Mozambique,21,0,1557,11,227,2,486,3
2020-07-24,Mozambique,25,0,1582,11,199,2,490,2
2020-07-25,Mozambique,8,0,1590,11,188,2,479,2
2020-07-26,Mozambique,26,0,1616,11,181,1,481,2
2020-07-27,Mozambique,53,0,1669,11,178,1,512,2
2020-07-28,Mozambique,32,0,1701,11,194,0,482,2
2020-07-29,Mozambique,19,0,1720,11,184,0,452,2
2020-07-30,Mozambique,28,0,1748,11,191,0,418,2
2020-07-31,Mozambique,60,0,1808,11,226,0,425,2
2020-08-01,Mozambique,56,0,1864,11,274,0,462,2
2020-08-02,Mozambique,43,0,1907,11,291,0,472,1
2020-08-03,Mozambique,39,2,1946,13,277,2,455,3
2020-08-04,Mozambique,27,1,1973,14,272,3,466,3
2020-08-05,Mozambique,56,1,2029,15,309,4,493,4
2020-08-06,Mozambique,50,0,2079,15,331,4,522,4
2020-08-07,Mozambique,41,0,2120,15,312,4,538,4
2020-08-08,Mozambique,93,0,2213,15,349,4,623,4
2020-08-09,Mozambique,28,1,2241,16,334,5,625,5
2020-08-10,Mozambique,28,0,2269,16,323,3,600,5
2020-08-11,Mozambique,142,0,2411,16,438,2,710,5
2020-08-12,Mozambique,70,1,2481,17,452,2,761,6
2020-08-13,Mozambique,78,2,2559,19,480,4,811,8
2020-08-14,Mozambique,79,0,2638,19,518,4,830,8
2020-08-15,Mozambique,70,0,2708,19,495,4,844,8
2020-08-16,Mozambique,83,0,2791,19,550,3,884,8
2020-08-17,Mozambique,64,0,2855,19,586,3,909,6
2020-08-18,Mozambique,59,0,2914,19,503,3,941,5
2020-08-19,Mozambique,0,0,2914,19,433,2,885,4
2020-08-20,Mozambique,131,0,3045,19,486,0,966,4
2020-08-21,Mozambique,70,1,3115,20,477,1,995,5
2020-08-22,Mozambique,80,0,3195,20,487,1,982,5
2020-08-23,Mozambique,109,0,3304,20,513,1,1063,4
2020-08-24,Mozambique,91,0,3395,20,540,1,1126,4
2020-08-25,Mozambique,45,1,3440,21,526,2,1029,5
2020-08-26,Mozambique,68,0,3508,21,594,2,1027,4
2020-08-27,Mozambique,82,0,3590,21,545,2,1031,2
2020-08-28,Mozambique,61,0,3651,21,536,1,1013,2
2020-08-29,Mozambique,46,0,3697,21,502,1,989,2
2020-08-30,Mozambique,63,1,3760,22,456,2,969,3
2020-08-31,Mozambique,61,1,3821,23,426,3,966,4
2020-04-01,Myanmar,1,1,15,1,12,1,15,1
2020-04-02,Myanmar,1,0,16,1,13,1,16,1
2020-04-03,Myanmar,4,0,20,1,15,1,20,1
2020-04-04,Myanmar,0,0,20,1,15,1,20,1
2020-04-05,Myanmar,1,0,21,1,13,1,21,1
2020-04-06,Myanmar,0,0,21,1,13,1,21,1
2020-04-07,Myanmar,1,0,22,1,8,1,20,1
2020-04-08,Myanmar,0,0,22,1,7,0,19,1
2020-04-09,Myanmar,0,2,22,3,6,2,19,3
2020-04-10,Myanmar,5,0,27,3,7,2,22,3
2020-04-11,Myanmar,1,0,28,3,8,2,23,3
2020-04-12,Myanmar,3,0,31,3,10,2,23,3
2020-04-13,Myanmar,10,1,41,4,20,3,33,4
2020-04-14,Myanmar,21,0,62,4,40,3,48,4
2020-04-15,Myanmar,12,0,74,4,52,3,59,3
2020-04-16,Myanmar,0,0,74,4,52,1,58,3
2020-04-17,Myanmar,11,0,85,4,58,1,65,3
2020-04-18,Myanmar,9,1,94,5,66,2,74,4
2020-04-19,Myanmar,13,0,107,5,76,2,86,4
2020-04-20,Myanmar,4,0,111,5,70,1,90,4
2020-04-21,Myanmar,8,0,119,5,57,1,97,4
2020-04-22,Myanmar,2,0,121,5,47,1,99,4
2020-04-23,Myanmar,6,0,127,5,53,1,105,2
2020-04-24,Myanmar,5,0,132,5,47,1,105,2
2020-04-25,Myanmar,12,0,144,5,50,0,116,2
2020-04-26,Myanmar,2,0,146,5,39,0,115,2
2020-04-27,Myanmar,0,0,146,5,35,0,105,1
2020-04-28,Myanmar,0,0,146,5,27,0,84,1
2020-04-29,Myanmar,4,0,150,5,29,0,76,1
2020-04-30,Myanmar,0,1,150,6,23,1,76,2
2020-05-01,Myanmar,1,0,151,6,19,1,66,2
2020-05-02,Myanmar,0,0,151,6,7,1,57,1
2020-05-03,Myanmar,0,0,151,6,5,1,44,1
2020-05-04,Myanmar,4,0,155,6,9,1,44,1
2020-05-05,Myanmar,6,0,161,6,15,1,42,1
2020-05-06,Myanmar,0,0,161,6,11,1,40,1
2020-05-07,Myanmar,1,0,162,6,12,0,35,1
2020-05-08,Myanmar,14,0,176,6,25,0,44,1
2020-05-09,Myanmar,1,0,177,6,26,0,33,1
2020-05-10,Myanmar,1,0,178,6,27,0,32,1
2020-05-11,Myanmar,2,0,180,6,25,0,34,1
2020-05-12,Myanmar,0,0,180,6,19,0,34,1
2020-05-13,Myanmar,0,0,180,6,19,0,30,1
2020-05-14,Myanmar,1,0,181,6,19,0,31,0
2020-05-15,Myanmar,0,0,181,6,5,0,30,0
2020-05-16,Myanmar,1,0,182,6,5,0,31,0
2020-05-17,Myanmar,0,0,182,6,4,0,31,0
2020-05-18,Myanmar,5,0,187,6,7,0,32,0
2020-05-19,Myanmar,4,0,191,6,11,0,30,0
2020-05-20,Myanmar,2,0,193,6,13,0,32,0
2020-05-21,Myanmar,6,0,199,6,18,0,37,0
2020-05-22,Myanmar,0,0,199,6,18,0,23,0
2020-05-23,Myanmar,2,0,201,6,19,0,24,0
2020-05-24,Myanmar,0,0,201,6,19,0,23,0
2020-05-25,Myanmar,0,0,201,6,14,0,21,0
2020-05-26,Myanmar,2,0,203,6,12,0,23,0
2020-05-27,Myanmar,3,0,206,6,13,0,26,0
2020-05-28,Myanmar,0,0,206,6,7,0,25,0
2020-05-29,Myanmar,0,0,206,6,7,0,25,0
2020-05-30,Myanmar,18,0,224,6,23,0,42,0
2020-05-31,Myanmar,0,0,224,6,23,0,42,0
2020-06-01,Myanmar,4,0,228,6,27,0,41,0
2020-06-02,Myanmar,0,0,228,6,25,0,37,0
2020-06-03,Myanmar,5,0,233,6,27,0,40,0
2020-06-04,Myanmar,1,0,234,6,28,0,35,0
2020-06-05,Myanmar,2,0,236,6,30,0,37,0
2020-06-06,Myanmar,0,0,236,6,12,0,35,0
2020-06-07,Myanmar,4,0,240,6,16,0,39,0
2020-06-08,Myanmar,3,0,243,6,15,0,42,0
2020-06-09,Myanmar,1,0,244,6,16,0,41,0
2020-06-10,Myanmar,2,0,246,6,13,0,40,0
2020-06-11,Myanmar,3,0,249,6,15,0,43,0
2020-06-12,Myanmar,12,0,261,6,25,0,55,0
2020-06-13,Myanmar,0,0,261,6,25,0,37,0
2020-06-14,Myanmar,0,0,261,6,21,0,37,0
2020-06-15,Myanmar,1,0,262,6,19,0,34,0
2020-06-16,Myanmar,0,0,262,6,18,0,34,0
2020-06-17,Myanmar,0,0,262,6,16,0,29,0
2020-06-18,Myanmar,1,0,263,6,14,0,29,0
2020-06-19,Myanmar,23,0,286,6,25,0,50,0
2020-06-20,Myanmar,0,0,286,6,25,0,50,0
2020-06-21,Myanmar,1,0,287,6,26,0,47,0
2020-06-22,Myanmar,3,0,290,6,28,0,47,0
2020-06-23,Myanmar,1,0,291,6,29,0,47,0
2020-06-24,Myanmar,1,0,292,6,30,0,46,0
2020-06-25,Myanmar,1,0,293,6,30,0,44,0
2020-06-26,Myanmar,0,0,293,6,7,0,32,0
2020-06-27,Myanmar,0,0,293,6,7,0,32,0
2020-06-28,Myanmar,3,0,296,6,9,0,35,0
2020-06-29,Myanmar,3,0,299,6,9,0,37,0
2020-06-30,Myanmar,0,0,299,6,8,0,37,0
2020-07-01,Myanmar,0,0,299,6,7,0,37,0
2020-07-02,Myanmar,5,0,304,6,11,0,41,0
2020-07-03,Myanmar,0,0,304,6,11,0,18,0
2020-07-04,Myanmar,2,0,306,6,13,0,20,0
2020-07-05,Myanmar,7,0,313,6,17,0,26,0
2020-07-06,Myanmar,0,0,313,6,14,0,23,0
2020-07-07,Myanmar,3,0,316,6,17,0,25,0
2020-07-08,Myanmar,0,0,316,6,17,0,24,0
2020-07-09,Myanmar,2,0,318,6,14,0,25,0
2020-07-10,Myanmar,3,0,321,6,17,0,28,0
2020-07-11,Myanmar,5,0,326,6,20,0,33,0
2020-07-12,Myanmar,4,0,330,6,17,0,34,0
2020-07-13,Myanmar,1,0,331,6,18,0,32,0
2020-07-14,Myanmar,5,0,336,6,20,0,37,0
2020-07-15,Myanmar,1,0,337,6,21,0,38,0
2020-07-16,Myanmar,0,0,337,6,19,0,33,0
2020-07-17,Myanmar,2,0,339,6,18,0,35,0
2020-07-18,Myanmar,0,0,339,6,13,0,33,0
2020-07-19,Myanmar,2,0,341,6,11,0,28,0
2020-07-20,Myanmar,0,0,341,6,10,0,28,0
2020-07-21,Myanmar,0,0,341,6,5,0,25,0
2020-07-22,Myanmar,0,0,341,6,4,0,25,0
2020-07-23,Myanmar,2,0,343,6,6,0,25,0
2020-07-24,Myanmar,0,0,343,6,4,0,22,0
2020-07-25,Myanmar,3,0,346,6,7,0,20,0
2020-07-26,Myanmar,3,0,349,6,8,0,19,0
2020-07-27,Myanmar,1,0,350,6,9,0,19,0
2020-07-28,Myanmar,0,0,350,6,9,0,14,0
2020-07-29,Myanmar,1,0,351,6,10,0,14,0
2020-07-30,Myanmar,2,0,353,6,10,0,16,0
2020-07-31,Myanmar,0,0,353,6,10,0,14,0
2020-08-01,Myanmar,0,0,353,6,7,0,14,0
2020-08-02,Myanmar,0,0,353,6,4,0,12,0
2020-08-03,Myanmar,0,0,353,6,3,0,12,0
2020-08-04,Myanmar,2,0,355,6,5,0,14,0
2020-08-05,Myanmar,1,0,356,6,5,0,15,0
2020-08-06,Myanmar,1,0,357,6,4,0,14,0
2020-08-07,Myanmar,2,0,359,6,6,0,16,0
2020-08-08,Myanmar,0,0,359,6,6,0,13,0
2020-08-09,Myanmar,0,0,359,6,6,0,10,0
2020-08-10,Myanmar,1,0,360,6,7,0,10,0
2020-08-11,Myanmar,0,0,360,6,5,0,10,0
2020-08-12,Myanmar,0,0,360,6,4,0,9,0
2020-08-13,Myanmar,1,0,361,6,4,0,8,0
2020-08-14,Myanmar,8,0,369,6,10,0,16,0
2020-08-15,Myanmar,5,0,374,6,15,0,21,0
2020-08-16,Myanmar,0,0,374,6,15,0,21,0
2020-08-17,Myanmar,1,0,375,6,15,0,22,0
2020-08-18,Myanmar,1,0,376,6,16,0,21,0
2020-08-19,Myanmar,3,0,379,6,19,0,23,0
2020-08-20,Myanmar,17,0,396,6,35,0,39,0
2020-08-21,Myanmar,13,0,409,6,40,0,50,0
2020-08-22,Myanmar,26,0,435,6,61,0,76,0
2020-08-23,Myanmar,9,0,444,6,70,0,85,0
2020-08-24,Myanmar,19,0,463,6,88,0,103,0
2020-08-25,Myanmar,11,0,474,6,98,0,114,0
2020-08-26,Myanmar,30,0,504,6,125,0,144,0
2020-08-27,Myanmar,82,0,586,6,190,0,225,0
2020-08-28,Myanmar,42,0,628,6,219,0,259,0
2020-08-29,Myanmar,28,0,656,6,221,0,282,0
2020-08-30,Myanmar,93,0,749,6,305,0,375,0
2020-08-31,Myanmar,38,0,787,6,324,0,412,0
2020-04-01,Namibia,0,0,11,0,8,0,9,0
2020-04-02,Namibia,2,0,13,0,9,0,11,0
2020-04-03,Namibia,0,0,13,0,5,0,11,0
2020-04-04,Namibia,1,0,14,0,6,0,11,0
2020-04-05,Namibia,0,0,14,0,6,0,11,0
2020-04-06,Namibia,2,0,16,0,5,0,13,0
2020-04-07,Namibia,0,0,16,0,5,0,13,0
2020-04-08,Namibia,0,0,16,0,5,0,13,0
2020-04-09,Namibia,0,0,16,0,3,0,12,0
2020-04-10,Namibia,0,0,16,0,3,0,8,0
2020-04-11,Namibia,0,0,16,0,2,0,8,0
2020-04-12,Namibia,0,0,16,0,2,0,8,0
2020-04-13,Namibia,0,0,16,0,0,0,5,0
2020-04-14,Namibia,0,0,16,0,0,0,5,0
2020-04-15,Namibia,0,0,16,0,0,0,5,0
2020-04-16,Namibia,0,0,16,0,0,0,3,0
2020-04-17,Namibia,0,0,16,0,0,0,3,0
2020-04-18,Namibia,0,0,16,0,0,0,2,0
2020-04-19,Namibia,0,0,16,0,0,0,2,0
2020-04-20,Namibia,0,0,16,0,0,0,0,0
2020-04-21,Namibia,0,0,16,0,0,0,0,0
2020-04-22,Namibia,0,0,16,0,0,0,0,0
2020-04-23,Namibia,0,0,16,0,0,0,0,0
2020-04-24,Namibia,0,0,16,0,0,0,0,0
2020-04-25,Namibia,0,0,16,0,0,0,0,0
2020-04-26,Namibia,0,0,16,0,0,0,0,0
2020-04-27,Namibia,0,0,16,0,0,0,0,0
2020-04-28,Namibia,0,0,16,0,0,0,0,0
2020-04-29,Namibia,0,0,16,0,0,0,0,0
2020-04-30,Namibia,0,0,16,0,0,0,0,0
2020-05-01,Namibia,0,0,16,0,0,0,0,0
2020-05-02,Namibia,0,0,16,0,0,0,0,0
2020-05-03,Namibia,0,0,16,0,0,0,0,0
2020-05-04,Namibia,0,0,16,0,0,0,0,0
2020-05-05,Namibia,0,0,16,0,0,0,0,0
2020-05-06,Namibia,0,0,16,0,0,0,0,0
2020-05-07,Namibia,0,0,16,0,0,0,0,0
2020-05-08,Namibia,0,0,16,0,0,0,0,0
2020-05-09,Namibia,0,0,16,0,0,0,0,0
2020-05-10,Namibia,0,0,16,0,0,0,0,0
2020-05-11,Namibia,0,0,16,0,0,0,0,0
2020-05-12,Namibia,0,0,16,0,0,0,0,0
2020-05-13,Namibia,0,0,16,0,0,0,0,0
2020-05-14,Namibia,0,0,16,0,0,0,0,0
2020-05-15,Namibia,0,0,16,0,0,0,0,0
2020-05-16,Namibia,0,0,16,0,0,0,0,0
2020-05-17,Namibia,0,0,16,0,0,0,0,0
2020-05-18,Namibia,0,0,16,0,0,0,0,0
2020-05-19,Namibia,0,0,16,0,0,0,0,0
2020-05-20,Namibia,0,0,16,0,0,0,0,0
2020-05-21,Namibia,0,0,16,0,0,0,0,0
2020-05-22,Namibia,2,0,18,0,2,0,2,0
2020-05-23,Namibia,1,0,19,0,3,0,3,0
2020-05-24,Namibia,1,0,20,0,4,0,4,0
2020-05-25,Namibia,1,0,21,0,5,0,5,0
2020-05-26,Namibia,0,0,21,0,5,0,5,0
2020-05-27,Namibia,0,0,21,0,5,0,5,0
2020-05-28,Namibia,1,0,22,0,6,0,6,0
2020-05-29,Namibia,0,0,22,0,4,0,6,0
2020-05-30,Namibia,1,0,23,0,4,0,7,0
2020-05-31,Namibia,0,0,23,0,3,0,7,0
2020-06-01,Namibia,1,0,24,0,3,0,8,0
2020-06-02,Namibia,1,0,25,0,4,0,9,0
2020-06-03,Namibia,0,0,25,0,4,0,9,0
2020-06-04,Namibia,0,0,25,0,3,0,9,0
2020-06-05,Namibia,0,0,25,0,3,0,7,0
2020-06-06,Namibia,0,0,25,0,2,0,6,0
2020-06-07,Namibia,4,0,29,0,6,0,9,0
2020-06-08,Namibia,0,0,29,0,5,0,8,0
2020-06-09,Namibia,2,0,31,0,6,0,10,0
2020-06-10,Namibia,0,0,31,0,6,0,10,0
2020-06-11,Namibia,0,0,31,0,6,0,9,0
2020-06-12,Namibia,0,0,31,0,6,0,9,0
2020-06-13,Namibia,0,0,31,0,6,0,8,0
2020-06-14,Namibia,1,0,32,0,3,0,9,0
2020-06-15,Namibia,0,0,32,0,3,0,8,0
2020-06-16,Namibia,0,0,32,0,1,0,7,0
2020-06-17,Namibia,2,0,34,0,3,0,9,0
2020-06-18,Namibia,2,0,36,0,5,0,11,0
2020-06-19,Namibia,3,0,39,0,8,0,14,0
2020-06-20,Namibia,6,0,45,0,14,0,20,0
2020-06-21,Namibia,1,0,46,0,14,0,17,0
2020-06-22,Namibia,9,0,55,0,23,0,26,0
2020-06-23,Namibia,8,0,63,0,31,0,32,0
2020-06-24,Namibia,9,0,72,0,38,0,41,0
2020-06-25,Namibia,4,0,76,0,40,0,45,0
2020-06-26,Namibia,5,0,81,0,42,0,50,0
2020-06-27,Namibia,40,0,121,0,76,0,90,0
2020-06-28,Namibia,0,0,121,0,75,0,89,0
2020-06-29,Namibia,62,0,183,0,128,0,151,0
2020-06-30,Namibia,13,0,196,0,133,0,164,0
2020-07-01,Namibia,7,0,203,0,131,0,169,0
2020-07-02,Namibia,82,0,285,0,209,0,249,0
2020-07-03,Namibia,8,0,293,0,212,0,254,0
2020-07-04,Namibia,57,0,350,0,229,0,305,0
2020-07-05,Namibia,25,0,375,0,254,0,329,0
2020-07-06,Namibia,37,0,412,0,229,0,357,0
2020-07-07,Namibia,73,0,485,0,289,0,422,0
2020-07-08,Namibia,54,0,539,0,336,0,467,0
2020-07-09,Namibia,54,0,593,0,308,0,517,0
2020-07-10,Namibia,22,0,615,0,322,0,534,0
2020-07-11,Namibia,53,1,668,1,318,1,547,1
2020-07-12,Namibia,0,0,668,1,293,1,547,1
2020-07-13,Namibia,117,0,785,1,373,1,602,1
2020-07-14,Namibia,76,0,861,1,376,1,665,1
2020-07-15,Namibia,3,1,864,2,325,2,661,2
2020-07-16,Namibia,96,0,960,2,367,2,675,2
2020-07-17,Namibia,72,0,1032,2,417,2,739,2
2020-07-18,Namibia,46,0,1078,2,410,1,728,2
2020-07-19,Namibia,125,0,1203,2,535,1,828,2
2020-07-20,Namibia,44,1,1247,3,462,2,835,3
2020-07-21,Namibia,97,1,1344,4,483,3,859,4
2020-07-22,Namibia,22,3,1366,7,502,5,827,7
2020-07-23,Namibia,36,0,1402,7,442,5,809,7
2020-07-24,Namibia,120,0,1522,7,490,5,907,7
2020-07-25,Namibia,96,0,1618,7,540,5,950,6
2020-07-26,Namibia,69,0,1687,7,484,5,1019,6
2020-07-27,Namibia,88,1,1775,8,528,5,990,7
2020-07-28,Namibia,68,0,1843,8,499,4,982,7
2020-07-29,Namibia,74,0,1917,8,551,1,1053,6
2020-07-30,Namibia,69,1,1986,9,584,2,1026,7
2020-07-31,Namibia,66,1,2052,10,530,3,1020,8
2020-08-01,Namibia,77,0,2129,10,511,3,1051,8
2020-08-02,Namibia,95,1,2224,11,537,4,1021,9
2020-08-03,Namibia,70,0,2294,11,519,3,1047,8
2020-08-04,Namibia,112,1,2406,12,563,4,1062,8
2020-08-05,Namibia,64,0,2470,12,553,4,1104,5
2020-08-06,Namibia,70,0,2540,12,554,3,1138,5
2020-08-07,Namibia,112,3,2652,15,600,5,1130,8
2020-08-08,Namibia,150,1,2802,16,673,6,1184,9
2020-08-09,Namibia,0,0,2802,16,578,5,1115,9
2020-08-10,Namibia,147,3,2949,19,655,8,1174,11
2020-08-11,Namibia,152,0,3101,19,695,7,1258,11
2020-08-12,Namibia,128,0,3229,19,759,7,1312,11
2020-08-13,Namibia,177,3,3406,22,866,10,1420,13
2020-08-14,Namibia,138,5,3544,27,892,12,1492,17
2020-08-15,Namibia,182,4,3726,31,924,15,1597,21
2020-08-16,Namibia,181,4,3907,35,1105,19,1683,24
2020-08-17,Namibia,247,0,4154,35,1205,16,1860,24
2020-08-18,Namibia,190,1,4344,36,1243,17,1938,24
2020-08-19,Namibia,120,1,4464,37,1235,18,1994,25
2020-08-20,Namibia,201,2,4665,39,1259,17,2125,27
2020-08-21,Namibia,247,2,4912,41,1368,14,2260,26
2020-08-22,Namibia,315,1,5227,42,1501,11,2425,26
2020-08-23,Namibia,311,4,5538,46,1631,11,2736,30
2020-08-24,Namibia,316,6,5854,52,1700,17,2905,33
2020-08-25,Namibia,176,4,6030,56,1686,20,2929,37
2020-08-26,Namibia,130,1,6160,57,1696,20,2931,38
2020-08-27,Namibia,271,2,6431,59,1766,20,3025,37
2020-08-28,Namibia,281,1,6712,60,1800,19,3168,33
2020-08-29,Namibia,194,5,6906,65,1679,23,3180,34
2020-08-30,Namibia,210,4,7116,69,1578,23,3209,34
2020-08-31,Namibia,249,3,7365,72,1511,20,3211,37
2020-04-01,Nepal,0,0,5,0,2,0,4,0
2020-04-02,Nepal,0,0,5,0,2,0,4,0
2020-04-03,Nepal,0,0,5,0,2,0,4,0
2020-04-04,Nepal,1,0,6,0,3,0,5,0
2020-04-05,Nepal,0,0,6,0,1,0,5,0
2020-04-06,Nepal,3,0,9,0,4,0,8,0
2020-04-07,Nepal,0,0,9,0,4,0,7,0
2020-04-08,Nepal,0,0,9,0,4,0,6,0
2020-04-09,Nepal,0,0,9,0,4,0,6,0
2020-04-10,Nepal,0,0,9,0,4,0,6,0
2020-04-11,Nepal,0,0,9,0,3,0,6,0
2020-04-12,Nepal,0,0,9,0,3,0,4,0
2020-04-13,Nepal,3,0,12,0,3,0,7,0
2020-04-14,Nepal,2,0,14,0,5,0,9,0
2020-04-15,Nepal,2,0,16,0,7,0,11,0
2020-04-16,Nepal,0,0,16,0,7,0,11,0
2020-04-17,Nepal,0,0,16,0,7,0,11,0
2020-04-18,Nepal,14,0,30,0,21,0,24,0
2020-04-19,Nepal,1,0,31,0,22,0,25,0
2020-04-20,Nepal,0,0,31,0,19,0,22,0
2020-04-21,Nepal,0,0,31,0,17,0,22,0
2020-04-22,Nepal,11,0,42,0,26,0,33,0
2020-04-23,Nepal,3,0,45,0,29,0,36,0
2020-04-24,Nepal,3,0,48,0,32,0,39,0
2020-04-25,Nepal,1,0,49,0,19,0,40,0
2020-04-26,Nepal,0,0,49,0,18,0,40,0
2020-04-27,Nepal,3,0,52,0,21,0,40,0
2020-04-28,Nepal,0,0,52,0,21,0,38,0
2020-04-29,Nepal,2,0,54,0,12,0,38,0
2020-04-30,Nepal,3,0,57,0,12,0,41,0
2020-05-01,Nepal,0,0,57,0,9,0,41,0
2020-05-02,Nepal,2,0,59,0,10,0,29,0
2020-05-03,Nepal,0,0,59,0,10,0,28,0
2020-05-04,Nepal,16,0,75,0,23,0,44,0
2020-05-05,Nepal,7,0,82,0,30,0,51,0
2020-05-06,Nepal,0,0,82,0,28,0,40,0
2020-05-07,Nepal,17,0,99,0,42,0,54,0
2020-05-08,Nepal,2,0,101,0,44,0,53,0
2020-05-09,Nepal,0,0,101,0,42,0,52,0
2020-05-10,Nepal,8,0,109,0,50,0,60,0
2020-05-11,Nepal,11,0,120,0,45,0,68,0
2020-05-12,Nepal,14,0,134,0,52,0,82,0
2020-05-13,Nepal,83,0,217,0,135,0,163,0
2020-05-14,Nepal,2,0,219,0,120,0,162,0
2020-05-15,Nepal,39,0,258,0,157,0,201,0
2020-05-16,Nepal,18,0,276,0,175,0,217,0
2020-05-17,Nepal,15,1,291,1,182,1,232,1
2020-05-18,Nepal,13,1,304,2,184,2,229,2
2020-05-19,Nepal,71,0,375,2,241,2,293,2
2020-05-20,Nepal,27,0,402,2,185,2,320,2
2020-05-21,Nepal,42,0,444,2,225,2,345,2
2020-05-22,Nepal,43,1,487,3,229,3,386,3
2020-05-23,Nepal,61,0,548,3,272,3,447,3
2020-05-24,Nepal,36,0,584,3,293,2,475,3
2020-05-25,Nepal,19,0,603,3,299,1,483,3
2020-05-26,Nepal,79,1,682,4,307,2,548,4
2020-05-27,Nepal,90,0,772,4,370,2,555,4
2020-05-28,Nepal,114,0,886,4,442,2,667,4
2020-05-29,Nepal,156,1,1042,5,555,2,784,5
2020-05-30,Nepal,170,1,1212,6,664,3,936,6
2020-05-31,Nepal,189,0,1401,6,817,3,1110,5
2020-06-01,Nepal,171,2,1572,8,969,5,1268,6
2020-06-02,Nepal,226,0,1798,8,1116,4,1423,6
2020-06-03,Nepal,301,0,2099,8,1327,4,1697,6
2020-06-04,Nepal,201,1,2300,9,1414,5,1856,7
2020-06-05,Nepal,334,1,2634,10,1592,5,2147,7
2020-06-06,Nepal,278,1,2912,11,1700,5,2364,8
2020-06-07,Nepal,0,0,2912,11,1511,5,2328,8
2020-06-08,Nepal,536,2,3448,13,1876,5,2845,10
2020-06-09,Nepal,314,1,3762,14,1964,6,3080,10
2020-06-10,Nepal,323,1,4085,15,1986,7,3313,11
2020-06-11,Nepal,279,0,4364,15,2064,6,3478,11
2020-06-12,Nepal,250,0,4614,15,1980,5,3572,10
2020-06-13,Nepal,448,1,5062,16,2150,5,3850,10
2020-06-14,Nepal,273,2,5335,18,2423,7,3934,12
2020-06-15,Nepal,425,1,5760,19,2312,6,4188,11
2020-06-16,Nepal,451,0,6211,19,2449,5,4413,11
2020-06-17,Nepal,380,0,6591,19,2506,4,4492,11
2020-06-18,Nepal,586,1,7177,20,2813,5,4877,11
2020-06-19,Nepal,671,2,7848,22,3234,7,5214,12
2020-06-20,Nepal,426,0,8274,22,3212,6,5362,11
2020-06-21,Nepal,331,0,8605,22,3270,4,5693,11
2020-06-22,Nepal,421,1,9026,23,3266,4,5578,10
2020-06-23,Nepal,0,0,9026,23,2815,4,5264,9
2020-06-24,Nepal,0,0,9026,23,2435,4,4941,8
2020-06-25,Nepal,1702,0,10728,23,3551,3,6364,8
2020-06-26,Nepal,434,3,11162,26,3314,4,6548,11
2020-06-27,Nepal,593,1,11755,27,3481,5,6693,11
2020-06-28,Nepal,0,0,11755,27,3150,5,6420,9
2020-06-29,Nepal,1017,1,12772,28,3746,5,7012,9
2020-06-30,Nepal,476,1,13248,29,4222,6,7037,10
2020-07-01,Nepal,316,0,13564,29,4538,6,6973,10
2020-07-02,Nepal,482,1,14046,30,3318,7,6869,10
2020-07-03,Nepal,473,1,14519,31,3357,5,6671,9
2020-07-04,Nepal,740,1,15259,32,3504,5,6985,10
2020-07-05,Nepal,232,2,15491,34,3736,7,6886,12
2020-07-06,Nepal,293,0,15784,34,3012,6,6758,11
2020-07-07,Nepal,180,1,15964,35,2716,6,6938,12
2020-07-08,Nepal,0,0,15964,35,2400,6,6938,12
2020-07-09,Nepal,459,0,16423,35,2377,5,5695,12
2020-07-10,Nepal,108,0,16531,35,2012,4,5369,9
2020-07-11,Nepal,118,0,16649,35,1390,3,4894,8
2020-07-12,Nepal,70,3,16719,38,1228,4,4964,11
2020-07-13,Nepal,82,0,16801,38,1017,4,4029,10
2020-07-14,Nepal,144,0,16945,38,981,3,3697,9
2020-07-15,Nepal,116,0,17061,38,1097,3,3497,9
2020-07-16,Nepal,116,1,17177,39,754,4,3131,9
2020-07-17,Nepal,167,0,17344,39,813,4,2825,8
2020-07-18,Nepal,101,1,17445,40,796,5,2186,8
2020-07-19,Nepal,57,0,17502,40,783,2,2011,6
2020-07-20,Nepal,156,0,17658,40,857,2,1874,6
2020-07-21,Nepal,186,0,17844,40,899,2,1880,5
2020-07-22,Nepal,100,0,17944,40,883,2,1980,5
2020-07-23,Nepal,150,2,18094,42,917,3,1671,7
2020-07-24,Nepal,147,1,18241,43,897,4,1710,8
2020-07-25,Nepal,133,1,18374,44,929,4,1725,9
2020-07-26,Nepal,109,1,18483,45,981,5,1764,7
2020-07-27,Nepal,130,0,18613,45,955,5,1812,7
2020-07-28,Nepal,139,3,18752,48,908,8,1807,10
2020-07-29,Nepal,311,1,19063,49,1119,9,2002,11
2020-07-30,Nepal,210,0,19273,49,1179,7,2096,10
2020-07-31,Nepal,274,3,19547,52,1306,9,2203,13
2020-08-01,Nepal,224,4,19771,56,1397,12,2326,16
2020-08-02,Nepal,315,0,20086,56,1603,11,2584,16
2020-08-03,Nepal,246,1,20332,57,1719,12,2674,17
2020-08-04,Nepal,418,0,20750,57,1998,9,2906,17
2020-08-05,Nepal,259,1,21009,58,1946,9,3065,18
2020-08-06,Nepal,381,2,21390,60,2117,11,3296,18
2020-08-07,Nepal,360,5,21750,65,2203,13,3509,22
2020-08-08,Nepal,464,5,22214,70,2443,14,3840,26
2020-08-09,Nepal,378,3,22592,73,2506,17,4109,28
2020-08-10,Nepal,380,2,22972,75,2640,18,4359,30
2020-08-11,Nepal,338,4,23310,79,2560,22,4558,31
2020-08-12,Nepal,638,4,23948,83,2939,25,4885,34
2020-08-13,Nepal,484,8,24432,91,3042,31,5159,42
2020-08-14,Nepal,525,4,24957,95,3207,30,5410,43
2020-08-15,Nepal,594,4,25551,99,3337,29,5780,43
2020-08-16,Nepal,468,3,26019,102,3427,29,5933,46
2020-08-17,Nepal,641,2,26660,104,3688,29,6328,47
2020-08-18,Nepal,581,3,27241,107,3931,28,6491,50
2020-08-19,Nepal,1016,7,28257,114,4309,31,7248,56
2020-08-20,Nepal,681,6,28938,120,4506,29,7548,60
2020-08-21,Nepal,707,6,29645,126,4688,31,7895,61
2020-08-22,Nepal,838,11,30483,137,4932,38,8269,67
2020-08-23,Nepal,634,9,31117,146,5098,44,8525,73
2020-08-24,Nepal,818,3,31935,149,5275,45,8963,74
2020-08-25,Nepal,743,8,32678,157,5437,50,9368,78
2020-08-26,Nepal,855,7,33533,164,5276,50,9585,81
2020-08-27,Nepal,885,11,34418,175,5480,55,9986,84
2020-08-28,Nepal,1111,8,35529,183,5884,57,10572,88
2020-08-29,Nepal,927,12,36456,195,5973,58,10905,96
2020-08-30,Nepal,884,12,37340,207,6223,61,11321,105
2020-08-31,Nepal,1221,14,38561,221,6626,72,11901,117
2020-04-01,Netherlands,845,175,12595,1039,7035,763,10890,996
2020-04-02,Netherlands,1019,134,13614,1173,7202,817,11563,1115
2020-04-03,Netherlands,1083,166,14697,1339,7266,905,12237,1263
2020-04-04,Netherlands,1026,148,15723,1487,7120,941,12729,1381
2020-04-05,Netherlands,904,164,16627,1651,6865,1012,12996,1515
2020-04-06,Netherlands,1224,115,17851,1766,6985,995,13647,1587
2020-04-07,Netherlands,952,101,18803,1867,7053,1003,14054,1654
2020-04-08,Netherlands,777,234,19580,2101,6985,1062,14020,1825
2020-04-09,Netherlands,969,147,20549,2248,6935,1075,14137,1892
2020-04-10,Netherlands,1213,148,21762,2396,7065,1057,14331,1962
2020-04-11,Netherlands,1335,115,23097,2511,7374,1024,14494,1965
2020-04-12,Netherlands,1316,132,24413,2643,7786,992,14651,2004
2020-04-13,Netherlands,1174,94,25587,2737,7736,971,14721,1966
2020-04-14,Netherlands,964,86,26551,2823,7748,956,14801,1959
2020-04-15,Netherlands,868,122,27419,2945,7839,844,14824,1906
2020-04-16,Netherlands,734,189,28153,3134,7604,886,14539,1961
2020-04-17,Netherlands,1061,181,29214,3315,7452,919,14517,1976
2020-04-18,Netherlands,1235,144,30449,3459,7352,948,14726,1972
2020-04-19,Netherlands,1140,142,31589,3601,7176,958,14962,1950
2020-04-20,Netherlands,1066,83,32655,3684,7068,947,14804,1918
2020-04-21,Netherlands,750,67,33405,3751,6854,928,14602,1884
2020-04-22,Netherlands,729,165,34134,3916,6715,971,14554,1815
2020-04-23,Netherlands,708,138,34842,4054,6689,920,14293,1806
2020-04-24,Netherlands,887,123,35729,4177,6515,862,13967,1781
2020-04-25,Netherlands,806,112,36535,4289,6086,830,13438,1778
2020-04-26,Netherlands,655,120,37190,4409,5601,808,12777,1766
2020-04-27,Netherlands,655,66,37845,4475,5190,791,12258,1738
2020-04-28,Netherlands,400,43,38245,4518,4840,767,11694,1695
2020-04-29,Netherlands,171,48,38416,4566,4282,650,10997,1621
2020-04-30,Netherlands,386,145,38802,4711,3960,657,10649,1577
2020-05-01,Netherlands,514,84,39316,4795,3587,618,10102,1480
2020-05-02,Netherlands,475,98,39791,4893,3256,604,9342,1434
2020-05-03,Netherlands,445,94,40236,4987,3046,578,8647,1386
2020-05-04,Netherlands,335,69,40571,5056,2726,581,7916,1372
2020-05-05,Netherlands,199,26,40770,5082,2525,564,7365,1331
2020-05-06,Netherlands,317,86,41087,5168,2671,602,6953,1252
2020-05-07,Netherlands,232,36,41319,5204,2517,493,6477,1150
2020-05-08,Netherlands,455,84,41774,5288,2458,493,6045,1111
2020-05-09,Netherlands,319,71,42093,5359,2302,466,5558,1070
2020-05-10,Netherlands,289,63,42382,5422,2146,435,5192,1013
2020-05-11,Netherlands,245,18,42627,5440,2056,384,4782,965
2020-05-12,Netherlands,161,16,42788,5456,2018,374,4543,938
2020-05-13,Netherlands,196,54,42984,5510,1897,342,4568,944
2020-05-14,Netherlands,227,52,43211,5562,1892,358,4409,851
2020-05-15,Netherlands,270,28,43481,5590,1707,302,4165,795
2020-05-16,Netherlands,200,53,43681,5643,1588,284,3890,750
2020-05-17,Netherlands,189,27,43870,5670,1488,248,3634,683
2020-05-18,Netherlands,125,10,43995,5680,1368,240,3424,624
2020-05-19,Netherlands,146,14,44141,5694,1353,238,3371,612
2020-05-20,Netherlands,108,21,44249,5715,1265,205,3162,547
2020-05-21,Netherlands,198,33,44447,5748,1236,186,3128,544
2020-05-22,Netherlands,253,27,44700,5775,1219,185,2926,487
2020-05-23,Netherlands,188,13,44888,5788,1207,145,2795,429
2020-05-24,Netherlands,176,23,45064,5811,1194,141,2682,389
2020-05-25,Netherlands,172,11,45236,5822,1241,142,2609,382
2020-05-26,Netherlands,209,8,45445,5830,1304,136,2657,374
2020-05-27,Netherlands,133,26,45578,5856,1329,141,2594,346
2020-05-28,Netherlands,190,15,45768,5871,1321,123,2557,309
2020-05-29,Netherlands,182,32,45950,5903,1250,128,2469,313
2020-05-30,Netherlands,176,28,46126,5931,1238,143,2445,288
2020-05-31,Netherlands,131,20,46257,5951,1193,140,2387,281
2020-06-01,Netherlands,185,5,46442,5956,1206,134,2447,276
2020-06-02,Netherlands,103,6,46545,5962,1100,132,2404,268
2020-06-03,Netherlands,102,5,46647,5967,1069,111,2398,252
2020-06-04,Netherlands,86,10,46733,5977,965,106,2286,229
2020-06-05,Netherlands,209,13,46942,5990,992,87,2242,215
2020-06-06,Netherlands,210,15,47152,6005,1026,74,2264,217
2020-06-07,Netherlands,183,6,47335,6011,1078,60,2271,200
2020-06-08,Netherlands,239,2,47574,6013,1132,57,2338,191
2020-06-09,Netherlands,165,3,47739,6016,1194,54,2294,186
2020-06-10,Netherlands,164,15,47903,6031,1256,64,2325,175
2020-06-11,Netherlands,184,11,48087,6042,1354,65,2319,171
2020-06-12,Netherlands,164,2,48251,6044,1309,54,2301,141
2020-06-13,Netherlands,210,9,48461,6053,1309,48,2335,122
2020-06-14,Netherlands,179,4,48640,6057,1305,46,2383,106
2020-06-15,Netherlands,143,2,48783,6059,1209,46,2341,103
2020-06-16,Netherlands,165,6,48948,6065,1209,49,2403,103
2020-06-17,Netherlands,139,5,49087,6070,1184,39,2440,103
2020-06-18,Netherlands,117,4,49204,6074,1117,32,2471,97
2020-06-19,Netherlands,115,4,49319,6078,1068,34,2377,88
2020-06-20,Netherlands,107,3,49426,6081,965,28,2274,76
2020-06-21,Netherlands,76,8,49502,6089,862,32,2167,78
2020-06-22,Netherlands,91,1,49593,6090,810,31,2019,77
2020-06-23,Netherlands,65,0,49658,6090,710,25,1919,74
2020-06-24,Netherlands,64,5,49722,6095,635,25,1819,64
2020-06-25,Netherlands,82,2,49804,6097,600,23,1717,55
2020-06-26,Netherlands,110,3,49914,6100,595,22,1663,56
2020-06-27,Netherlands,91,3,50005,6103,579,22,1544,50
2020-06-28,Netherlands,69,2,50074,6105,572,16,1434,48
2020-06-29,Netherlands,73,0,50147,6105,554,15,1364,46
2020-06-30,Netherlands,76,2,50223,6107,565,17,1275,42
2020-07-01,Netherlands,50,6,50273,6113,551,18,1186,43
2020-07-02,Netherlands,62,2,50335,6115,531,18,1131,41
2020-07-03,Netherlands,77,3,50412,6118,498,18,1093,40
2020-07-04,Netherlands,75,2,50487,6120,482,17,1061,39
2020-07-05,Netherlands,61,6,50548,6126,474,21,1046,37
2020-07-06,Netherlands,73,1,50621,6127,474,22,1028,37
2020-07-07,Netherlands,36,1,50657,6128,434,21,999,38
2020-07-08,Netherlands,37,4,50694,6132,421,19,972,37
2020-07-09,Netherlands,52,3,50746,6135,411,20,942,38
2020-07-10,Netherlands,52,0,50798,6135,386,17,884,35
2020-07-11,Netherlands,42,0,50840,6135,353,15,835,32
2020-07-12,Netherlands,81,0,50921,6135,373,9,847,30
2020-07-13,Netherlands,101,0,51022,6135,401,8,875,30
2020-07-14,Netherlands,71,0,51093,6135,436,7,870,28
2020-07-15,Netherlands,53,0,51146,6135,452,3,873,22
2020-07-16,Netherlands,106,1,51252,6136,506,1,917,21
2020-07-17,Netherlands,99,0,51351,6136,553,1,939,18
2020-07-18,Netherlands,103,0,51454,6136,614,1,967,16
2020-07-19,Netherlands,127,0,51581,6136,660,1,1033,10
2020-07-20,Netherlands,144,0,51725,6136,703,1,1104,9
2020-07-21,Netherlands,185,0,51910,6136,817,1,1253,8
2020-07-22,Netherlands,163,0,52073,6136,927,1,1379,4
2020-07-23,Netherlands,168,3,52241,6139,989,3,1495,4
2020-07-24,Netherlands,163,0,52404,6139,1053,3,1606,4
2020-07-25,Netherlands,191,0,52595,6139,1141,3,1755,4
2020-07-26,Netherlands,137,1,52732,6140,1151,4,1811,5
2020-07-27,Netherlands,214,0,52946,6140,1221,4,1924,5
2020-07-28,Netherlands,205,0,53151,6140,1241,4,2058,5
2020-07-29,Netherlands,223,0,53374,6140,1301,4,2228,5
2020-07-30,Netherlands,247,0,53621,6140,1380,1,2369,4
2020-07-31,Netherlands,342,0,53963,6140,1559,1,2612,4
2020-08-01,Netherlands,338,0,54301,6140,1706,1,2847,4
2020-08-02,Netherlands,431,0,54732,6140,2000,0,3151,4
2020-08-03,Netherlands,311,0,55043,6140,2097,0,3318,4
2020-08-04,Netherlands,372,0,55415,6140,2264,0,3505,4
2020-08-05,Netherlands,540,1,55955,6141,2581,1,3882,5
2020-08-06,Netherlands,426,4,56381,6145,2760,5,4140,6
2020-08-07,Netherlands,601,0,56982,6145,3019,5,4578,6
2020-08-08,Netherlands,519,0,57501,6145,3200,5,4906,6
2020-08-09,Netherlands,486,3,57987,6148,3255,8,5255,8
2020-08-10,Netherlands,577,0,58564,6148,3521,8,5618,8
2020-08-11,Netherlands,575,0,59139,6148,3724,8,5988,8
2020-08-12,Netherlands,779,2,59918,6150,3963,9,6544,10
2020-08-13,Netherlands,654,2,60572,6152,4191,7,6951,12
2020-08-14,Netherlands,577,4,61149,6156,4167,11,7186,16
2020-08-15,Netherlands,636,2,61785,6158,4284,13,7484,18
2020-08-16,Netherlands,652,2,62437,6160,4450,12,7705,20
2020-08-17,Netherlands,506,3,62943,6163,4379,15,7900,23
2020-08-18,Netherlands,481,0,63424,6163,4285,15,8009,23
2020-08-19,Netherlands,487,3,63911,6166,3993,16,7956,25
2020-08-20,Netherlands,552,6,64463,6172,3891,20,8082,27
2020-08-21,Netherlands,529,10,64992,6182,3843,26,8010,37
2020-08-22,Netherlands,534,4,65526,6186,3741,28,8025,41
2020-08-23,Netherlands,508,5,66034,6191,3597,31,8047,43
2020-08-24,Netherlands,456,0,66490,6191,3547,28,7926,43
2020-08-25,Netherlands,572,2,67062,6193,3638,30,7923,45
2020-08-26,Netherlands,414,5,67476,6198,3565,32,7558,48
2020-08-27,Netherlands,570,8,68046,6206,3583,34,7474,54
2020-08-28,Netherlands,510,3,68556,6209,3564,27,7407,53
2020-08-29,Netherlands,507,2,69063,6211,3537,25,7278,53
2020-08-30,Netherlands,500,4,69563,6215,3529,24,7126,55
2020-08-31,Netherlands,508,0,70071,6215,3581,24,7128,52
2020-04-01,New Caledonia,0,0,16,0,7,0,0,0
2020-04-02,New Caledonia,0,0,16,0,2,0,0,0
2020-04-03,New Caledonia,0,0,16,0,1,0,16,0
2020-04-04,New Caledonia,2,0,18,0,3,0,16,0
2020-04-05,New Caledonia,0,0,18,0,3,0,14,0
2020-04-06,New Caledonia,0,0,18,0,3,0,13,0
2020-04-07,New Caledonia,0,0,18,0,2,0,11,0
2020-04-08,New Caledonia,0,0,18,0,2,0,9,0
2020-04-09,New Caledonia,0,0,18,0,2,0,4,0
2020-04-10,New Caledonia,0,0,18,0,2,0,3,0
2020-04-11,New Caledonia,0,0,18,0,0,0,3,0
2020-04-12,New Caledonia,0,0,18,0,0,0,3,0
2020-04-13,New Caledonia,0,0,18,0,0,0,3,0
2020-04-14,New Caledonia,0,0,18,0,0,0,2,0
2020-04-15,New Caledonia,0,0,18,0,0,0,2,0
2020-04-16,New Caledonia,0,0,18,0,0,0,2,0
2020-04-17,New Caledonia,0,0,18,0,0,0,2,0
2020-04-18,New Caledonia,0,0,18,0,0,0,0,0
2020-04-19,New Caledonia,0,0,18,0,0,0,0,0
2020-04-20,New Caledonia,0,0,18,0,0,0,0,0
2020-04-21,New Caledonia,0,0,18,0,0,0,0,0
2020-04-22,New Caledonia,0,0,18,0,0,0,0,0
2020-04-23,New Caledonia,0,0,18,0,0,0,0,0
2020-04-24,New Caledonia,0,0,18,0,0,0,0,0
2020-04-25,New Caledonia,0,0,18,0,0,0,0,0
2020-04-26,New Caledonia,0,0,18,0,0,0,0,0
2020-04-27,New Caledonia,0,0,18,0,0,0,0,0
2020-04-28,New Caledonia,0,0,18,0,0,0,0,0
2020-04-29,New Caledonia,0,0,18,0,0,0,0,0
2020-04-30,New Caledonia,0,0,18,0,0,0,0,0
2020-05-01,New Caledonia,0,0,18,0,0,0,0,0
2020-05-02,New Caledonia,0,0,18,0,0,0,0,0
2020-05-03,New Caledonia,0,0,18,0,0,0,0,0
2020-05-04,New Caledonia,0,0,18,0,0,0,0,0
2020-05-05,New Caledonia,0,0,18,0,0,0,0,0
2020-05-06,New Caledonia,0,0,18,0,0,0,0,0
2020-05-07,New Caledonia,0,0,18,0,0,0,0,0
2020-05-08,New Caledonia,0,0,18,0,0,0,0,0
2020-05-09,New Caledonia,0,0,18,0,0,0,0,0
2020-05-10,New Caledonia,0,0,18,0,0,0,0,0
2020-05-11,New Caledonia,0,0,18,0,0,0,0,0
2020-05-12,New Caledonia,0,0,18,0,0,0,0,0
2020-05-13,New Caledonia,0,0,18,0,0,0,0,0
2020-05-14,New Caledonia,0,0,18,0,0,0,0,0
2020-05-15,New Caledonia,0,0,18,0,0,0,0,0
2020-05-16,New Caledonia,0,0,18,0,0,0,0,0
2020-05-17,New Caledonia,0,0,18,0,0,0,0,0
2020-05-18,New Caledonia,0,0,18,0,0,0,0,0
2020-05-19,New Caledonia,0,0,18,0,0,0,0,0
2020-05-20,New Caledonia,0,0,18,0,0,0,0,0
2020-05-21,New Caledonia,0,0,18,0,0,0,0,0
2020-05-22,New Caledonia,0,0,18,0,0,0,0,0
2020-05-23,New Caledonia,0,0,18,0,0,0,0,0
2020-05-24,New Caledonia,0,0,18,0,0,0,0,0
2020-05-25,New Caledonia,0,0,18,0,0,0,0,0
2020-05-26,New Caledonia,0,0,18,0,0,0,0,0
2020-05-27,New Caledonia,0,0,18,0,0,0,0,0
2020-05-28,New Caledonia,0,0,18,0,0,0,0,0
2020-05-29,New Caledonia,1,0,19,0,1,0,1,0
2020-05-30,New Caledonia,0,0,19,0,1,0,1,0
2020-05-31,New Caledonia,0,0,19,0,1,0,1,0
2020-06-01,New Caledonia,0,0,19,0,1,0,1,0
2020-06-02,New Caledonia,1,0,20,0,2,0,2,0
2020-06-03,New Caledonia,0,0,20,0,2,0,2,0
2020-06-04,New Caledonia,0,0,20,0,2,0,2,0
2020-06-05,New Caledonia,0,0,20,0,1,0,2,0
2020-06-06,New Caledonia,0,0,20,0,1,0,2,0
2020-06-07,New Caledonia,0,0,20,0,1,0,2,0
2020-06-08,New Caledonia,0,0,20,0,1,0,2,0
2020-06-09,New Caledonia,0,0,20,0,0,0,2,0
2020-06-10,New Caledonia,1,0,21,0,1,0,3,0
2020-06-11,New Caledonia,0,0,21,0,1,0,3,0
2020-06-12,New Caledonia,0,0,21,0,1,0,2,0
2020-06-13,New Caledonia,0,0,21,0,1,0,2,0
2020-06-14,New Caledonia,0,0,21,0,1,0,2,0
2020-06-15,New Caledonia,0,0,21,0,1,0,2,0
2020-06-16,New Caledonia,0,0,21,0,1,0,1,0
2020-06-17,New Caledonia,0,0,21,0,0,0,1,0
2020-06-18,New Caledonia,0,0,21,0,0,0,1,0
2020-06-19,New Caledonia,0,0,21,0,0,0,1,0
2020-06-20,New Caledonia,0,0,21,0,0,0,1,0
2020-06-21,New Caledonia,0,0,21,0,0,0,1,0
2020-06-22,New Caledonia,0,0,21,0,0,0,1,0
2020-06-23,New Caledonia,0,0,21,0,0,0,1,0
2020-06-24,New Caledonia,0,0,21,0,0,0,0,0
2020-06-25,New Caledonia,0,0,21,0,0,0,0,0
2020-06-26,New Caledonia,0,0,21,0,0,0,0,0
2020-06-27,New Caledonia,0,0,21,0,0,0,0,0
2020-06-28,New Caledonia,0,0,21,0,0,0,0,0
2020-06-29,New Caledonia,0,0,21,0,0,0,0,0
2020-06-30,New Caledonia,0,0,21,0,0,0,0,0
2020-07-01,New Caledonia,0,0,21,0,0,0,0,0
2020-07-02,New Caledonia,0,0,21,0,0,0,0,0
2020-07-03,New Caledonia,0,0,21,0,0,0,0,0
2020-07-04,New Caledonia,0,0,21,0,0,0,0,0
2020-07-05,New Caledonia,0,0,21,0,0,0,0,0
2020-07-06,New Caledonia,0,0,21,0,0,0,0,0
2020-07-07,New Caledonia,0,0,21,0,0,0,0,0
2020-07-08,New Caledonia,0,0,21,0,0,0,0,0
2020-07-09,New Caledonia,0,0,21,0,0,0,0,0
2020-07-10,New Caledonia,0,0,21,0,0,0,0,0
2020-07-11,New Caledonia,0,0,21,0,0,0,0,0
2020-07-12,New Caledonia,0,0,21,0,0,0,0,0
2020-07-13,New Caledonia,0,0,21,0,0,0,0,0
2020-07-14,New Caledonia,0,0,21,0,0,0,0,0
2020-07-15,New Caledonia,1,0,22,0,1,0,1,0
2020-07-16,New Caledonia,0,0,22,0,1,0,1,0
2020-07-17,New Caledonia,0,0,22,0,1,0,1,0
2020-07-18,New Caledonia,0,0,22,0,1,0,1,0
2020-07-19,New Caledonia,0,0,22,0,1,0,1,0
2020-07-20,New Caledonia,0,0,22,0,1,0,1,0
2020-07-21,New Caledonia,0,0,22,0,1,0,1,0
2020-07-22,New Caledonia,0,0,22,0,0,0,1,0
2020-07-23,New Caledonia,0,0,22,0,0,0,1,0
2020-07-24,New Caledonia,0,0,22,0,0,0,1,0
2020-07-25,New Caledonia,0,0,22,0,0,0,1,0
2020-07-26,New Caledonia,0,0,22,0,0,0,1,0
2020-07-27,New Caledonia,0,0,22,0,0,0,1,0
2020-07-28,New Caledonia,0,0,22,0,0,0,1,0
2020-07-29,New Caledonia,0,0,22,0,0,0,0,0
2020-07-30,New Caledonia,0,0,22,0,0,0,0,0
2020-07-31,New Caledonia,0,0,22,0,0,0,0,0
2020-08-01,New Caledonia,0,0,22,0,0,0,0,0
2020-08-02,New Caledonia,0,0,22,0,0,0,0,0
2020-08-03,New Caledonia,0,0,22,0,0,0,0,0
2020-08-04,New Caledonia,0,0,22,0,0,0,0,0
2020-08-05,New Caledonia,0,0,22,0,0,0,0,0
2020-08-06,New Caledonia,0,0,22,0,0,0,0,0
2020-08-07,New Caledonia,0,0,22,0,0,0,0,0
2020-08-08,New Caledonia,1,0,23,0,1,0,1,0
2020-08-09,New Caledonia,0,0,23,0,1,0,1,0
2020-08-10,New Caledonia,0,0,23,0,1,0,1,0
2020-08-11,New Caledonia,0,0,23,0,1,0,1,0
2020-08-12,New Caledonia,0,0,23,0,1,0,1,0
2020-08-13,New Caledonia,0,0,23,0,1,0,1,0
2020-08-14,New Caledonia,0,0,23,0,1,0,1,0
2020-08-15,New Caledonia,0,0,23,0,0,0,1,0
2020-08-16,New Caledonia,0,0,23,0,0,0,1,0
2020-08-17,New Caledonia,0,0,23,0,0,0,1,0
2020-08-18,New Caledonia,0,0,23,0,0,0,1,0
2020-08-19,New Caledonia,0,0,23,0,0,0,1,0
2020-08-20,New Caledonia,0,0,23,0,0,0,1,0
2020-08-21,New Caledonia,0,0,23,0,0,0,1,0
2020-08-22,New Caledonia,0,0,23,0,0,0,0,0
2020-08-23,New Caledonia,0,0,23,0,0,0,0,0
2020-08-24,New Caledonia,0,0,23,0,0,0,0,0
2020-08-25,New Caledonia,0,0,23,0,0,0,0,0
2020-08-26,New Caledonia,0,0,23,0,0,0,0,0
2020-08-27,New Caledonia,0,0,23,0,0,0,0,0
2020-08-28,New Caledonia,0,0,23,0,0,0,0,0
2020-08-29,New Caledonia,0,0,23,0,0,0,0,0
2020-08-30,New Caledonia,0,0,23,0,0,0,0,0
2020-08-31,New Caledonia,0,0,23,0,0,0,0,0
2020-04-01,New Zealand,0,0,647,1,458,1,627,1
2020-04-02,New Zealand,76,0,723,1,461,1,695,1
2020-04-03,New Zealand,49,0,772,1,434,1,733,1
2020-04-04,New Zealand,52,0,824,1,408,1,771,1
2020-04-05,New Zealand,48,0,872,1,396,0,806,1
2020-04-06,New Zealand,39,0,911,1,359,0,809,1
2020-04-07,New Zealand,32,0,943,1,296,0,801,1
2020-04-08,New Zealand,26,0,969,1,322,0,780,1
2020-04-09,New Zealand,23,0,992,1,269,0,730,1
2020-04-10,New Zealand,23,1,1015,2,243,1,677,2
2020-04-11,New Zealand,20,2,1035,4,211,3,619,4
2020-04-12,New Zealand,14,0,1049,4,177,3,573,3
2020-04-13,New Zealand,15,1,1064,5,153,4,512,4
2020-04-14,New Zealand,8,4,1072,9,129,8,425,8
2020-04-15,New Zealand,6,0,1078,9,109,8,431,8
2020-04-16,New Zealand,6,0,1084,9,92,8,361,8
2020-04-17,New Zealand,2,2,1086,11,71,9,314,10
2020-04-18,New Zealand,8,0,1094,11,59,7,270,10
2020-04-19,New Zealand,4,1,1098,12,49,8,226,11
2020-04-20,New Zealand,7,0,1105,12,41,7,194,11
2020-04-21,New Zealand,2,1,1107,13,35,4,164,12
2020-04-22,New Zealand,5,1,1112,14,34,5,143,13
2020-04-23,New Zealand,0,2,1112,16,28,7,120,15
2020-04-24,New Zealand,2,1,1114,17,28,6,99,15
2020-04-25,New Zealand,3,1,1117,18,23,7,82,14
2020-04-26,New Zealand,4,0,1121,18,23,6,72,14
2020-04-27,New Zealand,1,1,1122,19,17,7,58,14
2020-04-28,New Zealand,2,0,1124,19,17,6,52,10
2020-04-29,New Zealand,2,0,1126,19,14,5,48,10
2020-04-30,New Zealand,3,0,1129,19,17,3,45,10
2020-05-01,New Zealand,3,0,1132,19,18,2,46,8
2020-05-02,New Zealand,2,1,1134,20,17,2,40,9
2020-05-03,New Zealand,2,0,1136,20,15,2,38,8
2020-05-04,New Zealand,1,0,1137,20,15,1,32,8
2020-05-05,New Zealand,0,0,1137,20,13,1,30,7
2020-05-06,New Zealand,1,1,1138,21,12,2,26,7
2020-05-07,New Zealand,1,0,1139,21,10,2,27,5
2020-05-08,New Zealand,2,0,1141,21,9,2,27,4
2020-05-09,New Zealand,1,0,1142,21,8,1,25,3
2020-05-10,New Zealand,2,0,1144,21,8,1,23,3
2020-05-11,New Zealand,3,0,1147,21,10,1,25,2
2020-05-12,New Zealand,0,0,1147,21,10,1,23,2
2020-05-13,New Zealand,0,0,1147,21,9,0,21,2
2020-05-14,New Zealand,0,0,1147,21,8,0,18,2
2020-05-15,New Zealand,1,0,1148,21,7,0,16,2
2020-05-16,New Zealand,0,0,1148,21,6,0,14,1
2020-05-17,New Zealand,1,0,1149,21,5,0,13,1
2020-05-18,New Zealand,0,0,1149,21,2,0,12,1
2020-05-19,New Zealand,4,0,1153,21,6,0,16,1
2020-05-20,New Zealand,0,0,1153,21,6,0,15,0
2020-05-21,New Zealand,0,0,1153,21,6,0,14,0
2020-05-22,New Zealand,1,0,1154,21,6,0,13,0
2020-05-23,New Zealand,0,0,1154,21,6,0,12,0
2020-05-24,New Zealand,0,0,1154,21,5,0,10,0
2020-05-25,New Zealand,0,0,1154,21,5,0,7,0
2020-05-26,New Zealand,0,0,1154,21,1,0,7,0
2020-05-27,New Zealand,0,0,1154,21,1,0,7,0
2020-05-28,New Zealand,0,1,1154,22,1,1,7,1
2020-05-29,New Zealand,0,0,1154,22,0,1,6,1
2020-05-30,New Zealand,0,0,1154,22,0,1,6,1
2020-05-31,New Zealand,0,0,1154,22,0,1,5,1
2020-06-01,New Zealand,0,0,1154,22,0,1,5,1
2020-06-02,New Zealand,0,0,1154,22,0,1,1,1
2020-06-03,New Zealand,0,0,1154,22,0,1,1,1
2020-06-04,New Zealand,0,0,1154,22,0,0,1,1
2020-06-05,New Zealand,0,0,1154,22,0,0,0,1
2020-06-06,New Zealand,0,0,1154,22,0,0,0,1
2020-06-07,New Zealand,0,0,1154,22,0,0,0,1
2020-06-08,New Zealand,0,0,1154,22,0,0,0,1
2020-06-09,New Zealand,0,0,1154,22,0,0,0,1
2020-06-10,New Zealand,0,0,1154,22,0,0,0,1
2020-06-11,New Zealand,0,0,1154,22,0,0,0,0
2020-06-12,New Zealand,0,0,1154,22,0,0,0,0
2020-06-13,New Zealand,0,0,1154,22,0,0,0,0
2020-06-14,New Zealand,0,0,1154,22,0,0,0,0
2020-06-15,New Zealand,0,0,1154,22,0,0,0,0
2020-06-16,New Zealand,2,0,1156,22,2,0,2,0
2020-06-17,New Zealand,0,0,1156,22,2,0,2,0
2020-06-18,New Zealand,1,0,1157,22,3,0,3,0
2020-06-19,New Zealand,0,0,1157,22,3,0,3,0
2020-06-20,New Zealand,2,0,1159,22,5,0,5,0
2020-06-21,New Zealand,2,0,1161,22,7,0,7,0
2020-06-22,New Zealand,2,0,1163,22,9,0,9,0
2020-06-23,New Zealand,2,0,1165,22,9,0,11,0
2020-06-24,New Zealand,1,0,1166,22,10,0,12,0
2020-06-25,New Zealand,3,0,1169,22,12,0,15,0
2020-06-26,New Zealand,1,0,1170,22,13,0,16,0
2020-06-27,New Zealand,2,0,1172,22,13,0,18,0
2020-06-28,New Zealand,4,0,1176,22,15,0,22,0
2020-06-29,New Zealand,2,0,1178,22,15,0,24,0
2020-06-30,New Zealand,0,0,1178,22,13,0,22,0
2020-07-01,New Zealand,0,0,1178,22,12,0,22,0
2020-07-02,New Zealand,2,0,1180,22,11,0,23,0
2020-07-03,New Zealand,0,0,1180,22,10,0,23,0
2020-07-04,New Zealand,0,0,1180,22,8,0,21,0
2020-07-05,New Zealand,3,0,1183,22,7,0,22,0
2020-07-06,New Zealand,0,0,1183,22,5,0,20,0
2020-07-07,New Zealand,3,0,1186,22,8,0,21,0
2020-07-08,New Zealand,1,0,1187,22,9,0,21,0
2020-07-09,New Zealand,3,0,1190,22,10,0,21,0
2020-07-10,New Zealand,2,0,1192,22,12,0,22,0
2020-07-11,New Zealand,1,0,1193,22,13,0,21,0
2020-07-12,New Zealand,1,0,1194,22,11,0,18,0
2020-07-13,New Zealand,0,0,1194,22,11,0,16,0
2020-07-14,New Zealand,1,0,1195,22,9,0,17,0
2020-07-15,New Zealand,2,0,1197,22,10,0,19,0
2020-07-16,New Zealand,1,0,1198,22,8,0,18,0
2020-07-17,New Zealand,1,0,1199,22,7,0,19,0
2020-07-18,New Zealand,1,0,1200,22,7,0,20,0
2020-07-19,New Zealand,3,0,1203,22,9,0,20,0
2020-07-20,New Zealand,1,0,1204,22,10,0,21,0
2020-07-21,New Zealand,1,0,1205,22,10,0,19,0
2020-07-22,New Zealand,0,0,1205,22,8,0,18,0
2020-07-23,New Zealand,0,0,1205,22,7,0,15,0
2020-07-24,New Zealand,1,0,1206,22,7,0,14,0
2020-07-25,New Zealand,0,0,1206,22,6,0,13,0
2020-07-26,New Zealand,0,0,1206,22,3,0,12,0
2020-07-27,New Zealand,0,0,1206,22,2,0,12,0
2020-07-28,New Zealand,1,0,1207,22,2,0,12,0
2020-07-29,New Zealand,2,0,1209,22,4,0,12,0
2020-07-30,New Zealand,1,0,1210,22,5,0,12,0
2020-07-31,New Zealand,0,0,1210,22,4,0,11,0
2020-08-01,New Zealand,2,0,1212,22,6,0,12,0
2020-08-02,New Zealand,3,0,1215,22,9,0,12,0
2020-08-03,New Zealand,2,0,1217,22,11,0,13,0
2020-08-04,New Zealand,0,0,1217,22,10,0,12,0
2020-08-05,New Zealand,2,0,1219,22,10,0,14,0
2020-08-06,New Zealand,0,0,1219,22,9,0,14,0
2020-08-07,New Zealand,0,0,1219,22,9,0,13,0
2020-08-08,New Zealand,0,0,1219,22,7,0,13,0
2020-08-09,New Zealand,0,0,1219,22,4,0,13,0
2020-08-10,New Zealand,0,0,1219,22,2,0,13,0
2020-08-11,New Zealand,1,0,1220,22,3,0,13,0
2020-08-12,New Zealand,0,0,1220,22,1,0,11,0
2020-08-13,New Zealand,18,0,1238,22,19,0,28,0
2020-08-14,New Zealand,13,0,1251,22,32,0,41,0
2020-08-15,New Zealand,7,0,1258,22,39,0,46,0
2020-08-16,New Zealand,13,0,1271,22,52,0,56,0
2020-08-17,New Zealand,9,0,1280,22,61,0,63,0
2020-08-18,New Zealand,13,0,1293,22,73,0,76,0
2020-08-19,New Zealand,6,0,1299,22,79,0,80,0
2020-08-20,New Zealand,5,0,1304,22,66,0,85,0
2020-08-21,New Zealand,11,0,1315,22,64,0,96,0
2020-08-22,New Zealand,6,0,1321,22,63,0,102,0
2020-08-23,New Zealand,3,0,1324,22,53,0,105,0
2020-08-24,New Zealand,8,0,1332,22,52,0,113,0
2020-08-25,New Zealand,7,0,1339,22,46,0,119,0
2020-08-26,New Zealand,5,0,1344,22,45,0,124,0
2020-08-27,New Zealand,7,0,1351,22,47,0,113,0
2020-08-28,New Zealand,12,0,1363,22,48,0,112,0
2020-08-29,New Zealand,13,0,1376,22,55,0,118,0
2020-08-30,New Zealand,2,0,1378,22,54,0,107,0
2020-08-31,New Zealand,9,0,1387,22,55,0,107,0
2020-04-01,Nicaragua,0,0,4,1,2,1,4,1
2020-04-02,Nicaragua,1,0,5,1,3,1,4,1
2020-04-03,Nicaragua,0,0,5,1,3,1,4,1
2020-04-04,Nicaragua,0,0,5,1,3,0,3,1
2020-04-05,Nicaragua,0,0,5,1,1,0,3,1
2020-04-06,Nicaragua,0,0,5,1,1,0,3,1
2020-04-07,Nicaragua,1,0,6,1,2,0,4,1
2020-04-08,Nicaragua,0,0,6,1,2,0,4,1
2020-04-09,Nicaragua,0,0,6,1,1,0,4,1
2020-04-10,Nicaragua,0,0,6,1,1,0,4,1
2020-04-11,Nicaragua,1,0,7,1,2,0,5,0
2020-04-12,Nicaragua,0,0,7,1,2,0,3,0
2020-04-13,Nicaragua,2,0,9,1,4,0,5,0
2020-04-14,Nicaragua,0,0,9,1,3,0,5,0
2020-04-15,Nicaragua,0,0,9,1,3,0,5,0
2020-04-16,Nicaragua,0,0,9,1,3,0,4,0
2020-04-17,Nicaragua,0,0,9,1,3,0,4,0
2020-04-18,Nicaragua,0,0,9,1,2,0,4,0
2020-04-19,Nicaragua,0,0,9,1,2,0,4,0
2020-04-20,Nicaragua,0,0,9,1,0,0,4,0
2020-04-21,Nicaragua,0,1,9,2,0,1,3,1
2020-04-22,Nicaragua,1,0,10,2,1,1,4,1
2020-04-23,Nicaragua,0,0,10,2,1,1,4,1
2020-04-24,Nicaragua,0,0,10,2,1,1,4,1
2020-04-25,Nicaragua,1,1,11,3,2,2,4,2
2020-04-26,Nicaragua,1,0,12,3,3,2,5,2
2020-04-27,Nicaragua,1,0,13,3,4,2,4,2
2020-04-28,Nicaragua,0,0,13,3,4,1,4,2
2020-04-29,Nicaragua,0,0,13,3,3,1,4,2
2020-04-30,Nicaragua,1,1,14,4,4,2,5,3
2020-05-01,Nicaragua,0,0,14,4,4,2,5,3
2020-05-02,Nicaragua,0,0,14,4,3,1,5,3
2020-05-03,Nicaragua,0,0,14,4,2,1,5,3
2020-05-04,Nicaragua,0,1,14,5,1,2,5,4
2020-05-05,Nicaragua,1,0,15,5,2,2,6,3
2020-05-06,Nicaragua,1,0,16,5,3,2,6,3
2020-05-07,Nicaragua,0,0,16,5,2,1,6,3
2020-05-08,Nicaragua,0,0,16,5,2,1,6,3
2020-05-09,Nicaragua,0,0,16,5,2,1,5,2
2020-05-10,Nicaragua,0,0,16,5,2,1,4,2
2020-05-11,Nicaragua,0,0,16,5,2,0,3,2
2020-05-12,Nicaragua,0,0,16,5,1,0,3,2
2020-05-13,Nicaragua,9,3,25,8,9,3,12,5
2020-05-14,Nicaragua,0,0,25,8,9,3,11,4
2020-05-15,Nicaragua,0,0,25,8,9,3,11,4
2020-05-16,Nicaragua,0,0,25,8,9,3,11,4
2020-05-17,Nicaragua,0,0,25,8,9,3,11,4
2020-05-18,Nicaragua,0,0,25,8,9,3,11,3
2020-05-19,Nicaragua,0,0,25,8,9,3,10,3
2020-05-20,Nicaragua,0,0,25,8,0,0,9,3
2020-05-21,Nicaragua,0,0,25,8,0,0,9,3
2020-05-22,Nicaragua,0,0,25,8,0,0,9,3
2020-05-23,Nicaragua,254,9,279,17,254,9,263,12
2020-05-24,Nicaragua,0,0,279,17,254,9,263,12
2020-05-25,Nicaragua,0,0,279,17,254,9,263,12
2020-05-26,Nicaragua,0,0,279,17,254,9,263,12
2020-05-27,Nicaragua,480,18,759,35,734,27,734,27
2020-05-28,Nicaragua,0,0,759,35,734,27,734,27
2020-05-29,Nicaragua,0,0,759,35,734,27,734,27
2020-05-30,Nicaragua,0,0,759,35,480,18,734,27
2020-05-31,Nicaragua,0,0,759,35,480,18,734,27
2020-06-01,Nicaragua,0,0,759,35,480,18,734,27
2020-06-02,Nicaragua,0,0,759,35,480,18,734,27
2020-06-03,Nicaragua,359,11,1118,46,359,11,1093,38
2020-06-04,Nicaragua,0,0,1118,46,359,11,1093,38
2020-06-05,Nicaragua,0,0,1118,46,359,11,1093,38
2020-06-06,Nicaragua,0,0,1118,46,359,11,839,29
2020-06-07,Nicaragua,191,0,1309,46,550,11,1030,29
2020-06-08,Nicaragua,0,0,1309,46,550,11,1030,29
2020-06-09,Nicaragua,0,0,1309,46,550,11,1030,29
2020-06-10,Nicaragua,0,0,1309,46,191,0,550,11
2020-06-11,Nicaragua,155,9,1464,55,346,9,705,20
2020-06-12,Nicaragua,0,0,1464,55,346,9,705,20
2020-06-13,Nicaragua,191,0,1655,55,537,9,896,20
2020-06-14,Nicaragua,0,0,1655,55,346,9,896,20
2020-06-15,Nicaragua,0,0,1655,55,346,9,896,20
2020-06-16,Nicaragua,0,0,1655,55,346,9,896,20
2020-06-17,Nicaragua,168,9,1823,64,514,18,705,18
2020-06-18,Nicaragua,191,0,2014,64,550,9,896,18
2020-06-19,Nicaragua,0,0,2014,64,550,9,896,18
2020-06-20,Nicaragua,0,0,2014,64,359,9,896,18
2020-06-21,Nicaragua,0,0,2014,64,359,9,705,18
2020-06-22,Nicaragua,0,0,2014,64,359,9,705,18
2020-06-23,Nicaragua,0,0,2014,64,359,9,705,18
2020-06-24,Nicaragua,156,10,2170,74,347,10,861,28
2020-06-25,Nicaragua,0,0,2170,74,156,10,706,19
2020-06-26,Nicaragua,0,0,2170,74,156,10,706,19
2020-06-27,Nicaragua,0,0,2170,74,156,10,515,19
2020-06-28,Nicaragua,0,0,2170,74,156,10,515,19
2020-06-29,Nicaragua,0,0,2170,74,156,10,515,19
2020-06-30,Nicaragua,0,0,2170,74,156,10,515,19
2020-07-01,Nicaragua,349,9,2519,83,349,9,696,19
2020-07-02,Nicaragua,0,0,2519,83,349,9,505,19
2020-07-03,Nicaragua,0,0,2519,83,349,9,505,19
2020-07-04,Nicaragua,0,0,2519,83,349,9,505,19
2020-07-05,Nicaragua,0,0,2519,83,349,9,505,19
2020-07-06,Nicaragua,0,0,2519,83,349,9,505,19
2020-07-07,Nicaragua,0,0,2519,83,349,9,505,19
2020-07-08,Nicaragua,327,8,2846,91,327,8,676,17
2020-07-09,Nicaragua,0,0,2846,91,327,8,676,17
2020-07-10,Nicaragua,0,0,2846,91,327,8,676,17
2020-07-11,Nicaragua,0,0,2846,91,327,8,676,17
2020-07-12,Nicaragua,0,0,2846,91,327,8,676,17
2020-07-13,Nicaragua,0,0,2846,91,327,8,676,17
2020-07-14,Nicaragua,0,0,2846,91,327,8,676,17
2020-07-15,Nicaragua,301,8,3147,99,301,8,628,16
2020-07-16,Nicaragua,0,0,3147,99,301,8,628,16
2020-07-17,Nicaragua,0,0,3147,99,301,8,628,16
2020-07-18,Nicaragua,0,0,3147,99,301,8,628,16
2020-07-19,Nicaragua,0,0,3147,99,301,8,628,16
2020-07-20,Nicaragua,0,0,3147,99,301,8,628,16
2020-07-21,Nicaragua,0,0,3147,99,301,8,628,16
2020-07-22,Nicaragua,292,9,3439,108,292,9,593,17
2020-07-23,Nicaragua,0,0,3439,108,292,9,593,17
2020-07-24,Nicaragua,0,0,3439,108,292,9,593,17
2020-07-25,Nicaragua,0,0,3439,108,292,9,593,17
2020-07-26,Nicaragua,0,0,3439,108,292,9,593,17
2020-07-27,Nicaragua,0,0,3439,108,292,9,593,17
2020-07-28,Nicaragua,0,0,3439,108,292,9,593,17
2020-07-29,Nicaragua,233,8,3672,116,233,8,525,17
2020-07-30,Nicaragua,0,0,3672,116,233,8,525,17
2020-07-31,Nicaragua,0,0,3672,116,233,8,525,17
2020-08-01,Nicaragua,0,0,3672,116,233,8,525,17
2020-08-02,Nicaragua,0,0,3672,116,233,8,525,17
2020-08-03,Nicaragua,0,0,3672,116,233,8,525,17
2020-08-04,Nicaragua,0,0,3672,116,233,8,525,17
2020-08-05,Nicaragua,230,7,3902,123,230,7,463,15
2020-08-06,Nicaragua,0,0,3902,123,230,7,463,15
2020-08-07,Nicaragua,0,0,3902,123,230,7,463,15
2020-08-08,Nicaragua,0,0,3902,123,230,7,463,15
2020-08-09,Nicaragua,0,0,3902,123,230,7,463,15
2020-08-10,Nicaragua,0,0,3902,123,230,7,463,15
2020-08-11,Nicaragua,0,0,3902,123,230,7,463,15
2020-08-12,Nicaragua,213,5,4115,128,213,5,443,12
2020-08-13,Nicaragua,0,0,4115,128,213,5,443,12
2020-08-14,Nicaragua,0,0,4115,128,213,5,443,12
2020-08-15,Nicaragua,0,0,4115,128,213,5,443,12
2020-08-16,Nicaragua,0,0,4115,128,213,5,443,12
2020-08-17,Nicaragua,0,0,4115,128,213,5,443,12
2020-08-18,Nicaragua,0,0,4115,128,213,5,443,12
2020-08-19,Nicaragua,196,5,4311,133,196,5,409,10
2020-08-20,Nicaragua,0,0,4311,133,196,5,409,10
2020-08-21,Nicaragua,0,0,4311,133,196,5,409,10
2020-08-22,Nicaragua,0,0,4311,133,196,5,409,10
2020-08-23,Nicaragua,0,0,4311,133,196,5,409,10
2020-08-24,Nicaragua,0,0,4311,133,196,5,409,10
2020-08-25,Nicaragua,0,0,4311,133,196,5,409,10
2020-08-26,Nicaragua,183,4,4494,137,183,4,379,9
2020-08-27,Nicaragua,0,0,4494,137,183,4,379,9
2020-08-28,Nicaragua,0,0,4494,137,183,4,379,9
2020-08-29,Nicaragua,0,0,4494,137,183,4,379,9
2020-08-30,Nicaragua,0,0,4494,137,183,4,379,9
2020-08-31,Nicaragua,0,0,4494,137,183,4,379,9
2020-04-01,Niger,0,0,20,3,13,2,0,0
2020-04-02,Niger,54,2,74,5,67,4,0,0
2020-04-03,Niger,0,0,74,5,64,4,74,5
2020-04-04,Niger,24,0,98,5,88,4,97,5
2020-04-05,Niger,22,0,120,5,110,4,119,5
2020-04-06,Niger,64,5,184,10,174,9,183,10
2020-04-07,Niger,69,0,253,10,233,7,251,10
2020-04-08,Niger,25,1,278,11,258,8,271,10
2020-04-09,Niger,64,0,342,11,268,6,335,10
2020-04-10,Niger,68,0,410,11,336,6,400,10
2020-04-11,Niger,28,0,438,11,340,6,428,10
2020-04-12,Niger,53,0,491,11,371,6,481,10
2020-04-13,Niger,38,1,529,12,345,2,519,11
2020-04-14,Niger,19,1,548,13,295,3,528,10
2020-04-15,Niger,22,1,570,14,292,3,550,11
2020-04-16,Niger,14,0,584,14,242,3,510,9
2020-04-17,Niger,25,1,609,15,199,4,535,10
2020-04-18,Niger,18,3,627,18,189,7,529,13
2020-04-19,Niger,12,1,639,19,148,8,519,14
2020-04-20,Niger,9,1,648,20,119,8,464,10
2020-04-21,Niger,7,0,655,20,107,7,402,10
2020-04-22,Niger,0,0,655,20,85,6,377,9
2020-04-23,Niger,7,2,662,22,78,8,320,11
2020-04-24,Niger,9,2,671,24,62,9,261,13
2020-04-25,Niger,10,0,681,24,54,6,243,13
2020-04-26,Niger,3,3,684,27,45,8,193,16
2020-04-27,Niger,12,2,696,29,48,9,167,17
2020-04-28,Niger,5,0,701,29,46,9,153,16
2020-04-29,Niger,8,2,709,31,54,11,139,17
2020-04-30,Niger,4,1,713,32,51,10,129,18
2020-05-01,Niger,6,0,719,32,48,8,110,17
2020-05-02,Niger,9,1,728,33,47,9,101,15
2020-05-03,Niger,8,2,736,35,52,8,97,16
2020-05-04,Niger,14,1,750,36,54,7,102,16
2020-05-05,Niger,5,1,755,37,54,8,100,17
2020-05-06,Niger,8,1,763,38,54,7,108,18
2020-05-07,Niger,7,0,770,38,57,6,108,16
2020-05-08,Niger,11,4,781,42,62,10,110,18
2020-05-09,Niger,14,2,795,44,67,11,114,20
2020-05-10,Niger,20,1,815,45,79,10,131,18
2020-05-11,Niger,6,1,821,46,71,10,125,17
2020-05-12,Niger,11,0,832,46,77,9,131,17
2020-05-13,Niger,22,1,854,47,91,9,145,16
2020-05-14,Niger,6,2,860,49,90,11,147,17
2020-05-15,Niger,16,1,876,50,95,8,157,18
2020-05-16,Niger,9,1,885,51,90,7,157,18
2020-05-17,Niger,4,0,889,51,74,6,153,16
2020-05-18,Niger,15,3,904,54,83,8,154,18
2020-05-19,Niger,5,1,909,55,77,9,154,18
2020-05-20,Niger,5,0,914,55,60,8,151,17
2020-05-21,Niger,6,3,920,58,60,9,150,20
2020-05-22,Niger,4,2,924,60,48,10,143,18
2020-05-23,Niger,13,0,937,60,52,9,142,16
2020-05-24,Niger,6,1,943,61,54,10,128,16
2020-05-25,Niger,2,0,945,61,41,7,124,15
2020-05-26,Niger,6,1,951,62,42,7,119,16
2020-05-27,Niger,1,1,952,63,38,8,98,16
2020-05-28,Niger,3,1,955,64,35,6,95,15
2020-05-29,Niger,0,0,955,64,31,4,79,14
2020-05-30,Niger,0,0,955,64,18,4,70,13
2020-05-31,Niger,1,0,956,64,13,3,67,13
2020-06-01,Niger,2,0,958,64,13,3,54,10
2020-06-02,Niger,0,1,958,65,7,3,49,10
2020-06-03,Niger,2,0,960,65,8,2,46,10
2020-06-04,Niger,1,0,961,65,6,1,41,7
2020-06-05,Niger,2,0,963,65,8,1,39,5
2020-06-06,Niger,3,0,966,65,11,1,29,5
2020-06-07,Niger,4,0,970,65,14,1,27,4
2020-06-08,Niger,3,0,973,65,15,1,28,4
2020-06-09,Niger,0,0,973,65,15,0,22,3
2020-06-10,Niger,1,0,974,65,14,0,22,2
2020-06-11,Niger,0,0,974,65,13,0,19,1
2020-06-12,Niger,0,0,974,65,11,0,19,1
2020-06-13,Niger,4,0,978,65,12,0,23,1
2020-06-14,Niger,2,1,980,66,10,1,24,2
2020-06-15,Niger,0,0,980,66,7,1,22,2
2020-06-16,Niger,0,0,980,66,7,1,22,1
2020-06-17,Niger,36,0,1016,66,42,1,56,1
2020-06-18,Niger,4,1,1020,67,46,2,59,2
2020-06-19,Niger,0,0,1020,67,46,2,57,2
2020-06-20,Niger,0,0,1020,67,42,2,54,2
2020-06-21,Niger,15,0,1035,67,55,1,65,2
2020-06-22,Niger,1,0,1036,67,56,1,63,2
2020-06-23,Niger,10,0,1046,67,66,1,73,2
2020-06-24,Niger,5,0,1051,67,35,1,77,2
2020-06-25,Niger,5,0,1056,67,36,0,82,2
2020-06-26,Niger,3,0,1059,67,39,0,85,2
2020-06-27,Niger,3,0,1062,67,42,0,84,2
2020-06-28,Niger,6,0,1068,67,33,0,88,1
2020-06-29,Niger,6,0,1074,67,38,0,94,1
2020-06-30,Niger,1,0,1075,67,29,0,95,1
2020-07-01,Niger,0,0,1075,67,24,0,59,1
2020-07-02,Niger,0,0,1075,67,19,0,55,0
2020-07-03,Niger,6,1,1081,68,22,1,61,1
2020-07-04,Niger,1,0,1082,68,20,1,62,1
2020-07-05,Niger,0,0,1082,68,14,1,47,1
2020-07-06,Niger,11,0,1093,68,19,1,57,1
2020-07-07,Niger,0,0,1093,68,18,1,47,1
2020-07-08,Niger,1,0,1094,68,19,1,43,1
2020-07-09,Niger,3,0,1097,68,22,1,41,1
2020-07-10,Niger,0,0,1097,68,16,0,38,1
2020-07-11,Niger,2,0,1099,68,17,0,37,1
2020-07-12,Niger,0,0,1099,68,17,0,31,1
2020-07-13,Niger,0,0,1099,68,6,0,25,1
2020-07-14,Niger,0,0,1099,68,6,0,24,1
2020-07-15,Niger,0,0,1099,68,5,0,24,1
2020-07-16,Niger,1,1,1100,69,3,1,25,2
2020-07-17,Niger,2,0,1102,69,5,1,21,1
2020-07-18,Niger,0,0,1102,69,3,1,20,1
2020-07-19,Niger,2,0,1104,69,5,1,22,1
2020-07-20,Niger,0,0,1104,69,5,1,11,1
2020-07-21,Niger,1,0,1105,69,6,1,12,1
2020-07-22,Niger,8,0,1113,69,14,1,19,1
2020-07-23,Niger,9,0,1122,69,22,0,25,1
2020-07-24,Niger,2,0,1124,69,22,0,27,1
2020-07-25,Niger,0,0,1124,69,22,0,25,1
2020-07-26,Niger,0,0,1124,69,20,0,25,1
2020-07-27,Niger,8,0,1132,69,28,0,33,1
2020-07-28,Niger,0,0,1132,69,27,0,33,1
2020-07-29,Niger,0,0,1132,69,19,0,33,1
2020-07-30,Niger,2,0,1134,69,12,0,34,0
2020-07-31,Niger,0,0,1134,69,10,0,32,0
2020-08-01,Niger,0,0,1134,69,10,0,32,0
2020-08-02,Niger,2,0,1136,69,12,0,32,0
2020-08-03,Niger,11,0,1147,69,15,0,43,0
2020-08-04,Niger,5,0,1152,69,20,0,47,0
2020-08-05,Niger,0,0,1152,69,20,0,39,0
2020-08-06,Niger,0,0,1152,69,18,0,30,0
2020-08-07,Niger,1,0,1153,69,19,0,29,0
2020-08-08,Niger,0,0,1153,69,19,0,29,0
2020-08-09,Niger,4,0,1157,69,21,0,33,0
2020-08-10,Niger,1,0,1158,69,11,0,26,0
2020-08-11,Niger,0,0,1158,69,6,0,26,0
2020-08-12,Niger,0,0,1158,69,6,0,26,0
2020-08-13,Niger,3,0,1161,69,9,0,27,0
2020-08-14,Niger,0,0,1161,69,8,0,27,0
2020-08-15,Niger,4,0,1165,69,12,0,31,0
2020-08-16,Niger,0,0,1165,69,8,0,29,0
2020-08-17,Niger,2,0,1167,69,9,0,20,0
2020-08-18,Niger,0,0,1167,69,9,0,15,0
2020-08-19,Niger,0,0,1167,69,9,0,15,0
2020-08-20,Niger,0,0,1167,69,6,0,15,0
2020-08-21,Niger,2,0,1169,69,8,0,16,0
2020-08-22,Niger,3,0,1172,69,7,0,19,0
2020-08-23,Niger,0,0,1172,69,7,0,15,0
2020-08-24,Niger,0,0,1172,69,5,0,14,0
2020-08-25,Niger,0,0,1172,69,5,0,14,0
2020-08-26,Niger,1,0,1173,69,6,0,15,0
2020-08-27,Niger,0,0,1173,69,6,0,12,0
2020-08-28,Niger,0,0,1173,69,4,0,12,0
2020-08-29,Niger,2,0,1175,69,3,0,10,0
2020-08-30,Niger,0,0,1175,69,3,0,10,0
2020-08-31,Niger,1,0,1176,69,4,0,9,0
2020-04-01,Nigeria,0,0,131,2,87,1,128,2
2020-04-02,Nigeria,20,0,151,2,100,1,143,2
2020-04-03,Nigeria,23,0,174,2,109,1,166,2
2020-04-04,Nigeria,16,0,190,2,109,1,178,2
2020-04-05,Nigeria,20,2,210,4,113,3,188,4
2020-04-06,Nigeria,22,1,232,5,135,4,202,5
2020-04-07,Nigeria,6,0,238,5,107,3,198,4
2020-04-08,Nigeria,16,1,254,6,123,4,210,5
2020-04-09,Nigeria,22,0,276,6,125,4,225,5
2020-04-10,Nigeria,12,1,288,7,114,5,223,6
2020-04-11,Nigeria,17,0,305,7,115,5,224,6
2020-04-12,Nigeria,13,3,318,10,108,6,221,9
2020-04-13,Nigeria,5,0,323,10,91,5,226,9
2020-04-14,Nigeria,20,0,343,10,105,5,212,8
2020-04-15,Nigeria,30,1,373,11,119,5,242,9
2020-04-16,Nigeria,34,1,407,12,131,6,256,10
2020-04-17,Nigeria,35,1,442,13,154,6,268,11
2020-04-18,Nigeria,51,4,493,17,188,10,303,15
2020-04-19,Nigeria,49,2,542,19,224,9,332,15
2020-04-20,Nigeria,85,2,627,21,304,11,395,16
2020-04-21,Nigeria,38,1,665,22,322,12,427,17
2020-04-22,Nigeria,117,3,782,25,409,14,528,19
2020-04-23,Nigeria,91,3,873,28,466,16,597,22
2020-04-24,Nigeria,108,3,981,31,539,18,693,24
2020-04-25,Nigeria,114,1,1095,32,602,15,790,25
2020-04-26,Nigeria,87,3,1182,35,640,16,864,25
2020-04-27,Nigeria,91,5,1273,40,646,19,950,30
2020-04-28,Nigeria,64,0,1337,40,672,18,994,30
2020-04-29,Nigeria,195,4,1532,44,750,19,1159,33
2020-04-30,Nigeria,196,7,1728,51,855,23,1321,39
2020-05-01,Nigeria,204,7,1932,58,951,27,1490,45
2020-05-02,Nigeria,238,10,2170,68,1075,36,1677,51
2020-05-03,Nigeria,218,17,2388,85,1206,50,1846,66
2020-05-04,Nigeria,170,2,2558,87,1285,47,1931,66
2020-05-05,Nigeria,244,6,2802,93,1465,53,2137,71
2020-05-06,Nigeria,148,5,2950,98,1418,54,2168,73
2020-05-07,Nigeria,195,5,3145,103,1417,52,2272,75
2020-05-08,Nigeria,381,4,3526,107,1594,49,2545,76
2020-05-09,Nigeria,386,10,3912,117,1742,49,2817,85
2020-05-10,Nigeria,239,11,4151,128,1763,43,2969,93
2020-05-11,Nigeria,248,15,4399,143,1841,56,3126,103
2020-05-12,Nigeria,242,7,4641,150,1839,57,3304,110
2020-05-13,Nigeria,146,8,4787,158,1837,60,3255,114
2020-05-14,Nigeria,184,6,4971,164,1826,61,3243,113
2020-05-15,Nigeria,191,3,5162,167,1636,60,3230,109
2020-05-16,Nigeria,283,4,5445,171,1533,54,3275,103
2020-05-17,Nigeria,176,5,5621,176,1470,48,3233,91
2020-05-18,Nigeria,338,6,5959,182,1560,39,3401,95
2020-05-19,Nigeria,216,9,6175,191,1534,41,3373,98
2020-05-20,Nigeria,226,1,6401,192,1614,34,3451,94
2020-05-21,Nigeria,276,8,6677,200,1706,36,3532,97
2020-05-22,Nigeria,339,11,7016,211,1854,44,3490,104
2020-05-23,Nigeria,245,10,7261,221,1816,50,3349,104
2020-05-24,Nigeria,265,0,7526,221,1905,45,3375,93
2020-05-25,Nigeria,313,5,7839,226,1880,44,3440,83
2020-05-26,Nigeria,229,7,8068,233,1893,42,3427,83
2020-05-27,Nigeria,276,16,8344,249,1943,57,3557,91
2020-05-28,Nigeria,389,5,8733,254,2056,54,3762,90
2020-05-29,Nigeria,182,5,8915,259,1899,48,3753,92
2020-05-30,Nigeria,387,2,9302,261,2041,40,3857,90
2020-05-31,Nigeria,553,12,9855,273,2329,52,4234,97
2020-06-01,Nigeria,307,14,10162,287,2323,61,4203,105
2020-06-02,Nigeria,416,12,10578,299,2510,66,4403,108
2020-06-03,Nigeria,241,15,10819,314,2475,65,4418,122
2020-06-04,Nigeria,347,1,11166,315,2433,61,4489,115
2020-06-05,Nigeria,350,8,11516,323,2601,64,4500,112
2020-06-06,Nigeria,328,10,11844,333,2542,72,4583,112
2020-06-07,Nigeria,389,9,12233,342,2378,69,4707,121
2020-06-08,Nigeria,253,12,12486,354,2324,67,4647,128
2020-06-09,Nigeria,315,7,12801,361,2223,62,4733,128
2020-06-10,Nigeria,663,4,13464,365,2645,51,5120,116
2020-06-11,Nigeria,409,17,13873,382,2707,67,5140,128
2020-06-12,Nigeria,681,5,14554,387,3038,64,5639,128
2020-06-13,Nigeria,627,12,15181,399,3337,66,5879,138
2020-06-14,Nigeria,501,8,15682,407,3449,65,5827,134
2020-06-15,Nigeria,403,13,16085,420,3599,66,5923,133
2020-06-16,Nigeria,573,4,16658,424,3857,63,6080,125
2020-06-17,Nigeria,490,31,17148,455,3684,90,6329,141
2020-06-18,Nigeria,587,14,17735,469,3862,87,6569,154
2020-06-19,Nigeria,745,6,18480,475,3926,88,6964,152
2020-06-20,Nigeria,667,12,19147,487,3966,88,7303,154
2020-06-21,Nigeria,661,19,19808,506,4126,99,7575,164
2020-06-22,Nigeria,436,12,20244,518,4159,98,7758,164
2020-06-23,Nigeria,675,7,20919,525,4261,101,8118,164
2020-06-24,Nigeria,452,8,21371,533,4223,78,7907,168
2020-06-25,Nigeria,649,9,22020,542,4285,73,8147,160
2020-06-26,Nigeria,594,7,22614,549,4134,74,8060,162
2020-06-27,Nigeria,684,5,23298,554,4151,67,8117,155
2020-06-28,Nigeria,779,4,24077,558,4269,52,8395,151
2020-06-29,Nigeria,490,7,24567,565,4323,47,8482,145
2020-06-30,Nigeria,566,8,25133,573,4214,48,8475,149
2020-07-01,Nigeria,561,17,25694,590,4323,57,8546,135
2020-07-02,Nigeria,790,13,26484,603,4464,61,8749,134
2020-07-03,Nigeria,626,13,27110,616,4496,67,8630,141
2020-07-04,Nigeria,454,12,27564,628,4266,74,8417,141
2020-07-05,Nigeria,603,6,28167,634,4090,76,8359,128
2020-07-06,Nigeria,544,11,28711,645,4144,80,8467,127
2020-07-07,Nigeria,575,9,29286,654,4153,81,8367,129
2020-07-08,Nigeria,503,15,29789,669,4095,79,8418,136
2020-07-09,Nigeria,460,15,30249,684,3765,81,8229,142
2020-07-10,Nigeria,499,5,30748,689,3638,73,8134,140
2020-07-11,Nigeria,575,20,31323,709,3759,81,8025,155
2020-07-12,Nigeria,664,15,31987,724,3820,90,7910,166
2020-07-13,Nigeria,571,16,32558,740,3847,95,7991,175
2020-07-14,Nigeria,595,4,33153,744,3867,90,8020,171
2020-07-15,Nigeria,463,10,33616,754,3827,85,7922,164
2020-07-16,Nigeria,643,6,34259,760,4010,76,7775,157
2020-07-17,Nigeria,595,9,34854,769,4106,80,7744,153
2020-07-18,Nigeria,600,3,35454,772,4131,63,7890,144
2020-07-19,Nigeria,653,6,36107,778,4120,54,7940,144
2020-07-20,Nigeria,556,11,36663,789,4105,49,7952,144
2020-07-21,Nigeria,562,12,37225,801,4072,57,7939,147
2020-07-22,Nigeria,576,4,37801,805,4185,51,8012,136
2020-07-23,Nigeria,543,8,38344,813,4085,53,8095,129
2020-07-24,Nigeria,604,20,38948,833,4094,64,8200,144
2020-07-25,Nigeria,591,12,39539,845,4085,73,8216,136
2020-07-26,Nigeria,438,11,39977,856,3870,78,7990,132
2020-07-27,Nigeria,555,2,40532,858,3869,69,7974,118
2020-07-28,Nigeria,648,2,41180,860,3955,59,8027,116
2020-07-29,Nigeria,624,8,41804,868,4003,63,8188,114
2020-07-30,Nigeria,404,5,42208,873,3864,60,7949,113
2020-07-31,Nigeria,481,5,42689,878,3741,45,7835,109
2020-08-01,Nigeria,462,1,43151,879,3612,34,7697,107
2020-08-02,Nigeria,386,4,43537,883,3560,27,7430,105
2020-08-03,Nigeria,304,5,43841,888,3309,30,7178,99
2020-08-04,Nigeria,288,8,44129,896,2949,36,6904,95
2020-08-05,Nigeria,304,14,44433,910,2629,42,6632,105
2020-08-06,Nigeria,457,17,44890,927,2682,54,6546,114
2020-08-07,Nigeria,354,3,45244,930,2555,52,6296,97
2020-08-08,Nigeria,443,6,45687,936,2536,57,6148,91
2020-08-09,Nigeria,453,6,46140,942,2603,59,6163,86
2020-08-10,Nigeria,437,3,46577,945,2736,57,6045,87
2020-08-11,Nigeria,290,5,46867,950,2738,54,5687,90
2020-08-12,Nigeria,423,6,47290,956,2857,46,5486,88
2020-08-13,Nigeria,453,0,47743,956,2853,29,5535,83
2020-08-14,Nigeria,373,10,48116,966,2872,36,5427,88
2020-08-15,Nigeria,329,7,48445,973,2758,37,5294,94
2020-08-16,Nigeria,325,1,48770,974,2630,32,5233,91
2020-08-17,Nigeria,298,1,49068,975,2491,30,5227,87
2020-08-18,Nigeria,417,2,49485,977,2618,27,5356,81
2020-08-19,Nigeria,410,4,49895,981,2605,25,5462,71
2020-08-20,Nigeria,593,4,50488,985,2745,29,5598,58
2020-08-21,Nigeria,476,7,50964,992,2848,26,5720,62
2020-08-22,Nigeria,340,4,51304,996,2859,23,5617,60
2020-08-23,Nigeria,601,1,51905,997,3135,23,5765,55
2020-08-24,Nigeria,322,5,52227,1002,3159,27,5650,57
2020-08-25,Nigeria,321,2,52548,1004,3063,27,5681,54
2020-08-26,Nigeria,252,3,52800,1007,2905,26,5510,51
2020-08-27,Nigeria,221,3,53021,1010,2533,25,5278,54
2020-08-28,Nigeria,296,1,53317,1011,2353,19,5201,45
2020-08-29,Nigeria,160,0,53477,1011,2173,15,5032,38
2020-08-30,Nigeria,250,0,53727,1011,1822,14,4957,37
2020-08-31,Nigeria,138,2,53865,1013,1638,11,4797,38
2020-04-01,Northern Mariana Islands,4,0,6,0,0,0,0,0
2020-04-02,Northern Mariana Islands,0,1,6,1,0,0,0,0
2020-04-03,Northern Mariana Islands,2,0,8,1,0,0,0,0
2020-04-04,Northern Mariana Islands,0,0,8,1,0,0,0,0
2020-04-05,Northern Mariana Islands,0,0,8,1,0,0,0,0
2020-04-06,Northern Mariana Islands,0,0,8,1,8,1,0,0
2020-04-07,Northern Mariana Islands,0,0,8,1,6,1,0,0
2020-04-08,Northern Mariana Islands,0,1,8,2,2,2,0,0
2020-04-09,Northern Mariana Islands,3,0,11,2,5,1,0,0
2020-04-10,Northern Mariana Islands,0,0,11,2,3,1,0,0
2020-04-11,Northern Mariana Islands,0,0,11,2,3,1,0,0
2020-04-12,Northern Mariana Islands,0,0,11,2,3,1,0,0
2020-04-13,Northern Mariana Islands,0,0,11,2,3,1,11,2
2020-04-14,Northern Mariana Islands,0,0,11,2,3,1,9,2
2020-04-15,Northern Mariana Islands,2,0,13,2,5,0,7,2
2020-04-16,Northern Mariana Islands,0,0,13,2,2,0,7,1
2020-04-17,Northern Mariana Islands,0,0,13,2,2,0,5,1
2020-04-18,Northern Mariana Islands,1,0,14,2,3,0,6,1
2020-04-19,Northern Mariana Islands,0,0,14,2,3,0,6,1
2020-04-20,Northern Mariana Islands,0,0,14,2,3,0,6,1
2020-04-21,Northern Mariana Islands,0,0,14,2,3,0,6,1
2020-04-22,Northern Mariana Islands,0,0,14,2,1,0,6,0
2020-04-23,Northern Mariana Islands,0,0,14,2,1,0,3,0
2020-04-24,Northern Mariana Islands,0,0,14,2,1,0,3,0
2020-04-25,Northern Mariana Islands,0,0,14,2,0,0,3,0
2020-04-26,Northern Mariana Islands,0,0,14,2,0,0,3,0
2020-04-27,Northern Mariana Islands,0,0,14,2,0,0,3,0
2020-04-28,Northern Mariana Islands,0,0,14,2,0,0,3,0
2020-04-29,Northern Mariana Islands,0,0,14,2,0,0,1,0
2020-04-30,Northern Mariana Islands,0,0,14,2,0,0,1,0
2020-05-01,Northern Mariana Islands,0,0,14,2,0,0,1,0
2020-05-02,Northern Mariana Islands,0,0,14,2,0,0,0,0
2020-05-03,Northern Mariana Islands,0,0,14,2,0,0,0,0
2020-05-04,Northern Mariana Islands,0,0,14,2,0,0,0,0
2020-05-05,Northern Mariana Islands,0,0,14,2,0,0,0,0
2020-05-06,Northern Mariana Islands,0,0,14,2,0,0,0,0
2020-05-07,Northern Mariana Islands,1,0,15,2,1,0,1,0
2020-05-08,Northern Mariana Islands,0,0,15,2,1,0,1,0
2020-05-09,Northern Mariana Islands,0,0,15,2,1,0,1,0
2020-05-10,Northern Mariana Islands,1,0,16,2,2,0,2,0
2020-05-11,Northern Mariana Islands,0,0,16,2,2,0,2,0
2020-05-12,Northern Mariana Islands,3,0,19,2,5,0,5,0
2020-05-13,Northern Mariana Islands,0,0,19,2,5,0,5,0
2020-05-14,Northern Mariana Islands,0,0,19,2,4,0,5,0
2020-05-15,Northern Mariana Islands,0,0,19,2,4,0,5,0
2020-05-16,Northern Mariana Islands,0,0,19,2,4,0,5,0
2020-05-17,Northern Mariana Islands,2,0,21,2,5,0,7,0
2020-05-18,Northern Mariana Islands,0,0,21,2,5,0,7,0
2020-05-19,Northern Mariana Islands,0,0,21,2,2,0,7,0
2020-05-20,Northern Mariana Islands,0,0,21,2,2,0,7,0
2020-05-21,Northern Mariana Islands,1,0,22,2,3,0,7,0
2020-05-22,Northern Mariana Islands,0,0,22,2,3,0,7,0
2020-05-23,Northern Mariana Islands,0,0,22,2,3,0,7,0
2020-05-24,Northern Mariana Islands,0,0,22,2,1,0,6,0
2020-05-25,Northern Mariana Islands,0,0,22,2,1,0,6,0
2020-05-26,Northern Mariana Islands,0,0,22,2,1,0,3,0
2020-05-27,Northern Mariana Islands,0,0,22,2,1,0,3,0
2020-05-28,Northern Mariana Islands,0,0,22,2,0,0,3,0
2020-05-29,Northern Mariana Islands,0,0,22,2,0,0,3,0
2020-05-30,Northern Mariana Islands,0,0,22,2,0,0,3,0
2020-05-31,Northern Mariana Islands,0,0,22,2,0,0,1,0
2020-06-01,Northern Mariana Islands,0,0,22,2,0,0,1,0
2020-06-02,Northern Mariana Islands,0,0,22,2,0,0,1,0
2020-06-03,Northern Mariana Islands,1,0,23,2,1,0,2,0
2020-06-04,Northern Mariana Islands,1,0,24,2,2,0,2,0
2020-06-05,Northern Mariana Islands,2,0,26,2,4,0,4,0
2020-06-06,Northern Mariana Islands,0,0,26,2,4,0,4,0
2020-06-07,Northern Mariana Islands,1,0,27,2,5,0,5,0
2020-06-08,Northern Mariana Islands,0,0,27,2,5,0,5,0
2020-06-09,Northern Mariana Islands,1,0,28,2,6,0,6,0
2020-06-10,Northern Mariana Islands,2,0,30,2,7,0,8,0
2020-06-11,Northern Mariana Islands,0,0,30,2,6,0,8,0
2020-06-12,Northern Mariana Islands,0,0,30,2,4,0,8,0
2020-06-13,Northern Mariana Islands,0,0,30,2,4,0,8,0
2020-06-14,Northern Mariana Islands,0,0,30,2,3,0,8,0
2020-06-15,Northern Mariana Islands,0,0,30,2,3,0,8,0
2020-06-16,Northern Mariana Islands,0,0,30,2,2,0,8,0
2020-06-17,Northern Mariana Islands,0,0,30,2,0,0,7,0
2020-06-18,Northern Mariana Islands,0,0,30,2,0,0,6,0
2020-06-19,Northern Mariana Islands,0,0,30,2,0,0,4,0
2020-06-20,Northern Mariana Islands,0,0,30,2,0,0,4,0
2020-06-21,Northern Mariana Islands,0,0,30,2,0,0,3,0
2020-06-22,Northern Mariana Islands,0,0,30,2,0,0,3,0
2020-06-23,Northern Mariana Islands,0,0,30,2,0,0,2,0
2020-06-24,Northern Mariana Islands,0,0,30,2,0,0,0,0
2020-06-25,Northern Mariana Islands,0,0,30,2,0,0,0,0
2020-06-26,Northern Mariana Islands,0,0,30,2,0,0,0,0
2020-06-27,Northern Mariana Islands,0,0,30,2,0,0,0,0
2020-06-28,Northern Mariana Islands,0,0,30,2,0,0,0,0
2020-06-29,Northern Mariana Islands,0,0,30,2,0,0,0,0
2020-06-30,Northern Mariana Islands,0,0,30,2,0,0,0,0
2020-07-01,Northern Mariana Islands,0,0,30,2,0,0,0,0
2020-07-02,Northern Mariana Islands,0,0,30,2,0,0,0,0
2020-07-03,Northern Mariana Islands,1,0,31,2,1,0,1,0
2020-07-04,Northern Mariana Islands,0,0,31,2,1,0,1,0
2020-07-05,Northern Mariana Islands,0,0,31,2,1,0,1,0
2020-07-06,Northern Mariana Islands,0,0,31,2,1,0,1,0
2020-07-07,Northern Mariana Islands,0,0,31,2,1,0,1,0
2020-07-08,Northern Mariana Islands,0,0,31,2,1,0,1,0
2020-07-09,Northern Mariana Islands,0,0,31,2,1,0,1,0
2020-07-10,Northern Mariana Islands,0,0,31,2,0,0,1,0
2020-07-11,Northern Mariana Islands,0,0,31,2,0,0,1,0
2020-07-12,Northern Mariana Islands,2,0,33,2,2,0,3,0
2020-07-13,Northern Mariana Islands,0,0,33,2,2,0,3,0
2020-07-14,Northern Mariana Islands,0,0,33,2,2,0,3,0
2020-07-15,Northern Mariana Islands,3,0,36,2,5,0,6,0
2020-07-16,Northern Mariana Islands,0,0,36,2,5,0,6,0
2020-07-17,Northern Mariana Islands,1,0,37,2,6,0,6,0
2020-07-18,Northern Mariana Islands,0,0,37,2,6,0,6,0
2020-07-19,Northern Mariana Islands,0,0,37,2,4,0,6,0
2020-07-20,Northern Mariana Islands,0,0,37,2,4,0,6,0
2020-07-21,Northern Mariana Islands,1,0,38,2,5,0,7,0
2020-07-22,Northern Mariana Islands,0,0,38,2,2,0,7,0
2020-07-23,Northern Mariana Islands,0,0,38,2,2,0,7,0
2020-07-24,Northern Mariana Islands,0,0,38,2,1,0,7,0
2020-07-25,Northern Mariana Islands,0,0,38,2,1,0,7,0
2020-07-26,Northern Mariana Islands,2,0,40,2,3,0,7,0
2020-07-27,Northern Mariana Islands,0,0,40,2,3,0,7,0
2020-07-28,Northern Mariana Islands,0,0,40,2,2,0,7,0
2020-07-29,Northern Mariana Islands,0,0,40,2,2,0,4,0
2020-07-30,Northern Mariana Islands,2,0,42,2,4,0,6,0
2020-07-31,Northern Mariana Islands,0,0,42,2,4,0,5,0
2020-08-01,Northern Mariana Islands,0,0,42,2,4,0,5,0
2020-08-02,Northern Mariana Islands,3,0,45,2,5,0,8,0
2020-08-03,Northern Mariana Islands,1,0,46,2,6,0,9,0
2020-08-04,Northern Mariana Islands,0,0,46,2,6,0,8,0
2020-08-05,Northern Mariana Islands,0,0,46,2,6,0,8,0
2020-08-06,Northern Mariana Islands,0,0,46,2,4,0,8,0
2020-08-07,Northern Mariana Islands,1,0,47,2,5,0,9,0
2020-08-08,Northern Mariana Islands,0,0,47,2,5,0,9,0
2020-08-09,Northern Mariana Islands,1,0,48,2,3,0,8,0
2020-08-10,Northern Mariana Islands,0,0,48,2,2,0,8,0
2020-08-11,Northern Mariana Islands,1,0,49,2,3,0,9,0
2020-08-12,Northern Mariana Islands,0,0,49,2,3,0,9,0
2020-08-13,Northern Mariana Islands,0,0,49,2,3,0,7,0
2020-08-14,Northern Mariana Islands,0,0,49,2,2,0,7,0
2020-08-15,Northern Mariana Islands,1,0,50,2,3,0,8,0
2020-08-16,Northern Mariana Islands,0,0,50,2,2,0,5,0
2020-08-17,Northern Mariana Islands,0,0,50,2,2,0,4,0
2020-08-18,Northern Mariana Islands,4,0,54,2,5,0,8,0
2020-08-19,Northern Mariana Islands,0,0,54,2,5,0,8,0
2020-08-20,Northern Mariana Islands,0,0,54,2,5,0,8,0
2020-08-21,Northern Mariana Islands,0,0,54,2,5,0,7,0
2020-08-22,Northern Mariana Islands,0,0,54,2,4,0,7,0
2020-08-23,Northern Mariana Islands,0,0,54,2,4,0,6,0
2020-08-24,Northern Mariana Islands,0,0,54,2,4,0,6,0
2020-08-25,Northern Mariana Islands,0,0,54,2,0,0,5,0
2020-08-26,Northern Mariana Islands,0,0,54,2,0,0,5,0
2020-08-27,Northern Mariana Islands,0,0,54,2,0,0,5,0
2020-08-28,Northern Mariana Islands,0,0,54,2,0,0,5,0
2020-08-29,Northern Mariana Islands,2,0,56,2,2,0,6,0
2020-08-30,Northern Mariana Islands,0,0,56,2,2,0,6,0
2020-08-31,Northern Mariana Islands,0,0,56,2,2,0,6,0
2020-04-01,Norway,221,2,4447,28,1881,18,3139,25
2020-04-02,Norway,218,4,4665,32,1749,20,3242,29
2020-04-03,Norway,270,10,4935,42,1779,28,3383,36
2020-04-04,Norway,273,2,5208,44,1627,28,3466,37
2020-04-05,Norway,302,6,5510,50,1665,30,3584,43
2020-04-06,Norway,130,8,5640,58,1538,36,3508,51
2020-04-07,Norway,115,1,5755,59,1529,33,3384,51
2020-04-08,Norway,108,10,5863,69,1416,41,3297,59
2020-04-09,Norway,147,11,6010,80,1345,48,3094,68
2020-04-10,Norway,150,8,6160,88,1225,46,3004,74
2020-04-11,Norway,84,4,6244,92,1036,48,2663,76
2020-04-12,Norway,76,6,6320,98,810,48,2475,78
2020-04-13,Norway,95,5,6415,103,775,45,2313,81
2020-04-14,Norway,73,11,6488,114,733,55,2262,88
2020-04-15,Norway,78,13,6566,127,703,58,2119,99
2020-04-16,Norway,111,3,6677,130,667,50,2012,98
2020-04-17,Norway,114,6,6791,136,631,48,1856,94
2020-04-18,Norway,0,0,6791,136,547,44,1583,92
2020-04-19,Norway,193,12,6984,148,664,50,1474,98
2020-04-20,Norway,84,6,7068,154,653,51,1428,96
2020-04-21,Norway,45,0,7113,154,625,40,1358,95
2020-04-22,Norway,53,9,7166,163,600,36,1303,94
2020-04-23,Norway,84,6,7250,169,573,39,1240,89
2020-04-24,Norway,95,11,7345,180,554,44,1185,92
2020-04-25,Norway,63,11,7408,191,617,55,1164,99
2020-04-26,Norway,59,2,7467,193,483,45,1147,95
2020-04-27,Norway,38,0,7505,193,437,39,1090,90
2020-04-28,Norway,28,0,7533,193,420,39,1045,79
2020-04-29,Norway,72,2,7605,195,439,32,1039,68
2020-04-30,Norway,62,7,7667,202,417,33,990,72
2020-05-01,Norway,43,2,7710,204,365,24,919,68
2020-05-02,Norway,49,0,7759,204,351,13,968,68
2020-05-03,Norway,0,0,7759,204,292,11,775,56
2020-05-04,Norway,50,4,7809,208,304,15,741,54
2020-05-05,Norway,38,0,7847,208,314,15,734,54
2020-05-06,Norway,56,1,7903,209,298,14,737,46
2020-05-07,Norway,50,0,7953,209,286,7,703,40
2020-05-08,Norway,42,0,7995,209,285,5,650,29
2020-05-09,Norway,39,4,8034,213,275,9,626,22
2020-05-10,Norway,35,0,8069,213,310,9,602,20
2020-05-11,Norway,30,4,8099,217,290,9,594,24
2020-05-12,Norway,7,7,8106,224,259,16,573,31
2020-05-13,Norway,29,4,8135,228,232,19,530,33
2020-05-14,Norway,23,1,8158,229,205,20,491,27
2020-05-15,Norway,17,3,8175,232,180,23,465,28
2020-05-16,Norway,22,0,8197,232,163,19,438,28
2020-05-17,Norway,0,0,8197,232,128,19,438,28
2020-05-18,Norway,0,0,8197,232,98,15,388,24
2020-05-19,Norway,52,1,8249,233,143,9,402,25
2020-05-20,Norway,8,0,8257,233,122,5,354,24
2020-05-21,Norway,11,1,8268,234,110,5,315,25
2020-05-22,Norway,0,0,8268,234,93,2,273,25
2020-05-23,Norway,41,1,8309,235,112,3,275,22
2020-05-24,Norway,0,0,8309,235,112,3,240,22
2020-05-25,Norway,0,0,8309,235,112,3,210,18
2020-05-26,Norway,43,0,8352,235,103,2,246,11
2020-05-27,Norway,12,0,8364,235,107,2,229,7
2020-05-28,Norway,19,0,8383,235,115,1,225,6
2020-05-29,Norway,18,1,8401,236,133,2,226,4
2020-05-30,Norway,10,0,8411,236,102,1,214,4
2020-05-31,Norway,0,0,8411,236,102,1,214,4
2020-06-01,Norway,0,0,8411,236,102,1,214,4
2020-06-02,Norway,0,0,8411,236,59,1,162,3
2020-06-03,Norway,35,1,8446,237,82,2,189,4
2020-06-04,Norway,0,0,8446,237,63,2,178,3
2020-06-05,Norway,31,1,8477,238,76,2,209,4
2020-06-06,Norway,27,0,8504,238,93,2,195,3
2020-06-07,Norway,0,0,8504,238,93,2,195,3
2020-06-08,Norway,0,0,8504,238,93,2,195,3
2020-06-09,Norway,43,1,8547,239,136,3,195,4
2020-06-10,Norway,16,0,8563,239,117,2,199,4
2020-06-11,Norway,13,0,8576,239,130,2,193,4
2020-06-12,Norway,18,3,8594,242,117,4,193,6
2020-06-13,Norway,12,0,8606,242,102,4,195,6
2020-06-14,Norway,0,0,8606,242,102,4,195,6
2020-06-15,Norway,0,0,8606,242,102,4,195,6
2020-06-16,Norway,25,0,8631,242,84,3,220,6
2020-06-17,Norway,0,0,8631,242,68,3,185,5
2020-06-18,Norway,29,1,8660,243,84,4,214,6
2020-06-19,Norway,32,1,8692,244,98,2,215,6
2020-06-20,Norway,0,0,8692,244,86,2,188,6
2020-06-21,Norway,16,0,8708,244,102,2,204,6
2020-06-22,Norway,0,0,8708,244,102,2,204,6
2020-06-23,Norway,37,4,8745,248,114,6,198,9
2020-06-24,Norway,6,0,8751,248,120,6,188,9
2020-06-25,Norway,26,1,8777,249,117,6,201,10
2020-06-26,Norway,16,0,8793,249,101,5,199,7
2020-06-27,Norway,22,0,8815,249,123,5,209,7
2020-06-28,Norway,0,0,8815,249,107,5,209,7
2020-06-29,Norway,0,0,8815,249,107,5,209,7
2020-06-30,Norway,40,0,8855,249,110,1,224,7
2020-07-01,Norway,10,1,8865,250,114,2,234,8
2020-07-02,Norway,22,1,8887,251,110,2,227,8
2020-07-03,Norway,8,0,8895,251,102,2,203,7
2020-07-04,Norway,0,0,8895,251,80,2,203,7
2020-07-05,Norway,0,0,8895,251,80,2,187,7
2020-07-06,Norway,0,0,8895,251,80,2,187,7
2020-07-07,Norway,35,0,8930,251,75,2,185,3
2020-07-08,Norway,6,0,8936,251,71,1,185,3
2020-07-09,Norway,11,0,8947,251,60,0,170,2
2020-07-10,Norway,7,1,8954,252,59,1,161,3
2020-07-11,Norway,11,0,8965,252,70,1,150,3
2020-07-12,Norway,0,0,8965,252,70,1,150,3
2020-07-13,Norway,0,0,8965,252,70,1,150,3
2020-07-14,Norway,16,1,8981,253,51,2,126,4
2020-07-15,Norway,3,0,8984,253,48,2,119,3
2020-07-16,Norway,17,0,9001,253,54,2,114,2
2020-07-17,Norway,10,1,9011,254,57,2,116,3
2020-07-18,Norway,4,1,9015,255,50,3,120,4
2020-07-19,Norway,0,0,9015,255,50,3,120,4
2020-07-20,Norway,0,0,9015,255,50,3,120,4
2020-07-21,Norway,13,0,9028,255,47,2,98,4
2020-07-22,Norway,10,0,9038,255,54,2,102,4
2020-07-23,Norway,15,0,9053,255,52,2,106,4
2020-07-24,Norway,9,0,9062,255,51,1,108,3
2020-07-25,Norway,23,0,9085,255,70,0,120,3
2020-07-26,Norway,0,0,9085,255,70,0,120,3
2020-07-27,Norway,0,0,9085,255,70,0,120,3
2020-07-28,Norway,32,0,9117,255,89,0,136,2
2020-07-29,Norway,15,0,9132,255,94,0,148,2
2020-07-30,Norway,18,0,9150,255,97,0,149,2
2020-07-31,Norway,22,0,9172,255,110,0,161,1
2020-08-01,Norway,36,0,9208,255,123,0,193,0
2020-08-02,Norway,0,0,9208,255,123,0,193,0
2020-08-03,Norway,0,0,9208,255,123,0,193,0
2020-08-04,Norway,60,1,9268,256,151,1,240,1
2020-08-05,Norway,65,0,9333,256,201,1,295,1
2020-08-06,Norway,29,0,9362,256,212,1,309,1
2020-08-07,Norway,47,0,9409,256,237,1,347,1
2020-08-08,Norway,59,0,9468,256,260,1,383,1
2020-08-09,Norway,0,0,9468,256,260,1,383,1
2020-08-10,Norway,0,0,9468,256,260,1,383,1
2020-08-11,Norway,170,0,9638,256,370,0,521,1
2020-08-12,Norway,46,0,9684,256,351,0,552,1
2020-08-13,Norway,66,0,9750,256,388,0,600,1
2020-08-14,Norway,33,1,9783,257,374,1,611,2
2020-08-15,Norway,67,4,9850,261,382,5,642,6
2020-08-16,Norway,0,0,9850,261,382,5,642,6
2020-08-17,Norway,0,0,9850,261,382,5,642,6
2020-08-18,Norway,154,0,10004,261,366,5,736,5
2020-08-19,Norway,56,1,10060,262,376,6,727,6
2020-08-20,Norway,51,0,10111,262,361,6,749,6
2020-08-21,Norway,51,2,10162,264,379,7,753,8
2020-08-22,Norway,35,0,10197,264,347,3,729,8
2020-08-23,Norway,0,0,10197,264,347,3,729,8
2020-08-24,Norway,0,0,10197,264,347,3,729,8
2020-08-25,Norway,126,0,10323,264,319,3,685,8
2020-08-26,Norway,72,0,10395,264,335,2,711,8
2020-08-27,Norway,59,0,10454,264,343,2,704,8
2020-08-28,Norway,51,0,10505,264,343,0,722,7
2020-08-29,Norway,38,0,10543,264,346,0,693,3
2020-08-30,Norway,0,0,10543,264,346,0,693,3
2020-08-31,Norway,0,0,10543,264,346,0,693,3
2020-04-01,Oman,13,1,192,1,108,1,168,1
2020-04-02,Oman,18,0,210,1,111,1,171,1
2020-04-03,Oman,21,0,231,1,122,1,192,1
2020-04-04,Oman,0,0,231,1,100,1,183,1
2020-04-05,Oman,46,1,277,2,125,2,225,2
2020-04-06,Oman,21,0,298,2,131,2,243,2
2020-04-07,Oman,73,0,371,2,192,2,305,2
2020-04-08,Oman,48,0,419,2,227,1,335,2
2020-04-09,Oman,0,0,419,2,209,1,320,2
2020-04-10,Oman,38,1,457,3,226,2,348,3
2020-04-11,Oman,27,0,484,3,253,2,353,3
2020-04-12,Oman,62,0,546,3,269,1,394,3
2020-04-13,Oman,53,1,599,4,301,2,432,4
2020-04-14,Oman,214,0,813,4,442,2,634,4
2020-04-15,Oman,97,0,910,4,491,2,718,3
2020-04-16,Oman,0,0,910,4,491,2,700,3
2020-04-17,Oman,109,0,1019,4,562,1,788,3
2020-04-18,Oman,50,2,1069,6,585,3,838,5
2020-04-19,Oman,111,0,1180,6,634,3,903,4
2020-04-20,Oman,86,1,1266,7,667,3,968,5
2020-04-21,Oman,242,1,1508,8,695,4,1137,6
2020-04-22,Oman,0,0,1508,8,598,4,1089,6
2020-04-23,Oman,106,0,1614,8,704,4,1195,6
2020-04-24,Oman,102,1,1716,9,697,5,1259,6
2020-04-25,Oman,74,1,1790,10,721,4,1306,7
2020-04-26,Oman,115,0,1905,10,725,4,1359,7
2020-04-27,Oman,93,0,1998,10,732,3,1399,6
2020-04-28,Oman,51,0,2049,10,541,2,1236,6
2020-04-29,Oman,82,0,2131,10,623,2,1221,6
2020-04-30,Oman,143,0,2274,10,660,2,1364,6
2020-05-01,Oman,74,1,2348,11,632,2,1329,7
2020-05-02,Oman,99,0,2447,11,657,1,1378,5
2020-05-03,Oman,36,1,2483,12,578,2,1303,6
2020-05-04,Oman,85,0,2568,12,570,2,1302,5
2020-05-05,Oman,69,0,2637,12,588,2,1129,4
2020-05-06,Oman,98,0,2735,12,604,2,1227,4
2020-05-07,Oman,168,1,2903,13,629,3,1289,5
2020-05-08,Oman,55,1,2958,14,610,3,1242,5
2020-05-09,Oman,154,1,3112,15,665,4,1322,5
2020-05-10,Oman,112,2,3224,17,741,5,1319,7
2020-05-11,Oman,175,0,3399,17,831,5,1401,7
2020-05-12,Oman,175,0,3574,17,937,5,1525,7
2020-05-13,Oman,147,0,3721,17,986,5,1590,7
2020-05-14,Oman,298,0,4019,17,1116,4,1745,7
2020-05-15,Oman,322,2,4341,19,1383,5,1993,8
2020-05-16,Oman,284,0,4625,19,1513,4,2178,8
2020-05-17,Oman,404,2,5029,21,1805,4,2546,9
2020-05-18,Oman,157,1,5186,22,1787,5,2618,10
2020-05-19,Oman,193,4,5379,26,1805,9,2742,14
2020-05-20,Oman,292,1,5671,27,1950,10,2936,15
2020-05-21,Oman,372,3,6043,30,2024,13,3140,17
2020-05-22,Oman,327,1,6370,31,2029,12,3412,17
2020-05-23,Oman,424,1,6794,32,2169,13,3682,17
2020-05-24,Oman,463,4,7257,36,2228,15,4033,19
2020-05-25,Oman,513,1,7770,37,2584,15,4371,20
2020-05-26,Oman,0,0,7770,37,2391,11,4196,20
2020-05-27,Oman,348,0,8118,37,2447,10,4397,20
2020-05-28,Oman,255,1,8373,38,2330,8,4354,21
2020-05-29,Oman,636,2,9009,40,2639,9,4668,21
2020-05-30,Oman,811,0,9820,40,3026,8,5195,21
2020-05-31,Oman,603,2,10423,42,3166,6,5394,21
2020-06-01,Oman,1014,5,11437,47,3667,10,6251,25
2020-06-02,Oman,786,3,12223,50,4453,13,6844,24
2020-06-03,Oman,576,9,12799,59,4681,22,7128,32
2020-06-04,Oman,738,8,13537,67,5164,29,7494,37
2020-06-05,Oman,779,0,14316,67,5307,27,7946,36
2020-06-06,Oman,770,5,15086,72,5266,32,8292,40
2020-06-07,Oman,930,0,16016,72,5593,30,8759,36
2020-06-08,Oman,866,3,16882,75,5445,28,9112,38
2020-06-09,Oman,604,6,17486,81,5263,31,9716,44
2020-06-10,Oman,712,2,18198,83,5399,24,10080,46
2020-06-11,Oman,689,1,18887,84,5350,17,10514,46
2020-06-12,Oman,1067,5,19954,89,5638,22,10945,49
2020-06-13,Oman,1117,7,21071,96,5985,24,11251,56
2020-06-14,Oman,1006,3,22077,99,6061,27,11654,57
2020-06-15,Oman,1404,5,23481,104,6599,29,12044,57
2020-06-16,Oman,1043,4,24524,108,7038,27,12301,58
2020-06-17,Oman,745,6,25269,114,7071,31,12470,55
2020-06-18,Oman,810,2,26079,116,7192,32,12542,49
2020-06-19,Oman,739,3,26818,119,6864,30,12502,52
2020-06-20,Oman,852,6,27670,125,6599,29,12584,53
2020-06-21,Oman,896,3,28566,128,6489,29,12550,56
2020-06-22,Oman,905,3,29471,131,5990,27,12589,56
2020-06-23,Oman,1605,6,31076,137,6552,29,13590,56
2020-06-24,Oman,1318,3,32394,140,7125,26,14196,57
2020-06-25,Oman,1142,2,33536,142,7457,26,14649,58
2020-06-26,Oman,1366,2,34902,144,8084,25,14948,55
2020-06-27,Oman,1132,9,36034,153,8364,28,14963,57
2020-06-28,Oman,919,6,36953,159,8387,31,14876,60
2020-06-29,Oman,1197,4,38150,163,8679,32,14669,59
2020-06-30,Oman,910,6,39060,169,7984,32,14536,61
2020-07-01,Oman,1010,7,40070,176,7676,36,14801,62
2020-07-02,Oman,1124,9,41194,185,7658,43,15115,69
2020-07-03,Oman,1361,3,42555,188,7653,44,15737,69
2020-07-04,Oman,1374,5,43929,193,7895,40,16259,68
2020-07-05,Oman,1177,10,45106,203,8153,44,16540,75
2020-07-06,Oman,1072,10,46178,213,8028,50,16707,82
2020-07-07,Oman,1557,5,47735,218,8675,49,16659,81
2020-07-08,Oman,1262,6,48997,224,8927,48,16603,84
2020-07-09,Oman,1210,9,50207,233,9013,48,16671,91
2020-07-10,Oman,1518,3,51725,236,9170,48,16823,92
2020-07-11,Oman,1889,8,53614,244,9685,51,17580,91
2020-07-12,Oman,1083,4,54697,248,9591,45,17744,89
2020-07-13,Oman,1318,9,56015,257,9837,44,17865,94
2020-07-14,Oman,2164,2,58179,259,10444,41,19119,90
2020-07-15,Oman,1389,14,59568,273,10571,49,19498,97
2020-07-16,Oman,1679,8,61247,281,11040,48,20053,96
2020-07-17,Oman,1327,9,62574,290,10849,54,20019,102
2020-07-18,Oman,1619,8,64193,298,10579,54,20264,105
2020-07-19,Oman,1311,10,65504,308,10807,60,20398,105
2020-07-20,Oman,1157,10,66661,318,10646,61,20483,105
2020-07-21,Oman,1739,8,68400,326,10221,67,20665,108
2020-07-22,Oman,1487,11,69887,337,10319,64,20890,113
2020-07-23,Oman,1660,12,71547,349,10300,68,21340,116
2020-07-24,Oman,1099,6,72646,355,10072,65,20921,119
2020-07-25,Oman,1145,4,73791,359,9598,61,20177,115
2020-07-26,Oman,1067,12,74858,371,9354,63,20161,123
2020-07-27,Oman,1147,13,76005,384,9344,66,19990,127
2020-07-28,Oman,1053,9,77058,393,8658,67,18879,134
2020-07-29,Oman,846,9,77904,402,8017,65,18336,129
2020-07-30,Oman,665,10,78569,412,7022,63,17322,131
2020-07-31,Oman,590,9,79159,421,6513,66,16585,131
2020-08-01,Oman,0,0,79159,421,5368,62,14966,123
2020-08-02,Oman,0,0,79159,421,4301,50,13655,113
2020-08-03,Oman,0,0,79159,421,3154,37,12498,103
2020-08-04,Oman,0,0,79159,421,2101,28,10759,95
2020-08-05,Oman,0,0,79159,421,1255,19,9272,84
2020-08-06,Oman,1127,67,80286,488,1717,76,8739,139
2020-08-07,Oman,427,4,80713,492,1554,71,8067,137
2020-08-08,Oman,354,10,81067,502,1908,81,7276,143
2020-08-09,Oman,290,7,81357,509,2198,88,6499,138
2020-08-10,Oman,223,4,81580,513,2421,92,5575,129
2020-08-11,Oman,207,8,81787,521,2628,100,4729,128
2020-08-12,Oman,263,12,82050,533,2891,112,4146,131
2020-08-13,Oman,249,6,82299,539,2013,51,3730,127
2020-08-14,Oman,232,12,82531,551,1818,59,3372,130
2020-08-15,Oman,212,6,82743,557,1676,55,3584,136
2020-08-16,Oman,181,5,82924,562,1567,53,3765,141
2020-08-17,Oman,162,10,83086,572,1506,59,3927,151
2020-08-18,Oman,140,16,83226,588,1439,67,4067,167
2020-08-19,Oman,192,9,83418,597,1368,64,4259,176
2020-08-20,Oman,188,6,83606,603,1307,64,3320,115
2020-08-21,Oman,163,6,83769,609,1238,58,3056,117
2020-08-22,Oman,0,0,83769,609,1026,52,2702,107
2020-08-23,Oman,0,0,83769,609,845,47,2412,100
2020-08-24,Oman,0,0,83769,609,683,37,2189,96
2020-08-25,Oman,740,28,84509,637,1283,49,2722,116
2020-08-26,Oman,143,5,84652,642,1234,45,2602,109
2020-08-27,Oman,166,4,84818,646,1212,43,2519,107
2020-08-28,Oman,187,4,85005,650,1236,41,2474,99
2020-08-29,Oman,0,0,85005,650,1236,41,2262,93
2020-08-30,Oman,0,0,85005,650,1236,41,2081,88
2020-08-31,Oman,539,27,85544,677,1775,68,2458,105
2020-04-01,Pakistan,414,8,2039,26,1048,19,1852,26
2020-04-02,Pakistan,252,5,2291,31,1234,23,1989,31
2020-04-03,Pakistan,0,0,2291,31,1094,22,1813,29
2020-04-04,Pakistan,0,0,2291,31,1094,22,1796,28
2020-04-05,Pakistan,159,4,2450,35,1042,24,1804,32
2020-04-06,Pakistan,827,15,3277,50,1751,37,2493,45
2020-04-07,Pakistan,587,4,3864,54,2239,36,2977,48
2020-04-08,Pakistan,208,4,4072,58,2033,32,3081,51
2020-04-09,Pakistan,250,5,4322,63,2031,32,3265,55
2020-04-10,Pakistan,279,3,4601,66,2310,35,3404,57
2020-04-11,Pakistan,187,5,4788,71,2497,40,3591,62
2020-04-12,Pakistan,250,15,5038,86,2588,51,3630,75
2020-04-13,Pakistan,336,7,5374,93,2097,43,3848,80
2020-04-14,Pakistan,342,3,5716,96,1852,42,4091,78
2020-04-15,Pakistan,272,11,5988,107,1916,49,3949,81
2020-04-16,Pakistan,517,17,6505,124,2183,61,4214,93
2020-04-17,Pakistan,520,11,7025,135,2424,69,4734,104
2020-04-18,Pakistan,456,8,7481,143,2693,72,5190,112
2020-04-19,Pakistan,512,16,7993,159,2955,73,5543,124
2020-04-20,Pakistan,425,17,8418,176,3044,83,5141,126
2020-04-21,Pakistan,798,16,9216,192,3500,96,5352,138
2020-04-22,Pakistan,533,17,9749,209,3761,102,5677,151
2020-04-23,Pakistan,0,0,9749,209,3244,85,5427,146
2020-04-24,Pakistan,1406,28,11155,237,4130,102,6554,171
2020-04-25,Pakistan,785,16,11940,253,4459,110,7152,182
2020-04-26,Pakistan,783,16,12723,269,4730,110,7685,183
2020-04-27,Pakistan,605,12,13328,281,4910,105,7954,188
2020-04-28,Pakistan,751,20,14079,301,4863,109,8363,205
2020-04-29,Pakistan,806,26,14885,327,5136,118,8897,220
2020-04-30,Pakistan,874,19,15759,346,6010,137,9254,222
2020-05-01,Pakistan,1058,39,16817,385,5662,148,9792,250
2020-05-02,Pakistan,1297,32,18114,417,6174,164,10633,274
2020-05-03,Pakistan,989,23,19103,440,6380,171,11110,281
2020-05-04,Pakistan,1083,22,20186,462,6858,181,11768,286
2020-05-05,Pakistan,1315,24,21501,486,7422,185,12285,294
2020-05-06,Pakistan,1049,40,22550,526,7665,199,12801,317
2020-05-07,Pakistan,1523,38,24073,564,8314,218,14324,355
2020-05-08,Pakistan,1764,30,25837,594,9020,209,14682,357
2020-05-09,Pakistan,1637,24,27474,618,9360,201,15534,365
2020-05-10,Pakistan,1991,21,29465,639,10362,199,16742,370
2020-05-11,Pakistan,1476,28,30941,667,10755,205,17613,386
2020-05-12,Pakistan,1140,39,32081,706,10580,220,18002,405
2020-05-13,Pakistan,2255,31,34336,737,11786,211,19451,410
2020-05-14,Pakistan,1452,33,35788,770,11715,206,20029,424
2020-05-15,Pakistan,1430,33,37218,803,11381,209,20401,418
2020-05-16,Pakistan,1581,31,38799,834,11325,216,20685,417
2020-05-17,Pakistan,1352,39,40151,873,10686,234,21048,433
2020-05-18,Pakistan,1974,30,42125,903,11184,236,21939,441
2020-05-19,Pakistan,1841,36,43966,939,11885,233,22465,453
2020-05-20,Pakistan,1932,46,45898,985,11562,248,23348,459
2020-05-21,Pakistan,2193,32,48091,1017,12303,247,24018,453
2020-05-22,Pakistan,2603,50,50694,1067,13476,264,24857,473
2020-05-23,Pakistan,1743,34,52437,1101,13638,267,24963,483
2020-05-24,Pakistan,2164,32,54601,1133,14450,260,25136,494
2020-05-25,Pakistan,1748,34,56349,1167,14224,264,25408,500
2020-05-26,Pakistan,1356,30,57705,1197,13739,258,25624,491
2020-05-27,Pakistan,1446,28,59151,1225,13253,240,24815,488
2020-05-28,Pakistan,2076,35,61227,1260,13136,243,25439,490
2020-05-29,Pakistan,2801,57,64028,1317,13334,250,26810,514
2020-05-30,Pakistan,2429,78,66457,1395,14020,294,27658,561
2020-05-31,Pakistan,3039,88,69496,1483,14895,350,29345,610
2020-06-01,Pakistan,2964,60,72460,1543,16111,376,30335,640
2020-06-02,Pakistan,3938,78,76398,1621,18693,424,32432,682
2020-06-03,Pakistan,4065,67,80463,1688,21312,463,34565,703
2020-06-04,Pakistan,4801,82,85264,1770,24037,510,37173,753
2020-06-05,Pakistan,3985,68,89249,1838,25221,521,38555,771
2020-06-06,Pakistan,4734,97,93983,1935,27526,540,41546,834
2020-06-07,Pakistan,4960,67,98943,2002,29447,519,44342,869
2020-06-08,Pakistan,4728,65,103671,2067,31211,524,47322,900
2020-06-09,Pakistan,4646,105,108317,2172,31919,551,50612,975
2020-06-10,Pakistan,5385,83,113702,2255,33239,567,54551,1030
2020-06-11,Pakistan,5834,101,119536,2356,34272,586,58309,1096
2020-06-12,Pakistan,6397,107,125933,2463,36684,625,61905,1146
2020-06-13,Pakistan,6472,88,132405,2551,38422,616,65948,1156
2020-06-14,Pakistan,6825,81,139230,2632,40287,630,69734,1149
2020-06-15,Pakistan,5248,97,144478,2729,40807,662,72018,1186
2020-06-16,Pakistan,4443,110,148921,2839,40604,667,72523,1218
2020-06-17,Pakistan,5839,136,154760,2975,41058,720,74297,1287
2020-06-18,Pakistan,5358,118,160118,3093,40582,737,74854,1323
2020-06-19,Pakistan,4944,136,165062,3229,39129,766,75813,1391
2020-06-20,Pakistan,6604,153,171666,3382,39261,831,77683,1447
2020-06-21,Pakistan,4951,119,176617,3501,37387,869,77674,1499
2020-06-22,Pakistan,4471,89,181088,3590,36610,861,77417,1523
2020-06-23,Pakistan,3946,105,185034,3695,36113,856,76717,1523
2020-06-24,Pakistan,3892,60,188926,3755,34166,780,75224,1500
2020-06-25,Pakistan,4044,148,192970,3903,32852,810,73434,1547
2020-06-26,Pakistan,2775,59,195745,3962,30683,733,69812,1499
2020-06-27,Pakistan,3138,73,198883,4035,27217,653,66478,1484
2020-06-28,Pakistan,4072,83,202955,4118,26338,617,63725,1486
2020-06-29,Pakistan,3557,49,206512,4167,25424,577,62034,1438
2020-06-30,Pakistan,2825,137,209337,4304,24303,609,60416,1465
2020-07-01,Pakistan,4133,91,213470,4395,24544,640,58710,1420
2020-07-02,Pakistan,4339,78,217809,4473,24839,570,57691,1380
2020-07-03,Pakistan,4087,78,221896,4551,26151,589,56834,1322
2020-07-04,Pakistan,3387,68,225283,4619,26400,584,53617,1237
2020-07-05,Pakistan,3191,93,228474,4712,25519,594,51857,1211
2020-07-06,Pakistan,3344,50,231818,4762,25306,595,50730,1172
2020-07-07,Pakistan,2691,77,234509,4839,25172,535,49475,1144
2020-07-08,Pakistan,2980,83,237489,4922,24019,527,48563,1167
2020-07-09,Pakistan,3359,61,240848,4983,23039,510,47878,1080
2020-07-10,Pakistan,2751,75,243599,5058,21703,507,47854,1096
2020-07-11,Pakistan,2752,65,246351,5123,21068,504,47468,1088
2020-07-12,Pakistan,2521,74,248872,5197,20398,485,45917,1079
2020-07-13,Pakistan,2753,69,251625,5266,19807,504,45113,1099
2020-07-14,Pakistan,1979,54,253604,5320,19095,481,44267,1016
2020-07-15,Pakistan,2165,66,255769,5386,18280,464,42299,991
2020-07-16,Pakistan,2145,40,257914,5426,17066,443,40105,953
2020-07-17,Pakistan,2085,49,259999,5475,16400,417,38103,924
2020-07-18,Pakistan,1918,47,261917,5522,15566,399,36634,903
2020-07-19,Pakistan,1579,46,263496,5568,14624,371,35022,856
2020-07-20,Pakistan,1587,31,265083,5599,13458,333,33265,837
2020-07-21,Pakistan,1013,40,266096,5639,12492,319,31587,800
2020-07-22,Pakistan,1332,38,267428,5677,11659,291,29939,755
2020-07-23,Pakistan,1763,32,269191,5709,11277,283,28343,726
2020-07-24,Pakistan,1209,54,270400,5763,10401,288,26801,705
2020-07-25,Pakistan,1487,24,271887,5787,9970,265,25536,664
2020-07-26,Pakistan,1226,35,273113,5822,9617,254,24241,625
2020-07-27,Pakistan,1176,20,274289,5842,9206,243,22664,576
2020-07-28,Pakistan,936,23,275225,5865,9129,226,21621,545
2020-07-29,Pakistan,1063,27,276288,5892,8860,215,20519,506
2020-07-30,Pakistan,1114,32,277402,5924,8211,215,19488,498
2020-07-31,Pakistan,903,27,278305,5951,7905,188,18306,476
2020-08-01,Pakistan,0,0,278305,5951,6418,164,16388,429
2020-08-02,Pakistan,0,0,278305,5951,5192,129,14809,383
2020-08-03,Pakistan,1724,33,280029,5984,5740,142,14946,385
2020-08-04,Pakistan,432,15,280461,5999,5236,134,14365,360
2020-08-05,Pakistan,675,15,281136,6014,4848,122,13708,337
2020-08-06,Pakistan,727,21,281863,6035,4461,111,12672,326
2020-08-07,Pakistan,782,17,282645,6052,4340,101,12245,289
2020-08-08,Pakistan,842,16,283487,6068,5182,117,11600,281
2020-08-09,Pakistan,634,14,284121,6082,5816,131,11008,260
2020-08-10,Pakistan,539,15,284660,6097,4631,113,10371,255
2020-08-11,Pakistan,531,15,285191,6112,4730,113,9966,247
2020-08-12,Pakistan,730,17,285921,6129,4785,115,9633,237
2020-08-13,Pakistan,753,10,286674,6139,4811,104,9272,215
2020-08-14,Pakistan,626,14,287300,6153,4655,101,8995,202
2020-08-15,Pakistan,747,9,288047,6162,4560,94,9742,211
2020-08-16,Pakistan,670,6,288717,6168,4596,86,10412,217
2020-08-17,Pakistan,498,7,289215,6175,4555,78,9186,191
2020-08-18,Pakistan,617,15,289832,6190,4641,78,9371,191
2020-08-19,Pakistan,0,0,289832,6190,3911,61,8696,176
2020-08-20,Pakistan,1126,19,290958,6209,4284,70,9095,174
2020-08-21,Pakistan,630,10,291588,6219,4288,66,8943,167
2020-08-22,Pakistan,586,12,292174,6231,4127,69,8687,163
2020-08-23,Pakistan,591,4,292765,6235,4048,67,8644,153
2020-08-24,Pakistan,0,0,292765,6235,3550,60,8105,138
2020-08-25,Pakistan,946,20,293711,6255,3879,65,8520,143
2020-08-26,Pakistan,482,12,294193,6267,4361,77,8272,138
2020-08-27,Pakistan,445,7,294638,6274,3680,65,7964,135
2020-08-28,Pakistan,415,9,295053,6283,3465,64,7753,130
2020-08-29,Pakistan,319,1,295372,6284,3198,53,7325,122
2020-08-30,Pakistan,264,4,295636,6288,2871,53,6919,120
2020-08-31,Pakistan,213,6,295849,6294,3084,59,6634,119
2020-04-01,Palestine,2,0,117,1,57,1,76,1
2020-04-02,Palestine,17,0,134,1,72,1,90,1
2020-04-03,Palestine,21,0,155,1,71,0,108,1
2020-04-04,Palestine,0,0,155,1,64,0,107,1
2020-04-05,Palestine,0,0,0,0,58,0,103,1
2020-04-06,Palestine,62,0,217,1,111,0,158,1
2020-04-07,Palestine,36,0,253,1,138,0,194,1
2020-04-08,Palestine,7,0,260,1,143,0,200,1
2020-04-09,Palestine,3,0,263,1,129,0,201,1
2020-04-10,Palestine,0,0,263,1,108,0,179,0
2020-04-11,Palestine,3,1,266,2,111,1,175,1
2020-04-12,Palestine,2,0,268,2,113,1,171,1
2020-04-13,Palestine,0,0,268,2,51,1,162,1
2020-04-14,Palestine,0,0,268,2,15,1,153,1
2020-04-15,Palestine,19,0,287,2,27,1,170,1
2020-04-16,Palestine,4,0,291,2,28,1,157,1
2020-04-17,Palestine,3,0,294,2,31,1,139,1
2020-04-18,Palestine,13,0,307,2,41,0,152,1
2020-04-19,Palestine,6,0,313,2,45,0,158,1
2020-04-20,Palestine,9,0,322,2,54,0,105,1
2020-04-21,Palestine,7,0,329,2,61,0,76,1
2020-04-22,Palestine,0,0,329,2,42,0,69,1
2020-04-23,Palestine,6,0,335,2,44,0,72,1
2020-04-24,Palestine,1,0,336,2,42,0,73,1
2020-04-25,Palestine,4,0,340,2,33,0,74,0
2020-04-26,Palestine,2,0,342,2,29,0,74,0
2020-04-27,Palestine,153,0,495,2,173,0,227,0
2020-04-28,Palestine,0,0,495,2,166,0,227,0
2020-04-29,Palestine,0,0,495,2,166,0,208,0
2020-04-30,Palestine,12,0,507,2,172,0,216,0
2020-05-01,Palestine,0,2,507,4,171,2,213,2
2020-05-02,Palestine,10,0,517,4,177,2,210,2
2020-05-03,Palestine,0,0,517,4,175,2,204,2
2020-05-04,Palestine,5,0,522,4,27,2,200,2
2020-05-05,Palestine,2,0,524,4,29,2,195,2
2020-05-06,Palestine,14,0,538,4,43,2,209,2
2020-05-07,Palestine,8,0,546,4,39,2,211,2
2020-05-08,Palestine,1,0,547,4,40,0,211,2
2020-05-09,Palestine,0,0,547,4,30,0,207,2
2020-05-10,Palestine,0,0,547,4,30,0,205,2
2020-05-11,Palestine,0,0,547,4,25,0,52,2
2020-05-12,Palestine,0,0,547,4,23,0,52,2
2020-05-13,Palestine,0,0,547,4,9,0,52,2
2020-05-14,Palestine,1,0,548,4,2,0,41,2
2020-05-15,Palestine,0,0,548,4,1,0,41,0
2020-05-16,Palestine,6,0,554,4,7,0,37,0
2020-05-17,Palestine,0,0,554,4,7,0,37,0
2020-05-18,Palestine,6,0,560,4,13,0,38,0
2020-05-19,Palestine,7,0,567,4,20,0,43,0
2020-05-20,Palestine,3,0,570,4,23,0,32,0
2020-05-21,Palestine,7,0,577,4,29,0,31,0
2020-05-22,Palestine,25,0,602,4,54,0,55,0
2020-05-23,Palestine,0,0,602,4,48,0,55,0
2020-05-24,Palestine,0,1,602,5,48,1,55,1
2020-05-25,Palestine,0,0,602,5,42,1,55,1
2020-05-26,Palestine,0,0,602,5,35,1,55,1
2020-05-27,Palestine,3,0,605,5,35,1,58,1
2020-05-28,Palestine,8,0,613,5,36,1,65,1
2020-05-29,Palestine,12,0,625,5,23,1,77,1
2020-05-30,Palestine,0,0,625,5,23,1,71,1
2020-05-31,Palestine,1,0,626,5,24,0,72,1
2020-06-01,Palestine,1,0,627,5,25,0,67,1
2020-06-02,Palestine,1,0,628,5,26,0,61,1
2020-06-03,Palestine,2,0,630,5,25,0,60,1
2020-06-04,Palestine,5,0,635,5,22,0,58,1
2020-06-05,Palestine,8,0,643,5,18,0,41,1
2020-06-06,Palestine,0,0,643,5,18,0,41,1
2020-06-07,Palestine,0,0,643,5,17,0,41,0
2020-06-08,Palestine,8,0,651,5,24,0,49,0
2020-06-09,Palestine,1,0,652,5,24,0,50,0
2020-06-10,Palestine,9,0,661,5,31,0,56,0
2020-06-11,Palestine,4,0,665,5,30,0,52,0
2020-06-12,Palestine,2,0,667,5,24,0,42,0
2020-06-13,Palestine,2,0,669,5,26,0,44,0
2020-06-14,Palestine,4,0,673,5,30,0,47,0
2020-06-15,Palestine,0,0,673,5,22,0,46,0
2020-06-16,Palestine,13,0,686,5,34,0,58,0
2020-06-17,Palestine,4,0,690,5,29,0,60,0
2020-06-18,Palestine,11,0,701,5,36,0,66,0
2020-06-19,Palestine,94,0,795,5,128,0,152,0
2020-06-20,Palestine,63,0,858,5,189,0,215,0
2020-06-21,Palestine,121,0,979,5,306,0,336,0
2020-06-22,Palestine,43,0,1022,5,349,0,371,0
2020-06-23,Palestine,174,0,1196,5,510,0,544,0
2020-06-24,Palestine,179,0,1375,5,685,0,714,0
2020-06-25,Palestine,159,0,1534,5,833,0,869,0
2020-06-26,Palestine,54,0,1588,5,793,0,921,0
2020-06-27,Palestine,207,0,1795,5,937,0,1126,0
2020-06-28,Palestine,258,1,2053,6,1074,1,1380,1
2020-06-29,Palestine,195,1,2248,7,1226,2,1575,2
2020-06-30,Palestine,195,1,2443,8,1247,3,1757,3
2020-07-01,Palestine,322,1,2765,9,1390,4,2075,4
2020-07-02,Palestine,330,2,3095,11,1561,6,2394,6
2020-07-03,Palestine,322,0,3417,11,1829,6,2622,6
2020-07-04,Palestine,272,4,3689,15,1894,10,2831,10
2020-07-05,Palestine,561,1,4250,16,2197,10,3271,11
2020-07-06,Palestine,208,4,4458,20,2210,13,3436,15
2020-07-07,Palestine,328,1,4786,21,2343,13,3590,16
2020-07-08,Palestine,306,1,5092,22,2327,13,3717,17
2020-07-09,Palestine,475,3,5567,25,2472,14,4033,20
2020-07-10,Palestine,262,2,5829,27,2412,16,4241,22
2020-07-11,Palestine,396,3,6225,30,2536,15,4430,25
2020-07-12,Palestine,472,2,6697,32,2447,16,4644,26
2020-07-13,Palestine,341,5,7038,37,2580,17,4790,30
2020-07-14,Palestine,403,4,7441,41,2655,20,4998,33
2020-07-15,Palestine,293,6,7734,47,2642,25,4969,38
2020-07-16,Palestine,420,0,8154,47,2587,22,5059,36
2020-07-17,Palestine,463,2,8617,49,2788,22,5200,38
2020-07-18,Palestine,439,6,9056,55,2831,25,5367,40
2020-07-19,Palestine,531,3,9587,58,2890,26,5337,42
2020-07-20,Palestine,465,4,10052,62,3014,25,5594,42
2020-07-21,Palestine,468,4,10520,66,3079,25,5734,45
2020-07-22,Palestine,403,1,10923,67,3189,20,5831,45
2020-07-23,Palestine,357,0,11280,67,3126,20,5713,42
2020-07-24,Palestine,602,3,11882,70,3265,21,6053,43
2020-07-25,Palestine,545,1,12427,71,3371,16,6202,41
2020-07-26,Palestine,382,3,12809,74,3222,16,6112,42
2020-07-27,Palestine,320,4,13129,78,3077,16,6091,41
2020-07-28,Palestine,328,1,13457,79,2937,13,6016,38
2020-07-29,Palestine,481,2,13938,81,3015,14,6204,34
2020-07-30,Palestine,520,1,14458,82,3178,15,6304,35
2020-07-31,Palestine,380,2,14838,84,2956,14,6221,35
2020-08-01,Palestine,394,1,15232,85,2805,14,6176,30
2020-08-02,Palestine,323,0,15555,85,2746,11,5968,27
2020-08-03,Palestine,225,2,15780,87,2651,9,5728,25
2020-08-04,Palestine,244,0,16024,87,2567,8,5504,21
2020-08-05,Palestine,604,0,16628,87,2690,6,5705,20
2020-08-06,Palestine,353,4,16981,91,2523,9,5701,24
2020-08-07,Palestine,453,1,17434,92,2596,8,5552,22
2020-08-08,Palestine,514,5,17948,97,2716,12,5521,26
2020-08-09,Palestine,426,6,18374,103,2819,18,5565,29
2020-08-10,Palestine,277,0,18651,103,2871,16,5522,25
2020-08-11,Palestine,470,7,19121,110,3097,23,5664,31
2020-08-12,Palestine,473,3,19594,113,2966,26,5656,32
2020-08-13,Palestine,499,1,20093,114,3112,23,5635,32
2020-08-14,Palestine,432,1,20525,115,3091,23,5687,31
2020-08-15,Palestine,531,1,21056,116,3108,19,5824,31
2020-08-16,Palestine,498,3,21554,119,3180,16,5999,34
2020-08-17,Palestine,381,2,21935,121,3284,18,6155,34
2020-08-18,Palestine,456,0,22391,121,3270,11,6367,34
2020-08-19,Palestine,612,3,23003,124,3409,11,6375,37
2020-08-20,Palestine,424,3,23427,127,3334,13,6446,36
2020-08-21,Palestine,514,4,23941,131,3416,16,6507,39
2020-08-22,Palestine,457,4,24398,135,3342,19,6450,38
2020-08-23,Palestine,309,3,24707,138,3153,19,6333,35
2020-08-24,Palestine,317,5,25024,143,3089,22,6373,40
2020-08-25,Palestine,564,4,25588,147,3197,26,6467,37
2020-08-26,Palestine,574,3,26162,150,3159,26,6568,37
2020-08-27,Palestine,602,1,26764,151,3337,24,6671,37
2020-08-28,Palestine,622,7,27386,158,3445,27,6861,43
2020-08-29,Palestine,724,2,28110,160,3712,25,7054,44
2020-08-30,Palestine,417,4,28527,164,3820,26,6973,45
2020-08-31,Palestine,536,2,29063,166,4039,23,7128,45
2020-04-01,Panama,106,4,1181,30,738,24,1095,29
2020-04-02,Panama,136,2,1317,32,729,26,1208,31
2020-04-03,Panama,158,5,1475,37,801,28,1338,36
2020-04-04,Panama,198,4,1673,41,887,27,1473,40
2020-04-05,Panama,128,5,1801,46,900,29,1556,43
2020-04-06,Panama,187,8,1988,54,999,30,1675,51
2020-04-07,Panama,112,1,2100,55,1025,29,1755,49
2020-04-08,Panama,149,4,2249,59,1068,29,1806,53
2020-04-09,Panama,279,4,2528,63,1211,31,1940,57
2020-04-10,Panama,224,3,2752,66,1277,29,2078,57
2020-04-11,Panama,222,8,2974,74,1301,33,2188,60
2020-04-12,Panama,260,5,3234,79,1433,33,2333,62
2020-04-13,Panama,166,8,3400,87,1412,33,2411,63
2020-04-14,Panama,72,7,3472,94,1372,39,2397,68
2020-04-15,Panama,102,1,3574,95,1325,36,2393,65
2020-04-16,Panama,177,8,3751,103,1223,40,2434,71
2020-04-17,Panama,265,6,4016,109,1264,43,2541,72
2020-04-18,Panama,194,7,4210,116,1236,42,2537,75
2020-04-19,Panama,63,4,4273,120,1039,41,2472,74
2020-04-20,Panama,194,6,4467,126,1067,39,2479,72
2020-04-21,Panama,191,10,4658,136,1186,42,2558,81
2020-04-22,Panama,163,5,4821,141,1247,46,2572,82
2020-04-23,Panama,171,3,4992,144,1241,41,2464,81
2020-04-24,Panama,174,2,5166,146,1150,37,2414,80
2020-04-25,Panama,172,8,5338,154,1128,38,2364,80
2020-04-26,Panama,200,5,5538,159,1265,39,2304,80
2020-04-27,Panama,241,6,5779,165,1312,39,2379,78
2020-04-28,Panama,242,2,6021,167,1363,31,2549,73
2020-04-29,Panama,179,9,6200,176,1379,35,2626,81
2020-04-30,Panama,178,2,6378,178,1386,34,2627,75
2020-05-01,Panama,154,10,6532,188,1366,42,2516,79
2020-05-02,Panama,188,4,6720,192,1382,38,2510,76
2020-05-03,Panama,370,5,7090,197,1552,38,2817,77
2020-05-04,Panama,107,3,7197,200,1418,35,2730,74
2020-05-05,Panama,190,3,7387,203,1366,36,2729,67
2020-05-06,Panama,136,7,7523,210,1323,34,2702,69
2020-05-07,Panama,208,8,7731,218,1353,40,2739,74
2020-05-08,Panama,137,7,7868,225,1336,37,2702,79
2020-05-09,Panama,202,6,8070,231,1350,39,2732,77
2020-05-10,Panama,212,6,8282,237,1192,40,2744,78
2020-05-11,Panama,166,7,8448,244,1251,44,2669,79
2020-05-12,Panama,168,5,8616,249,1229,46,2595,82
2020-05-13,Panama,167,3,8783,252,1260,42,2583,76
2020-05-14,Panama,161,4,8944,256,1213,38,2566,78
2020-05-15,Panama,174,4,9118,260,1250,35,2586,72
2020-05-16,Panama,150,6,9268,266,1198,35,2548,74
2020-05-17,Panama,181,3,9449,269,1167,32,2359,72
2020-05-18,Panama,157,6,9606,275,1158,31,2409,75
2020-05-19,Panama,120,4,9726,279,1110,30,2339,76
2020-05-20,Panama,141,2,9867,281,1084,29,2344,71
2020-05-21,Panama,110,6,9977,287,1033,31,2246,69
2020-05-22,Panama,139,4,10116,291,998,31,2248,66
2020-05-23,Panama,151,4,10267,295,999,29,2197,64
2020-05-24,Panama,310,4,10577,299,1128,30,2295,62
2020-05-25,Panama,349,7,10926,306,1320,31,2478,62
2020-05-26,Panama,257,4,11183,310,1457,31,2567,61
2020-05-27,Panama,264,3,11447,313,1580,32,2664,61
2020-05-28,Panama,281,2,11728,315,1751,28,2784,59
2020-05-29,Panama,403,5,12131,320,2015,29,3013,60
2020-05-30,Panama,400,6,12531,326,2264,31,3263,60
2020-05-31,Panama,487,4,13018,330,2441,31,3569,61
2020-06-01,Panama,445,6,13463,336,2537,30,3857,61
2020-06-02,Panama,374,8,13837,344,2654,34,4111,65
2020-06-03,Panama,258,8,14095,352,2648,39,4228,71
2020-06-04,Panama,514,5,14609,357,2881,42,4632,70
2020-06-05,Panama,435,6,15044,363,2913,43,4928,72
2020-06-06,Panama,419,7,15463,370,2932,44,5196,75
2020-06-07,Panama,541,16,16004,386,2986,56,5427,87
2020-06-08,Panama,421,7,16425,393,2962,57,5499,87
2020-06-09,Panama,429,5,16854,398,3017,54,5671,88
2020-06-10,Panama,379,5,17233,403,3138,51,5786,90
2020-06-11,Panama,656,10,17889,413,3280,56,6161,98
2020-06-12,Panama,697,5,18586,418,3542,55,6455,98
2020-06-13,Panama,625,3,19211,421,3748,51,6680,95
2020-06-14,Panama,848,8,20059,429,4055,43,7041,99
2020-06-15,Panama,627,8,20686,437,4261,44,7223,101
2020-06-16,Panama,736,11,21422,448,4568,50,7585,104
2020-06-17,Panama,540,9,21962,457,4729,54,7867,105
2020-06-18,Panama,635,13,22597,470,4708,57,7988,113
2020-06-19,Panama,754,5,23351,475,4765,57,8307,112
2020-06-20,Panama,923,10,24274,485,5063,64,8811,115
2020-06-21,Panama,948,8,25222,493,5163,64,9218,107
2020-06-22,Panama,808,8,26030,501,5344,64,9605,108
2020-06-23,Panama,722,20,26752,521,5330,73,9898,123
2020-06-24,Panama,562,15,27314,536,5352,79,10081,133
2020-06-25,Panama,716,11,28030,547,5433,77,10141,134
2020-06-26,Panama,1007,17,29037,564,5686,89,10451,146
2020-06-27,Panama,868,11,29905,575,5631,90,10694,154
2020-06-28,Panama,753,17,30658,592,5436,99,10599,163
2020-06-29,Panama,1028,12,31686,604,5656,103,11000,167
2020-06-30,Panama,1099,16,32785,620,6033,99,11363,172
2020-07-01,Panama,765,11,33550,631,6236,95,11588,174
2020-07-02,Panama,913,14,34463,645,6433,98,11866,175
2020-07-03,Panama,774,22,35237,667,6200,103,11886,192
2020-07-04,Panama,758,31,35995,698,6090,123,11721,213
2020-07-05,Panama,988,22,36983,720,6325,128,11761,227
2020-07-06,Panama,1166,27,38149,747,6463,143,12119,246
2020-07-07,Panama,1185,23,39334,770,6549,150,12582,249
2020-07-08,Panama,957,29,40291,799,6741,168,12977,263
2020-07-09,Panama,960,20,41251,819,6788,174,13221,272
2020-07-10,Panama,965,20,42216,839,6979,172,13179,275
2020-07-11,Panama,1041,24,43257,863,7262,165,13352,288
2020-07-12,Panama,1075,30,44332,893,7349,173,13674,301
2020-07-13,Panama,1301,16,45633,909,7484,162,13947,305
2020-07-14,Panama,1540,23,47173,932,7839,162,14388,312
2020-07-15,Panama,923,28,48096,960,7805,161,14546,329
2020-07-16,Panama,1147,22,49243,982,7992,163,14780,337
2020-07-17,Panama,1130,18,50373,1000,8157,161,15136,333
2020-07-18,Panama,1035,38,51408,1038,8151,175,15413,340
2020-07-19,Panama,853,33,52261,1071,7929,178,15278,351
2020-07-20,Panama,1207,25,53468,1096,7835,187,15319,349
2020-07-21,Panama,958,31,54426,1127,7253,195,15092,357
2020-07-22,Panama,727,32,55153,1159,7057,199,14862,360
2020-07-23,Panama,753,21,55906,1180,6663,198,14655,361
2020-07-24,Panama,911,29,56817,1209,6444,209,14601,370
2020-07-25,Panama,1176,41,57993,1250,6585,212,14736,387
2020-07-26,Panama,871,25,58864,1275,6603,204,14532,382
2020-07-27,Panama,1432,19,60296,1294,6828,198,14663,385
2020-07-28,Panama,1146,28,61442,1322,7016,195,14269,390
2020-07-29,Panama,781,27,62223,1349,7070,190,14127,389
2020-07-30,Panama,1046,25,63269,1374,7363,194,14026,392
2020-07-31,Panama,922,23,64191,1397,7374,188,13818,397
2020-08-01,Panama,1065,24,65256,1421,7263,171,13848,383
2020-08-02,Panama,1127,28,66383,1449,7519,174,14122,378
2020-08-03,Panama,1070,22,67453,1471,7157,177,13985,375
2020-08-04,Panama,1003,26,68456,1497,7014,175,14030,370
2020-08-05,Panama,968,25,69424,1522,7201,173,14271,363
2020-08-06,Panama,807,31,70231,1553,6962,179,14325,373
2020-08-07,Panama,1187,21,71418,1574,7227,177,14601,365
2020-08-08,Panama,1142,17,72560,1591,7304,170,14567,341
2020-08-09,Panama,1091,18,73651,1609,7268,160,14787,334
2020-08-10,Panama,841,30,74492,1639,7039,168,14196,345
2020-08-11,Panama,902,25,75394,1664,6938,167,13952,342
2020-08-12,Panama,1070,16,76464,1680,7040,158,14241,331
2020-08-13,Panama,913,23,77377,1703,7146,150,14108,329
2020-08-14,Panama,1069,19,78446,1722,7028,148,14255,325
2020-08-15,Panama,956,12,79402,1734,6842,143,14146,313
2020-08-16,Panama,1263,12,80665,1746,7014,137,14282,297
2020-08-17,Panama,1275,21,81940,1767,7448,128,14487,296
2020-08-18,Panama,603,21,82543,1788,7149,124,14087,291
2020-08-19,Panama,247,21,82790,1809,6326,129,13366,287
2020-08-20,Panama,964,18,83754,1827,6377,124,13523,274
2020-08-21,Panama,101,17,83855,1844,5409,122,12437,270
2020-08-22,Panama,537,15,84392,1859,4990,125,11832,268
2020-08-23,Panama,1088,19,85480,1878,4815,132,11829,269
2020-08-24,Panama,1420,14,86900,1892,4960,125,12408,253
2020-08-25,Panama,585,14,87485,1906,4942,118,12091,242
2020-08-26,Panama,896,13,88381,1919,5591,110,11917,239
2020-08-27,Panama,701,13,89082,1932,5328,105,11705,229
2020-08-28,Panama,900,16,89982,1948,6127,104,11536,226
2020-08-29,Panama,642,18,90624,1966,6232,107,11222,232
2020-08-30,Panama,713,17,91337,1983,5857,105,10672,237
2020-08-31,Panama,728,12,92065,1995,5165,103,10125,228
2020-04-01,Papua New Guinea,0,0,1,0,0,0,0,0
2020-04-02,Papua New Guinea,0,0,1,0,0,0,0,0
2020-04-03,Papua New Guinea,0,0,1,0,0,0,1,0
2020-04-04,Papua New Guinea,0,0,1,0,0,0,0,0
2020-04-05,Papua New Guinea,0,0,1,0,0,0,0,0
2020-04-06,Papua New Guinea,0,0,1,0,0,0,0,0
2020-04-07,Papua New Guinea,0,0,1,0,0,0,0,0
2020-04-08,Papua New Guinea,1,0,2,0,1,0,1,0
2020-04-09,Papua New Guinea,0,0,2,0,1,0,1,0
2020-04-10,Papua New Guinea,0,0,2,0,1,0,1,0
2020-04-11,Papua New Guinea,0,0,2,0,1,0,1,0
2020-04-12,Papua New Guinea,0,0,2,0,1,0,1,0
2020-04-13,Papua New Guinea,0,0,2,0,1,0,1,0
2020-04-14,Papua New Guinea,0,0,2,0,1,0,1,0
2020-04-15,Papua New Guinea,0,0,2,0,0,0,1,0
2020-04-16,Papua New Guinea,0,0,2,0,0,0,1,0
2020-04-17,Papua New Guinea,5,0,7,0,5,0,6,0
2020-04-18,Papua New Guinea,0,0,7,0,5,0,6,0
2020-04-19,Papua New Guinea,0,0,7,0,5,0,6,0
2020-04-20,Papua New Guinea,0,0,7,0,5,0,6,0
2020-04-21,Papua New Guinea,0,0,7,0,5,0,6,0
2020-04-22,Papua New Guinea,0,0,7,0,5,0,5,0
2020-04-23,Papua New Guinea,1,0,8,0,6,0,6,0
2020-04-24,Papua New Guinea,0,0,8,0,1,0,6,0
2020-04-25,Papua New Guinea,0,0,8,0,1,0,6,0
2020-04-26,Papua New Guinea,0,0,8,0,1,0,6,0
2020-04-27,Papua New Guinea,0,0,8,0,1,0,6,0
2020-04-28,Papua New Guinea,0,0,8,0,1,0,6,0
2020-04-29,Papua New Guinea,0,0,8,0,1,0,6,0
2020-04-30,Papua New Guinea,0,0,8,0,0,0,6,0
2020-05-01,Papua New Guinea,0,0,8,0,0,0,1,0
2020-05-02,Papua New Guinea,0,0,8,0,0,0,1,0
2020-05-03,Papua New Guinea,0,0,8,0,0,0,1,0
2020-05-04,Papua New Guinea,0,0,8,0,0,0,1,0
2020-05-05,Papua New Guinea,0,0,8,0,0,0,1,0
2020-05-06,Papua New Guinea,0,0,8,0,0,0,1,0
2020-05-07,Papua New Guinea,0,0,8,0,0,0,0,0
2020-05-08,Papua New Guinea,0,0,8,0,0,0,0,0
2020-05-09,Papua New Guinea,0,0,8,0,0,0,0,0
2020-05-10,Papua New Guinea,0,0,8,0,0,0,0,0
2020-05-11,Papua New Guinea,0,0,8,0,0,0,0,0
2020-05-12,Papua New Guinea,0,0,8,0,0,0,0,0
2020-05-13,Papua New Guinea,0,0,8,0,0,0,0,0
2020-05-14,Papua New Guinea,0,0,8,0,0,0,0,0
2020-05-15,Papua New Guinea,0,0,8,0,0,0,0,0
2020-05-16,Papua New Guinea,0,0,8,0,0,0,0,0
2020-05-17,Papua New Guinea,0,0,8,0,0,0,0,0
2020-05-18,Papua New Guinea,0,0,8,0,0,0,0,0
2020-05-19,Papua New Guinea,0,0,8,0,0,0,0,0
2020-05-20,Papua New Guinea,0,0,8,0,0,0,0,0
2020-05-21,Papua New Guinea,0,0,8,0,0,0,0,0
2020-05-22,Papua New Guinea,0,0,8,0,0,0,0,0
2020-05-23,Papua New Guinea,0,0,8,0,0,0,0,0
2020-05-24,Papua New Guinea,0,0,8,0,0,0,0,0
2020-05-25,Papua New Guinea,0,0,8,0,0,0,0,0
2020-05-26,Papua New Guinea,0,0,8,0,0,0,0,0
2020-05-27,Papua New Guinea,0,0,8,0,0,0,0,0
2020-05-28,Papua New Guinea,0,0,8,0,0,0,0,0
2020-05-29,Papua New Guinea,0,0,8,0,0,0,0,0
2020-05-30,Papua New Guinea,0,0,8,0,0,0,0,0
2020-05-31,Papua New Guinea,0,0,8,0,0,0,0,0
2020-06-01,Papua New Guinea,0,0,8,0,0,0,0,0
2020-06-02,Papua New Guinea,0,0,8,0,0,0,0,0
2020-06-03,Papua New Guinea,0,0,8,0,0,0,0,0
2020-06-04,Papua New Guinea,0,0,8,0,0,0,0,0
2020-06-05,Papua New Guinea,0,0,8,0,0,0,0,0
2020-06-06,Papua New Guinea,0,0,8,0,0,0,0,0
2020-06-07,Papua New Guinea,0,0,8,0,0,0,0,0
2020-06-08,Papua New Guinea,0,0,8,0,0,0,0,0
2020-06-09,Papua New Guinea,0,0,8,0,0,0,0,0
2020-06-10,Papua New Guinea,0,0,8,0,0,0,0,0
2020-06-11,Papua New Guinea,0,0,8,0,0,0,0,0
2020-06-12,Papua New Guinea,0,0,8,0,0,0,0,0
2020-06-13,Papua New Guinea,0,0,8,0,0,0,0,0
2020-06-14,Papua New Guinea,0,0,8,0,0,0,0,0
2020-06-15,Papua New Guinea,0,0,8,0,0,0,0,0
2020-06-16,Papua New Guinea,0,0,8,0,0,0,0,0
2020-06-17,Papua New Guinea,0,0,8,0,0,0,0,0
2020-06-18,Papua New Guinea,0,0,8,0,0,0,0,0
2020-06-19,Papua New Guinea,0,0,8,0,0,0,0,0
2020-06-20,Papua New Guinea,0,0,8,0,0,0,0,0
2020-06-21,Papua New Guinea,0,0,8,0,0,0,0,0
2020-06-22,Papua New Guinea,1,0,9,0,1,0,1,0
2020-06-23,Papua New Guinea,0,0,9,0,1,0,1,0
2020-06-24,Papua New Guinea,0,0,9,0,1,0,1,0
2020-06-25,Papua New Guinea,1,0,10,0,2,0,2,0
2020-06-26,Papua New Guinea,1,0,11,0,3,0,3,0
2020-06-27,Papua New Guinea,0,0,11,0,3,0,3,0
2020-06-28,Papua New Guinea,0,0,11,0,3,0,3,0
2020-06-29,Papua New Guinea,0,0,11,0,2,0,3,0
2020-06-30,Papua New Guinea,0,0,11,0,2,0,3,0
2020-07-01,Papua New Guinea,0,0,11,0,2,0,3,0
2020-07-02,Papua New Guinea,0,0,11,0,1,0,3,0
2020-07-03,Papua New Guinea,0,0,11,0,0,0,3,0
2020-07-04,Papua New Guinea,0,0,11,0,0,0,3,0
2020-07-05,Papua New Guinea,0,0,11,0,0,0,3,0
2020-07-06,Papua New Guinea,0,0,11,0,0,0,2,0
2020-07-07,Papua New Guinea,0,0,11,0,0,0,2,0
2020-07-08,Papua New Guinea,0,0,11,0,0,0,2,0
2020-07-09,Papua New Guinea,0,0,11,0,0,0,1,0
2020-07-10,Papua New Guinea,0,0,11,0,0,0,0,0
2020-07-11,Papua New Guinea,0,0,11,0,0,0,0,0
2020-07-12,Papua New Guinea,0,0,11,0,0,0,0,0
2020-07-13,Papua New Guinea,0,0,11,0,0,0,0,0
2020-07-14,Papua New Guinea,0,0,11,0,0,0,0,0
2020-07-15,Papua New Guinea,0,0,11,0,0,0,0,0
2020-07-16,Papua New Guinea,0,0,11,0,0,0,0,0
2020-07-17,Papua New Guinea,0,0,11,0,0,0,0,0
2020-07-18,Papua New Guinea,4,0,15,0,4,0,4,0
2020-07-19,Papua New Guinea,0,0,15,0,4,0,4,0
2020-07-20,Papua New Guinea,2,0,17,0,6,0,6,0
2020-07-21,Papua New Guinea,2,0,19,0,8,0,8,0
2020-07-22,Papua New Guinea,8,0,27,0,16,0,16,0
2020-07-23,Papua New Guinea,3,0,30,0,19,0,19,0
2020-07-24,Papua New Guinea,1,0,31,0,20,0,20,0
2020-07-25,Papua New Guinea,1,0,32,0,17,0,21,0
2020-07-26,Papua New Guinea,7,0,39,0,24,0,28,0
2020-07-27,Papua New Guinea,23,0,62,0,45,0,51,0
2020-07-28,Papua New Guinea,0,0,62,0,43,0,51,0
2020-07-29,Papua New Guinea,1,1,63,1,36,1,52,1
2020-07-30,Papua New Guinea,0,1,63,2,33,2,52,2
2020-07-31,Papua New Guinea,9,0,72,2,41,2,61,2
2020-08-01,Papua New Guinea,0,0,72,2,40,2,57,2
2020-08-02,Papua New Guinea,19,0,91,2,52,2,76,2
2020-08-03,Papua New Guinea,19,0,110,2,48,2,93,2
2020-08-04,Papua New Guinea,1,0,111,2,49,2,92,2
2020-08-05,Papua New Guinea,3,0,114,2,51,1,87,2
2020-08-06,Papua New Guinea,39,0,153,2,90,0,123,2
2020-08-07,Papua New Guinea,10,1,163,3,91,1,132,3
2020-08-08,Papua New Guinea,25,0,188,3,116,1,156,3
2020-08-09,Papua New Guinea,0,0,188,3,97,1,149,3
2020-08-10,Papua New Guinea,26,0,214,3,104,1,152,3
2020-08-11,Papua New Guinea,0,0,214,3,103,1,152,3
2020-08-12,Papua New Guinea,0,0,214,3,100,1,151,2
2020-08-13,Papua New Guinea,55,0,269,3,116,1,206,1
2020-08-14,Papua New Guinea,2,0,271,3,108,0,199,1
2020-08-15,Papua New Guinea,0,0,271,3,83,0,199,1
2020-08-16,Papua New Guinea,0,0,271,3,83,0,180,1
2020-08-17,Papua New Guinea,52,0,323,3,109,0,213,1
2020-08-18,Papua New Guinea,10,0,333,3,119,0,222,1
2020-08-19,Papua New Guinea,14,0,347,3,133,0,233,1
2020-08-20,Papua New Guinea,12,0,359,3,90,0,206,1
2020-08-21,Papua New Guinea,2,1,361,4,90,1,198,1
2020-08-22,Papua New Guinea,0,0,361,4,90,1,173,1
2020-08-23,Papua New Guinea,0,0,361,4,90,1,173,1
2020-08-24,Papua New Guinea,40,0,401,4,78,1,187,1
2020-08-25,Papua New Guinea,0,0,401,4,68,1,187,1
2020-08-26,Papua New Guinea,18,0,419,4,72,1,205,1
2020-08-27,Papua New Guinea,0,0,419,4,60,1,150,1
2020-08-28,Papua New Guinea,5,0,424,4,63,0,153,1
2020-08-29,Papua New Guinea,29,1,453,5,92,1,182,2
2020-08-30,Papua New Guinea,6,0,459,5,98,1,188,2
2020-08-31,Papua New Guinea,0,0,459,5,58,1,136,2
2020-04-01,Paraguay,4,0,69,3,32,0,58,3
2020-04-02,Paraguay,0,0,69,3,28,0,58,3
2020-04-03,Paraguay,8,0,77,3,25,0,64,3
2020-04-04,Paraguay,19,0,96,3,40,0,78,2
2020-04-05,Paraguay,8,0,104,3,45,0,82,2
2020-04-06,Paraguay,9,2,113,5,49,2,91,4
2020-04-07,Paraguay,0,0,113,5,48,2,86,4
2020-04-08,Paraguay,2,0,115,5,46,2,78,2
2020-04-09,Paraguay,9,0,124,5,55,2,83,2
2020-04-10,Paraguay,5,1,129,6,52,3,77,3
2020-04-11,Paraguay,4,0,133,6,37,3,77,3
2020-04-12,Paraguay,1,0,134,6,30,3,75,3
2020-04-13,Paraguay,13,0,147,6,34,1,83,3
2020-04-14,Paraguay,12,1,159,7,46,2,94,4
2020-04-15,Paraguay,2,1,161,8,46,3,92,5
2020-04-16,Paraguay,13,0,174,8,50,3,105,5
2020-04-17,Paraguay,0,0,174,8,45,2,97,5
2020-04-18,Paraguay,28,0,202,8,69,2,106,5
2020-04-19,Paraguay,0,0,202,8,68,2,98,5
2020-04-20,Paraguay,4,0,206,8,59,2,93,3
2020-04-21,Paraguay,2,0,208,8,49,1,95,3
2020-04-22,Paraguay,5,1,213,9,52,1,98,4
2020-04-23,Paraguay,0,0,213,9,39,1,89,4
2020-04-24,Paraguay,7,0,220,9,46,1,91,3
2020-04-25,Paraguay,3,0,223,9,21,1,90,3
2020-04-26,Paraguay,5,0,228,9,26,1,94,3
2020-04-27,Paraguay,0,0,228,9,22,1,81,3
2020-04-28,Paraguay,2,0,230,9,22,1,71,2
2020-04-29,Paraguay,9,0,239,9,26,0,78,1
2020-04-30,Paraguay,10,0,249,9,36,0,75,1
2020-05-01,Paraguay,17,1,266,10,46,1,92,2
2020-05-02,Paraguay,67,0,333,10,110,1,131,2
2020-05-03,Paraguay,37,0,370,10,142,1,168,2
2020-05-04,Paraguay,26,0,396,10,168,1,190,2
2020-05-05,Paraguay,19,0,415,10,185,1,207,2
2020-05-06,Paraguay,16,0,431,10,192,1,218,1
2020-05-07,Paraguay,9,0,440,10,191,1,227,1
2020-05-08,Paraguay,22,0,462,10,196,0,242,1
2020-05-09,Paraguay,101,0,563,10,230,0,340,1
2020-05-10,Paraguay,126,0,689,10,319,0,461,1
2020-05-11,Paraguay,24,0,713,10,317,0,485,1
2020-05-12,Paraguay,11,0,724,10,309,0,494,1
2020-05-13,Paraguay,13,0,737,10,306,0,498,1
2020-05-14,Paraguay,3,1,740,11,300,1,491,2
2020-05-15,Paraguay,14,0,754,11,292,1,488,1
2020-05-16,Paraguay,5,0,759,11,196,1,426,1
2020-05-17,Paraguay,19,0,778,11,89,1,408,1
2020-05-18,Paraguay,8,0,786,11,73,1,390,1
2020-05-19,Paraguay,2,0,788,11,64,1,373,1
2020-05-20,Paraguay,41,0,829,11,92,1,398,1
2020-05-21,Paraguay,4,0,833,11,93,0,393,1
2020-05-22,Paraguay,3,0,836,11,82,0,374,1
2020-05-23,Paraguay,2,0,838,11,79,0,275,1
2020-05-24,Paraguay,12,0,850,11,72,0,161,1
2020-05-25,Paraguay,12,0,862,11,76,0,149,1
2020-05-26,Paraguay,3,0,865,11,77,0,141,1
2020-05-27,Paraguay,12,0,877,11,48,0,140,1
2020-05-28,Paraguay,7,0,884,11,51,0,144,0
2020-05-29,Paraguay,16,0,900,11,64,0,146,0
2020-05-30,Paraguay,17,0,917,11,79,0,158,0
2020-05-31,Paraguay,47,0,964,11,114,0,186,0
2020-06-01,Paraguay,22,0,986,11,124,0,200,0
2020-06-02,Paraguay,9,0,995,11,130,0,207,0
2020-06-03,Paraguay,18,0,1013,11,136,0,184,0
2020-06-04,Paraguay,57,0,1070,11,186,0,237,0
2020-06-05,Paraguay,16,0,1086,11,186,0,250,0
2020-06-06,Paraguay,1,0,1087,11,170,0,249,0
2020-06-07,Paraguay,3,0,1090,11,126,0,240,0
2020-06-08,Paraguay,45,0,1135,11,149,0,273,0
2020-06-09,Paraguay,10,0,1145,11,150,0,280,0
2020-06-10,Paraguay,42,0,1187,11,174,0,310,0
2020-06-11,Paraguay,15,0,1202,11,132,0,318,0
2020-06-12,Paraguay,28,0,1230,11,144,0,330,0
2020-06-13,Paraguay,24,0,1254,11,167,0,337,0
2020-06-14,Paraguay,7,0,1261,11,171,0,297,0
2020-06-15,Paraguay,28,0,1289,11,154,0,303,0
2020-06-16,Paraguay,0,1,1289,12,144,1,294,1
2020-06-17,Paraguay,14,1,1303,13,116,2,290,2
2020-06-18,Paraguay,5,0,1308,13,106,2,238,2
2020-06-19,Paraguay,22,0,1330,13,100,2,244,2
2020-06-20,Paraguay,6,0,1336,13,82,2,249,2
2020-06-21,Paraguay,26,0,1362,13,101,2,272,2
2020-06-22,Paraguay,17,0,1379,13,90,2,244,2
2020-06-23,Paraguay,13,0,1392,13,103,1,247,2
2020-06-24,Paraguay,30,0,1422,13,119,0,235,2
2020-06-25,Paraguay,106,0,1528,13,220,0,326,2
2020-06-26,Paraguay,41,0,1569,13,239,0,339,2
2020-06-27,Paraguay,142,0,1711,13,375,0,457,2
2020-06-28,Paraguay,231,2,1942,15,580,2,681,4
2020-06-29,Paraguay,185,0,2127,15,748,2,838,4
2020-06-30,Paraguay,64,1,2191,16,799,3,902,4
2020-07-01,Paraguay,30,1,2221,17,799,4,918,4
2020-07-02,Paraguay,39,2,2260,19,732,6,952,6
2020-07-03,Paraguay,43,0,2303,19,734,6,973,6
2020-07-04,Paraguay,46,0,2349,19,638,6,1013,6
2020-07-05,Paraguay,36,1,2385,20,443,5,1023,7
2020-07-06,Paraguay,42,0,2427,20,300,5,1048,7
2020-07-07,Paraguay,29,0,2456,20,265,4,1064,7
2020-07-08,Paraguay,46,0,2502,20,281,3,1080,7
2020-07-09,Paraguay,52,0,2554,20,294,1,1026,7
2020-07-10,Paraguay,84,0,2638,20,335,1,1069,7
2020-07-11,Paraguay,98,0,2736,20,387,1,1025,7
2020-07-12,Paraguay,84,1,2820,21,435,1,878,6
2020-07-13,Paraguay,128,1,2948,22,521,2,821,7
2020-07-14,Paraguay,32,3,2980,25,524,5,789,9
2020-07-15,Paraguay,94,0,3074,25,572,5,853,8
2020-07-16,Paraguay,124,0,3198,25,644,5,938,6
2020-07-17,Paraguay,144,2,3342,27,704,7,1039,8
2020-07-18,Paraguay,115,1,3457,28,721,8,1108,9
2020-07-19,Paraguay,172,1,3629,29,809,8,1244,9
2020-07-20,Paraguay,92,2,3721,31,773,9,1294,11
2020-07-21,Paraguay,27,2,3748,33,768,8,1292,13
2020-07-22,Paraguay,69,2,3817,35,743,10,1315,15
2020-07-23,Paraguay,183,1,4000,36,802,11,1446,16
2020-07-24,Paraguay,113,0,4113,36,771,9,1475,16
2020-07-25,Paraguay,111,2,4224,38,767,10,1488,18
2020-07-26,Paraguay,104,2,4328,40,699,11,1508,19
2020-07-27,Paraguay,116,1,4444,41,723,10,1496,19
2020-07-28,Paraguay,104,2,4548,43,800,10,1568,18
2020-07-29,Paraguay,126,2,4674,45,857,10,1600,20
2020-07-30,Paraguay,192,1,4866,46,866,10,1668,21
2020-07-31,Paraguay,341,1,5207,47,1094,11,1865,20
2020-08-01,Paraguay,131,2,5338,49,1114,11,1881,21
2020-08-02,Paraguay,147,3,5485,52,1157,12,1856,23
2020-08-03,Paraguay,159,0,5644,52,1200,11,1923,21
2020-08-04,Paraguay,80,3,5724,55,1176,12,1976,22
2020-08-05,Paraguay,128,4,5852,59,1178,14,2035,24
2020-08-06,Paraguay,208,2,6060,61,1194,15,2060,25
2020-08-07,Paraguay,315,5,6375,66,1168,19,2262,30
2020-08-08,Paraguay,133,3,6508,69,1170,20,2284,31
2020-08-09,Paraguay,197,3,6705,72,1220,20,2377,32
2020-08-10,Paraguay,202,3,6907,75,1263,23,2463,34
2020-08-11,Paraguay,327,7,7234,82,1510,27,2686,39
2020-08-12,Paraguay,285,4,7519,86,1667,27,2845,41
2020-08-13,Paraguay,499,7,8018,93,1958,32,3152,47
2020-08-14,Paraguay,371,4,8389,97,2014,31,3182,50
2020-08-15,Paraguay,688,11,9077,108,2569,39,3739,59
2020-08-16,Paraguay,304,19,9381,127,2676,55,3896,75
2020-08-17,Paraguay,410,11,9791,138,2884,63,4147,86
2020-08-18,Paraguay,344,7,10135,145,2901,63,4411,90
2020-08-19,Paraguay,471,16,10606,161,3087,75,4754,102
2020-08-20,Paraguay,527,4,11133,165,3115,72,5073,104
2020-08-21,Paraguay,684,5,11817,170,3428,73,5442,104
2020-08-22,Paraguay,719,12,12536,182,3459,74,6028,113
2020-08-23,Paraguay,438,10,12974,192,3593,65,6269,120
2020-08-24,Paraguay,259,13,13233,205,3442,67,6326,130
2020-08-25,Paraguay,369,14,13602,219,3467,74,6368,137
2020-08-26,Paraguay,626,12,14228,231,3622,70,6709,145
2020-08-27,Paraguay,644,16,14872,247,3739,82,6854,154
2020-08-28,Paraguay,418,18,15290,265,3473,95,6901,168
2020-08-29,Paraguay,584,15,15874,280,3338,98,6797,172
2020-08-30,Paraguay,600,14,16474,294,3500,102,7093,167
2020-08-31,Paraguay,721,14,17195,308,3962,103,7404,170
2020-04-01,Peru,115,6,1065,30,649,23,948,30
2020-04-02,Peru,258,17,1323,47,765,39,1178,47
2020-04-03,Peru,91,8,1414,55,834,46,1180,53
2020-04-04,Peru,181,6,1595,61,960,50,1332,58
2020-04-05,Peru,151,12,1746,73,1075,57,1428,68
2020-04-06,Peru,535,10,2281,83,1429,65,1918,78
2020-04-07,Peru,280,9,2561,92,1611,68,2166,87
2020-04-08,Peru,393,15,2954,107,1889,77,2538,100
2020-04-09,Peru,1388,14,4342,121,3019,74,3784,113
2020-04-10,Peru,914,17,5256,138,3842,83,4676,129
2020-04-11,Peru,641,31,5897,169,4302,108,5262,158
2020-04-12,Peru,951,12,6848,181,5102,108,6177,165
2020-04-13,Peru,671,12,7519,193,5238,110,6667,175
2020-04-14,Peru,0,0,7519,193,4958,101,6569,169
2020-04-15,Peru,2784,37,10303,230,7349,123,9238,200
2020-04-16,Peru,1172,24,11475,254,7133,133,10152,207
2020-04-17,Peru,1016,20,12491,274,7235,136,11077,219
2020-04-18,Peru,998,26,13489,300,7592,131,11894,239
2020-04-19,Peru,931,48,14420,348,7572,167,12674,275
2020-04-20,Peru,1208,52,15628,400,8109,207,13347,317
2020-04-21,Peru,697,45,16325,445,8806,252,13764,353
2020-04-22,Peru,1512,39,17837,484,7534,254,14883,377
2020-04-23,Peru,1413,46,19250,530,7775,276,14908,409
2020-04-24,Peru,1664,42,20914,572,8423,298,15658,434
2020-04-25,Peru,734,62,21648,634,8159,334,15751,465
2020-04-26,Peru,3683,66,25331,700,10911,352,18483,519
2020-04-27,Peru,2186,28,27517,728,11889,328,19998,535
2020-04-28,Peru,1182,54,28699,782,12374,337,21180,589
2020-04-29,Peru,2491,72,31190,854,13353,370,20887,624
2020-04-30,Peru,2741,89,33931,943,14681,413,22456,689
2020-05-01,Peru,3045,108,36976,1051,16062,479,24485,777
2020-05-02,Peru,3483,73,40459,1124,18811,490,26970,824
2020-05-03,Peru,2075,76,42534,1200,17203,500,28114,852
2020-05-04,Peru,3394,86,45928,1286,18411,558,30300,886
2020-05-05,Peru,1444,58,47372,1344,18673,562,31047,899
2020-05-06,Peru,3817,100,51189,1444,19999,590,33352,960
2020-05-07,Peru,3628,89,54817,1533,20886,590,35567,1003
2020-05-08,Peru,3709,94,58526,1627,21550,576,37612,1055
2020-05-09,Peru,3321,87,61847,1714,21388,590,40199,1080
2020-05-10,Peru,3168,100,65015,1814,22481,614,39684,1114
2020-05-11,Peru,2292,75,67307,1889,21379,603,39790,1161
2020-05-12,Peru,1515,72,68822,1961,21450,617,40123,1179
2020-05-13,Peru,3237,96,72059,2057,20870,613,40869,1203
2020-05-14,Peru,4247,112,76306,2169,21489,636,42375,1226
2020-05-15,Peru,4298,98,80604,2267,22078,640,43628,1216
2020-05-16,Peru,3891,126,84495,2393,22648,679,44036,1269
2020-05-17,Peru,4046,130,88541,2523,23526,709,46007,1323
2020-05-18,Peru,3732,125,92273,2648,24966,759,46345,1362
2020-05-19,Peru,2660,141,94933,2789,26111,828,47561,1445
2020-05-20,Peru,4550,125,99483,2914,27424,857,48294,1470
2020-05-21,Peru,4537,110,104020,3024,27714,855,49203,1491
2020-05-22,Peru,4749,124,108769,3148,28165,881,50243,1521
2020-05-23,Peru,2929,96,111698,3244,27203,851,49851,1530
2020-05-24,Peru,4056,129,115754,3373,27213,850,50739,1559
2020-05-25,Peru,4205,83,119959,3456,27686,808,52652,1567
2020-05-26,Peru,4020,173,123979,3629,29046,840,55157,1668
2020-05-27,Peru,5772,159,129751,3788,30268,874,57692,1731
2020-05-28,Peru,6154,195,135905,3983,31885,959,59599,1814
2020-05-29,Peru,5874,116,141779,4099,33010,951,61175,1832
2020-05-30,Peru,6506,131,148285,4230,36587,986,63790,1837
2020-05-31,Peru,7386,141,155671,4371,39917,998,67130,1848
2020-06-01,Peru,8805,135,164476,4506,44517,1050,72203,1858
2020-06-02,Peru,5563,128,170039,4634,46060,1005,75106,1845
2020-06-03,Peru,0,0,170039,4634,40288,846,70556,1720
2020-06-04,Peru,8875,260,178914,4894,43009,911,74894,1870
2020-06-05,Peru,4284,137,183198,5031,41419,932,74429,1883
2020-06-06,Peru,4202,131,187400,5162,39115,932,75702,1918
2020-06-07,Peru,4358,139,191758,5301,36087,930,76004,1928
2020-06-08,Peru,4757,164,196515,5465,32039,959,76556,2009
2020-06-09,Peru,3181,106,199696,5571,29657,937,75717,1942
2020-06-10,Peru,4040,167,203736,5738,33697,1104,73985,1950
2020-06-11,Peru,5087,165,208823,5903,29909,1009,72918,1920
2020-06-12,Peru,5965,206,214788,6109,31590,1078,73009,2010
2020-06-13,Peru,5961,199,220749,6308,33349,1146,72464,2078
2020-06-14,Peru,4383,190,225132,6498,33374,1197,69461,2127
2020-06-15,Peru,4604,190,229736,6688,33221,1223,65260,2182
2020-06-16,Peru,3256,172,232992,6860,33296,1289,62953,2226
2020-06-17,Peru,4164,196,237156,7056,33420,1318,67117,2422
2020-06-18,Peru,3752,201,240908,7257,32085,1354,61994,2363
2020-06-19,Peru,3480,204,244388,7461,29600,1352,61190,2430
2020-06-20,Peru,3537,199,247925,7660,27176,1352,60525,2498
2020-06-21,Peru,3413,201,251338,7861,26206,1363,59580,2560
2020-06-22,Peru,3598,184,254936,8045,25200,1357,58421,2580
2020-06-23,Peru,0,0,254936,8045,21944,1185,55240,2474
2020-06-24,Peru,5874,359,260810,8404,23654,1348,57074,2666
2020-06-25,Peru,3879,182,264689,8586,23781,1329,55866,2683
2020-06-26,Peru,3913,175,268602,8761,24214,1300,53814,2652
2020-06-27,Peru,3762,178,272364,8939,24439,1279,51615,2631
2020-06-28,Peru,3625,196,275989,9135,24651,1274,50857,2637
2020-06-29,Peru,3430,182,279419,9317,24483,1272,49683,2629
2020-06-30,Peru,2946,187,282365,9504,27429,1459,49373,2644
2020-07-01,Peru,2848,173,285213,9677,24403,1273,48057,2621
2020-07-02,Peru,3264,183,288477,9860,23788,1274,47569,2603
2020-07-03,Peru,3527,185,292004,10045,23402,1284,47616,2584
2020-07-04,Peru,3595,181,295599,10226,23235,1287,47674,2566
2020-07-05,Peru,3481,186,299080,10412,23091,1277,47742,2551
2020-07-06,Peru,3638,177,302718,10589,23299,1272,47782,2544
2020-07-07,Peru,2985,183,305703,10772,23338,1268,50767,2727
2020-07-08,Peru,3575,180,309278,10952,24065,1275,48468,2548
2020-07-09,Peru,3633,181,312911,11133,24434,1273,48222,2547
2020-07-10,Peru,3537,181,316448,11314,24444,1269,47846,2553
2020-07-11,Peru,3198,186,319646,11500,24047,1274,47282,2561
2020-07-12,Peru,3064,182,322710,11682,23630,1270,46721,2547
2020-07-13,Peru,3616,188,326326,11870,23608,1281,46907,2553
2020-07-14,Peru,3797,184,330123,12054,24420,1282,47758,2550
2020-07-15,Peru,3744,175,333867,12229,24589,1277,48654,2552
2020-07-16,Peru,3857,188,337724,12417,24813,1284,49247,2557
2020-07-17,Peru,3862,198,341586,12615,25138,1301,49582,2570
2020-07-18,Peru,3951,184,345537,12799,25891,1299,49938,2573
2020-07-19,Peru,3963,199,349500,12998,26790,1316,50420,2586
2020-07-20,Peru,4090,189,353590,13187,27264,1317,50872,2598
2020-07-21,Peru,4091,197,357681,13384,27558,1330,51978,2612
2020-07-22,Peru,4406,195,362087,13579,28220,1350,52809,2627
2020-07-23,Peru,4463,188,366550,13767,28826,1350,53639,2634
2020-07-24,Peru,4546,3887,371096,17654,29510,5039,54648,6340
2020-07-25,Peru,4865,189,375961,17843,30424,5044,56315,6343
2020-07-26,Peru,3923,187,379884,18030,30384,5032,57174,6348
2020-07-27,Peru,4913,199,384797,18229,31207,5042,58471,6359
2020-07-28,Peru,4920,189,389717,18418,32036,5034,59594,6364
2020-07-29,Peru,5288,194,395005,18612,32918,5033,61138,6383
2020-07-30,Peru,5678,204,400683,18816,34133,5049,62959,6399
2020-07-31,Peru,6809,205,407492,19021,36396,1367,65906,6406
2020-08-01,Peru,7243,196,414735,19217,38774,1374,69198,6418
2020-08-02,Peru,7448,191,422183,19408,42299,1378,72683,6410
2020-08-03,Peru,6667,206,428850,19614,44053,1385,75260,6427
2020-08-04,Peru,4250,197,433100,19811,43383,1393,75419,6427
2020-08-05,Peru,6790,196,439890,20007,44885,1395,77803,6428
2020-08-06,Peru,7734,221,447624,20228,46941,1412,81074,6461
2020-08-07,Peru,7785,196,455409,20424,47917,1403,84313,2770
2020-08-08,Peru,8466,225,463875,20649,49140,1432,87914,2806
2020-08-09,Peru,7137,195,471012,20844,48829,1436,91128,2814
2020-08-10,Peru,7012,228,478024,21072,49174,1458,93227,2843
2020-08-11,Peru,5109,204,483133,21276,50033,1465,93416,2858
2020-08-12,Peru,6547,225,489680,21501,49790,1494,94675,2889
2020-08-13,Peru,8875,212,498555,21713,50931,1485,97872,2897
2020-08-14,Peru,9441,3935,507996,25648,52587,5224,100504,6627
2020-08-15,Peru,8300,208,516296,25856,52421,5207,101561,6639
2020-08-16,Peru,9507,219,525803,26075,54791,5231,103620,6667
2020-08-17,Peru,10143,206,535946,26281,57922,5209,107096,6667
2020-08-18,Peru,5547,200,541493,26481,58360,5205,108393,6670
2020-08-19,Peru,7828,177,549321,26658,59641,5157,109431,6651
2020-08-20,Peru,9099,176,558420,26834,59865,5121,110796,6606
2020-08-21,Peru,8639,200,567059,27034,59063,1386,111650,6610
2020-08-22,Peru,9008,211,576067,27245,59771,1389,112192,6596
2020-08-23,Peru,9169,208,585236,27453,59433,1378,114224,6609
2020-08-24,Peru,9090,210,594326,27663,58380,1382,116302,6591
2020-08-25,Peru,6112,150,600438,27813,58945,1332,117305,6537
2020-08-26,Peru,6944,188,607382,28001,58061,1343,117702,6500
2020-08-27,Peru,5996,123,613378,28124,54958,1290,114823,6411
2020-08-28,Peru,8619,153,621997,28277,54938,1243,114001,2629
2020-08-29,Peru,7964,194,629961,28471,53894,1226,113665,2615
2020-08-30,Peru,9474,136,639435,28607,54199,1154,113632,2532
2020-08-31,Peru,7731,181,647166,28788,52840,1125,111220,2507
2020-04-01,Philippines,0,0,2084,88,1532,53,1897,74
2020-04-02,Philippines,227,8,2311,96,1675,58,2109,79
2020-04-03,Philippines,322,11,2633,107,1926,62,2403,89
2020-04-04,Philippines,385,29,3018,136,2215,82,2788,118
2020-04-05,Philippines,76,8,3094,144,2019,76,2714,119
2020-04-06,Philippines,152,8,3246,152,1828,81,2866,127
2020-04-07,Philippines,414,11,3660,163,1576,75,3198,130
2020-04-08,Philippines,104,14,3764,177,1680,89,3212,142
2020-04-09,Philippines,106,5,3870,182,1559,86,3234,144
2020-04-10,Philippines,206,21,4076,203,1443,96,3369,158
2020-04-11,Philippines,0,0,4076,203,1058,67,3273,149
2020-04-12,Philippines,352,44,4428,247,1334,103,3353,179
2020-04-13,Philippines,220,50,4648,297,1402,145,3230,226
2020-04-14,Philippines,284,18,4932,315,1272,152,2848,227
2020-04-15,Philippines,291,20,5223,335,1459,158,3139,247
2020-04-16,Philippines,230,14,5453,349,1583,167,3142,253
2020-04-17,Philippines,207,13,5660,362,1584,159,3027,255
2020-04-18,Philippines,218,25,5878,387,1802,184,2860,251
2020-04-19,Philippines,209,10,6087,397,1659,150,2993,253
2020-04-20,Philippines,172,12,6259,409,1611,112,3013,257
2020-04-21,Philippines,200,19,6459,428,1527,113,2799,265
2020-04-22,Philippines,140,9,6599,437,1376,102,2835,260
2020-04-23,Philippines,111,9,6710,446,1257,97,2840,264
2020-04-24,Philippines,271,16,6981,462,1321,100,2905,259
2020-04-25,Philippines,211,15,7192,477,1314,90,3116,274
2020-04-26,Philippines,102,17,7294,494,1207,97,2866,247
2020-04-27,Philippines,285,7,7579,501,1320,92,2931,204
2020-04-28,Philippines,198,10,7777,511,1318,83,2845,196
2020-04-29,Philippines,181,19,7958,530,1359,93,2735,195
2020-04-30,Philippines,254,28,8212,558,1502,112,2759,209
2020-05-01,Philippines,276,10,8488,568,1507,106,2828,206
2020-05-02,Philippines,284,11,8772,579,1580,102,2894,192
2020-05-03,Philippines,156,24,8928,603,1634,109,2841,206
2020-05-04,Philippines,295,4,9223,607,1644,106,2964,198
2020-05-05,Philippines,262,16,9485,623,1708,112,3026,195
2020-05-06,Philippines,199,14,9684,637,1726,107,3085,200
2020-05-07,Philippines,320,21,10004,658,1792,100,3294,212
2020-05-08,Philippines,339,27,10343,685,1855,117,3362,223
2020-05-09,Philippines,120,11,10463,696,1691,117,3271,219
2020-05-10,Philippines,147,8,10610,704,1682,101,3316,210
2020-05-11,Philippines,184,15,10794,719,1571,112,3215,218
2020-05-12,Philippines,292,7,11086,726,1601,103,3309,215
2020-05-13,Philippines,264,25,11350,751,1666,114,3392,221
2020-05-14,Philippines,268,21,11618,772,1614,114,3406,214
2020-05-15,Philippines,258,18,11876,790,1533,105,3388,222
2020-05-16,Philippines,215,16,12091,806,1628,110,3319,227
2020-05-17,Philippines,214,11,12305,817,1695,113,3377,214
2020-05-18,Philippines,208,7,12513,824,1719,105,3290,217
2020-05-19,Philippines,205,7,12718,831,1632,105,3233,208
2020-05-20,Philippines,224,6,12942,837,1592,86,3258,200
2020-05-21,Philippines,279,5,13221,842,1603,70,3217,184
2020-05-22,Philippines,213,4,13434,846,1558,56,3091,161
2020-05-23,Philippines,163,11,13597,857,1506,51,3134,161
2020-05-24,Philippines,180,6,13777,863,1472,46,3167,159
2020-05-25,Philippines,258,5,14035,868,1522,44,3241,149
2020-05-26,Philippines,284,5,14319,873,1601,42,3233,147
2020-05-27,Philippines,350,13,14669,886,1727,49,3319,135
2020-05-28,Philippines,380,18,15049,904,1828,62,3431,132
2020-05-29,Philippines,539,17,15588,921,2154,75,3712,131
2020-05-30,Philippines,1046,21,16634,942,3037,85,4543,136
2020-05-31,Philippines,590,8,17224,950,3447,87,4919,133
2020-06-01,Philippines,862,7,18086,957,4051,89,5573,133
2020-06-02,Philippines,552,3,18638,960,4319,87,5920,129
2020-06-03,Philippines,359,6,18997,966,4328,80,6055,129
2020-06-04,Philippines,751,8,19748,974,4699,70,6527,132
2020-06-05,Philippines,634,10,20382,984,4794,63,6948,138
2020-06-06,Philippines,244,3,20626,987,3992,45,7029,130
2020-06-07,Philippines,714,7,21340,994,4116,44,7563,131
2020-06-08,Philippines,555,9,21895,1003,3809,46,7860,135
2020-06-09,Philippines,579,8,22474,1011,3836,51,8155,138
2020-06-10,Philippines,518,6,22992,1017,3995,51,8323,131
2020-06-11,Philippines,740,10,23732,1027,3984,53,8683,123
2020-06-12,Philippines,443,9,24175,1036,3793,52,8587,115
2020-06-13,Philippines,612,16,24787,1052,4161,65,8153,110
2020-06-14,Philippines,605,22,25392,1074,4052,80,8168,124
2020-06-15,Philippines,538,14,25930,1088,4035,85,7844,131
2020-06-16,Philippines,490,10,26420,1098,3946,87,7782,138
2020-06-17,Philippines,361,5,26781,1103,3789,86,7784,137
2020-06-18,Philippines,457,5,27238,1108,3506,81,7490,134
2020-06-19,Philippines,561,8,27799,1116,3624,80,7417,132
2020-06-20,Philippines,660,14,28459,1130,3672,78,7833,143
2020-06-21,Philippines,941,20,29400,1150,4008,76,8060,156
2020-06-22,Philippines,652,19,30052,1169,4122,81,8157,166
2020-06-23,Philippines,630,8,30682,1177,4262,79,8208,166
2020-06-24,Philippines,1143,9,31825,1186,5044,83,8833,169
2020-06-25,Philippines,470,18,32295,1204,5057,96,8563,177
2020-06-26,Philippines,774,8,33069,1212,5270,96,8894,176
2020-06-27,Philippines,1004,12,34073,1224,5614,94,9286,172
2020-06-28,Philippines,730,12,34803,1236,5403,86,9411,162
2020-06-29,Philippines,652,8,35455,1244,5403,75,9525,156
2020-06-30,Philippines,983,11,36438,1255,5756,78,10018,157
2020-07-01,Philippines,1076,11,37514,1266,5689,80,10733,163
2020-07-02,Philippines,997,4,38511,1270,6216,66,11273,162
2020-07-03,Philippines,294,4,38805,1274,5736,62,11006,158
2020-07-04,Philippines,1531,6,40336,1280,6263,56,11877,150
2020-07-05,Philippines,1494,10,41830,1290,7027,54,12430,140
2020-07-06,Philippines,0,0,41830,1290,6375,46,11778,121
2020-07-07,Philippines,4503,13,46333,1303,9895,48,15651,126
2020-07-08,Philippines,1540,6,47873,1309,10359,43,16048,123
2020-07-09,Philippines,2486,5,50359,1314,11848,44,18064,110
2020-07-10,Philippines,1395,4,51754,1318,12949,44,18685,106
2020-07-11,Philippines,1160,42,52914,1360,12578,80,18841,136
2020-07-12,Philippines,1308,12,54222,1372,12392,82,19419,136
2020-07-13,Philippines,2037,162,56259,1534,14429,244,20804,290
2020-07-14,Philippines,747,65,57006,1599,10673,296,20568,344
2020-07-15,Philippines,539,4,57545,1603,9672,294,20031,337
2020-07-16,Philippines,1305,11,58850,1614,8491,300,20339,344
2020-07-17,Philippines,2416,29,61266,1643,9512,325,22461,369
2020-07-18,Philippines,1735,17,63001,1660,10087,300,22665,380
2020-07-19,Philippines,2303,113,65304,1773,11082,401,23474,483
2020-07-20,Philippines,2152,58,67456,1831,11197,297,25626,541
2020-07-21,Philippines,1442,4,68898,1835,11892,236,22565,532
2020-07-22,Philippines,1866,2,70764,1837,13219,234,22891,528
2020-07-23,Philippines,1505,6,72269,1843,13419,229,21910,529
2020-07-24,Philippines,2121,28,74390,1871,13124,228,22636,553
2020-07-25,Philippines,2054,8,76444,1879,13443,219,23530,519
2020-07-26,Philippines,1968,18,78412,1897,13108,124,24190,525
2020-07-27,Philippines,2036,35,80448,1932,12992,101,24189,398
2020-07-28,Philippines,1592,13,82040,1945,13142,110,25034,346
2020-07-29,Philippines,1633,2,83673,1947,12909,110,26128,344
2020-07-30,Philippines,1813,15,85486,1962,13217,119,26636,348
2020-07-31,Philippines,3888,21,89374,1983,14984,112,28108,340
2020-08-01,Philippines,3980,40,93354,2023,16910,144,30353,363
2020-08-02,Philippines,4878,16,98232,2039,19820,142,32928,266
2020-08-03,Philippines,4953,20,103185,2059,22737,127,35729,228
2020-08-04,Philippines,3145,45,106330,2104,24290,159,37432,269
2020-08-05,Philippines,6263,11,112593,2115,28920,168,41829,278
2020-08-06,Philippines,3387,8,115980,2123,30494,161,43711,280
2020-08-07,Philippines,3480,27,119460,2150,30086,167,45070,279
2020-08-08,Philippines,3294,18,122754,2168,29400,145,46310,289
2020-08-09,Philippines,4131,41,126885,2209,28653,170,48473,312
2020-08-10,Philippines,3028,61,129913,2270,26728,211,49465,338
2020-08-11,Philippines,6725,23,136638,2293,30308,189,54598,348
2020-08-12,Philippines,2900,19,139538,2312,26945,197,55865,365
2020-08-13,Philippines,4211,92,143749,2404,27769,281,58263,442
2020-08-14,Philippines,3777,22,147526,2426,28066,276,58152,443
2020-08-15,Philippines,6134,16,153660,2442,30906,274,60306,419
2020-08-16,Philippines,4258,158,157918,2600,31033,391,59686,561
2020-08-17,Philippines,3335,65,161253,2665,31340,395,58068,606
2020-08-18,Philippines,3221,16,164474,2681,27836,388,58144,577
2020-08-19,Philippines,4739,6,169213,2687,29675,375,56620,572
2020-08-20,Philippines,4561,108,173774,2795,30025,391,57794,672
2020-08-21,Philippines,4248,88,178022,2883,30496,457,58562,733
2020-08-22,Philippines,4343,57,182365,2940,28705,498,59611,772
2020-08-23,Philippines,4884,26,187249,2966,29331,366,60364,757
2020-08-24,Philippines,2352,32,189601,2998,28348,333,59688,728
2020-08-25,Philippines,4651,12,194252,3010,29778,329,57614,717
2020-08-26,Philippines,2912,28,197164,3038,27951,351,57626,726
2020-08-27,Philippines,5197,99,202361,3137,28587,342,58612,733
2020-08-28,Philippines,3220,97,205581,3234,27559,351,58055,808
2020-08-29,Philippines,3963,91,209544,3325,27179,385,55884,883
2020-08-30,Philippines,3587,94,213131,3419,25882,453,55213,819
2020-08-31,Philippines,4265,101,217396,3520,27795,522,56143,855
2020-04-01,Poland,256,2,2311,33,1410,23,2073,28
2020-04-02,Poland,243,10,2554,43,1503,29,2267,38
2020-04-03,Poland,392,14,2946,57,1725,41,2591,52
2020-04-04,Poland,437,14,3383,71,1994,55,2958,66
2020-04-05,Poland,244,8,3627,79,1989,61,3091,74
2020-04-06,Poland,475,15,4102,94,2240,72,3468,87
2020-04-07,Poland,311,13,4413,107,2358,76,3664,99
2020-04-08,Poland,435,22,4848,129,2537,96,3947,119
2020-04-09,Poland,357,30,5205,159,2651,116,4154,145
2020-04-10,Poland,370,15,5575,174,2629,117,4354,158
2020-04-11,Poland,380,7,5955,181,2572,110,4566,165
2020-04-12,Poland,401,27,6356,208,2729,129,4718,190
2020-04-13,Poland,318,24,6674,232,2572,138,4812,210
2020-04-14,Poland,260,13,6934,245,2521,138,4879,214
2020-04-15,Poland,268,18,7202,263,2354,134,4891,230
2020-04-16,Poland,380,23,7582,286,2377,127,5028,243
2020-04-17,Poland,336,28,7918,314,2343,140,4972,257
2020-04-18,Poland,461,18,8379,332,2424,151,4996,261
2020-04-19,Poland,363,15,8742,347,2386,139,5115,268
2020-04-20,Poland,545,13,9287,360,2613,128,5185,266
2020-04-21,Poland,306,20,9593,380,2659,135,5180,273
2020-04-22,Poland,263,21,9856,401,2654,138,5008,272
2020-04-23,Poland,313,25,10169,426,2587,140,4964,267
2020-04-24,Poland,342,28,10511,454,2593,140,4936,280
2020-04-25,Poland,381,40,10892,494,2513,162,4937,313
2020-04-26,Poland,381,30,11273,524,2531,177,4917,316
2020-04-27,Poland,344,11,11617,535,2330,175,4943,303
2020-04-28,Poland,285,27,11902,562,2309,182,4968,317
2020-04-29,Poland,316,34,12218,596,2362,195,5016,333
2020-04-30,Poland,422,28,12640,624,2471,198,5058,338
2020-05-01,Poland,237,20,12877,644,2366,190,4959,330
2020-05-02,Poland,228,7,13105,651,2213,157,4726,319
2020-05-03,Poland,270,13,13375,664,2102,140,4633,317
2020-05-04,Poland,318,14,13693,678,2076,143,4406,318
2020-05-05,Poland,313,20,14006,698,2104,136,4413,318
2020-05-06,Poland,425,18,14431,716,2213,120,4575,315
2020-05-07,Poland,309,17,14740,733,2100,109,4571,307
2020-05-08,Poland,307,22,15047,755,2170,111,4536,301
2020-05-09,Poland,319,21,15366,776,2261,125,4474,282
2020-05-10,Poland,285,9,15651,785,2276,121,4378,261
2020-05-11,Poland,345,15,15996,800,2303,122,4379,265
2020-05-12,Poland,330,11,16326,811,2320,113,4424,249
2020-05-13,Poland,595,28,16921,839,2490,123,4703,243
2020-05-14,Poland,283,22,17204,861,2464,128,4564,237
2020-05-15,Poland,411,22,17615,883,2568,128,4738,239
2020-05-16,Poland,401,24,18016,907,2650,131,4911,256
2020-05-17,Poland,241,8,18257,915,2606,130,4882,251
2020-05-18,Poland,272,10,18529,925,2533,125,4836,247
2020-05-19,Poland,356,11,18885,936,2559,125,4879,238
2020-05-20,Poland,383,12,19268,948,2347,109,4837,232
2020-05-21,Poland,471,14,19739,962,2535,101,4999,229
2020-05-22,Poland,404,10,20143,972,2528,89,5096,217
2020-05-23,Poland,476,10,20619,982,2603,75,5253,206
2020-05-24,Poland,312,11,20931,993,2674,78,5280,208
2020-05-25,Poland,395,3,21326,996,2797,71,5330,196
2020-05-26,Poland,305,11,21631,1007,2746,71,5305,196
2020-05-27,Poland,443,17,22074,1024,2806,76,5153,185
2020-05-28,Poland,399,4,22473,1028,2734,66,5269,167
2020-05-29,Poland,352,10,22825,1038,2682,66,5210,155
2020-05-30,Poland,330,13,23155,1051,2536,69,5139,144
2020-05-31,Poland,416,10,23571,1061,2640,68,5314,146
2020-06-01,Poland,215,3,23786,1064,2460,68,5257,139
2020-06-02,Poland,379,10,24165,1074,2534,67,5280,138
2020-06-03,Poland,230,18,24395,1092,2321,68,5127,144
2020-06-04,Poland,292,23,24687,1115,2214,87,4948,153
2020-06-05,Poland,361,2,25048,1117,2223,79,4905,145
2020-06-06,Poland,371,20,25419,1137,2264,86,4800,155
2020-06-07,Poland,567,16,25986,1153,2415,92,5055,160
2020-06-08,Poland,575,4,26561,1157,2775,93,5235,161
2020-06-09,Poland,599,9,27160,1166,2995,92,5529,159
2020-06-10,Poland,400,17,27560,1183,3165,91,5486,159
2020-06-11,Poland,197,23,27757,1206,3070,91,5284,178
2020-06-12,Poland,444,9,28201,1215,3153,98,5376,177
2020-06-13,Poland,376,7,28577,1222,3158,85,5422,171
2020-06-14,Poland,440,15,29017,1237,3031,84,5446,176
2020-06-15,Poland,375,10,29392,1247,2831,90,5606,183
2020-06-16,Poland,396,9,29788,1256,2628,90,5623,182
2020-06-17,Poland,407,16,30195,1272,2635,89,5800,180
2020-06-18,Poland,506,14,30701,1286,2944,80,6014,171
2020-06-19,Poland,314,30,31015,1316,2814,101,5967,199
2020-06-20,Poland,301,18,31316,1334,2739,112,5897,197
2020-06-21,Poland,304,12,31620,1346,2603,109,5634,193
2020-06-22,Poland,311,10,31931,1356,2539,109,5370,199
2020-06-23,Poland,296,3,32227,1359,2439,103,5067,193
2020-06-24,Poland,300,16,32527,1375,2332,103,4967,192
2020-06-25,Poland,294,21,32821,1396,2120,110,5064,190
2020-06-26,Poland,298,16,33119,1412,2104,96,4918,197
2020-06-27,Poland,276,17,33395,1429,2079,95,4818,207
2020-06-28,Poland,319,6,33714,1435,2094,89,4697,198
2020-06-29,Poland,193,3,33907,1438,1976,82,4515,191
2020-06-30,Poland,247,6,34154,1444,1927,85,4366,188
2020-07-01,Poland,239,19,34393,1463,1866,88,4198,191
2020-07-02,Poland,382,14,34775,1477,1954,81,4074,191
2020-07-03,Poland,371,15,35146,1492,2027,80,4131,176
2020-07-04,Poland,259,15,35405,1507,2010,78,4089,173
2020-07-05,Poland,314,5,35719,1512,2005,77,4099,166
2020-07-06,Poland,231,5,35950,1517,2043,79,4019,161
2020-07-07,Poland,205,4,36155,1521,2001,77,3928,162
2020-07-08,Poland,257,7,36412,1528,2019,65,3885,153
2020-07-09,Poland,277,14,36689,1542,1914,65,3868,146
2020-07-10,Poland,262,9,36951,1551,1805,59,3832,139
2020-07-11,Poland,265,11,37216,1562,1811,55,3821,133
2020-07-12,Poland,305,6,37521,1568,1802,56,3807,133
2020-07-13,Poland,370,3,37891,1571,1941,54,3984,133
2020-07-14,Poland,299,5,38190,1576,2035,55,4036,132
2020-07-15,Poland,267,12,38457,1588,2045,60,4064,125
2020-07-16,Poland,323,6,38780,1594,2091,52,4005,117
2020-07-17,Poland,274,11,39054,1605,2103,54,3908,113
2020-07-18,Poland,353,7,39407,1612,2191,50,4002,105
2020-07-19,Poland,339,6,39746,1618,2225,50,4027,106
2020-07-20,Poland,358,6,40104,1624,2213,53,4154,107
2020-07-21,Poland,279,3,40383,1627,2193,51,4228,106
2020-07-22,Poland,399,9,40782,1636,2325,48,4370,108
2020-07-23,Poland,380,6,41162,1642,2382,48,4473,100
2020-07-24,Poland,418,9,41580,1651,2526,46,4629,100
2020-07-25,Poland,458,4,42038,1655,2631,43,4822,93
2020-07-26,Poland,584,9,42622,1664,2876,46,5101,96
2020-07-27,Poland,443,7,43065,1671,2961,47,5174,100
2020-07-28,Poland,337,5,43402,1676,3019,49,5212,100
2020-07-29,Poland,502,6,43904,1682,3122,46,5447,94
2020-07-30,Poland,512,12,44416,1694,3254,52,5636,100
2020-07-31,Poland,615,15,45031,1709,3451,58,5977,104
2020-08-01,Poland,657,7,45688,1716,3650,61,6281,104
2020-08-02,Poland,658,5,46346,1721,3724,57,6600,103
2020-08-03,Poland,548,10,46894,1731,3829,60,6790,107
2020-08-04,Poland,575,1,47469,1732,4067,56,7086,105
2020-08-05,Poland,680,6,48149,1738,4245,56,7367,102
2020-08-06,Poland,640,18,48789,1756,4373,62,7627,114
2020-08-07,Poland,726,18,49515,1774,4484,65,7935,123
2020-08-08,Poland,809,13,50324,1787,4636,71,8286,132
2020-08-09,Poland,843,13,51167,1800,4821,79,8545,136
2020-08-10,Poland,624,7,51791,1807,4897,76,8726,136
2020-08-11,Poland,619,2,52410,1809,4941,77,9008,133
2020-08-12,Poland,551,12,52961,1821,4812,83,9057,139
2020-08-13,Poland,715,9,53676,1830,4887,74,9260,136
2020-08-14,Poland,811,14,54487,1844,4972,70,9456,135
2020-08-15,Poland,832,14,55319,1858,4995,71,9631,142
2020-08-16,Poland,771,11,56090,1869,4923,69,9744,148
2020-08-17,Poland,594,8,56684,1877,4893,70,9790,146
2020-08-18,Poland,595,8,57279,1885,4869,76,9810,153
2020-08-19,Poland,597,11,57876,1896,4915,75,9727,158
2020-08-20,Poland,735,17,58611,1913,4935,83,9822,157
2020-08-21,Poland,767,12,59378,1925,4891,81,9863,151
2020-08-22,Poland,903,13,60281,1938,4962,80,9957,151
2020-08-23,Poland,900,13,61181,1951,5091,82,10014,151
2020-08-24,Poland,581,4,61762,1955,5078,78,9971,148
2020-08-25,Poland,548,5,62310,1960,5031,75,9900,151
2020-08-26,Poland,763,17,63073,1977,5197,81,10112,156
2020-08-27,Poland,729,17,63802,1994,5191,81,10126,164
2020-08-28,Poland,887,16,64689,2010,5311,85,10202,166
2020-08-29,Poland,791,8,65480,2018,5199,80,10161,160
2020-08-30,Poland,759,14,66239,2032,5058,81,10149,163
2020-08-31,Poland,631,1,66870,2033,5108,78,10186,156
2020-04-01,Portugal,1035,20,7443,160,5081,127,6995,159
2020-04-02,Portugal,808,27,8251,187,5256,144,7609,185
2020-04-03,Portugal,783,22,9034,209,5490,149,8249,206
2020-04-04,Portugal,852,37,9886,246,5618,170,8866,240
2020-04-05,Portugal,638,20,10524,266,5354,166,9244,254
2020-04-06,Portugal,754,29,11278,295,5316,176,9678,281
2020-04-07,Portugal,452,16,11730,311,5322,171,9670,288
2020-04-08,Portugal,712,34,12442,345,4999,185,10080,312
2020-04-09,Portugal,699,35,13141,380,4890,193,10146,337
2020-04-10,Portugal,815,29,13956,409,4922,200,10412,349
2020-04-11,Portugal,1516,26,15472,435,5586,189,11204,359
2020-04-12,Portugal,515,35,15987,470,5463,204,10817,370
2020-04-13,Portugal,598,34,16585,504,5307,209,10623,385
2020-04-14,Portugal,349,31,16934,535,5204,224,10526,395
2020-04-15,Portugal,514,32,17448,567,5006,222,10005,407
2020-04-16,Portugal,643,32,18091,599,4950,219,9840,412
2020-04-17,Portugal,750,30,18841,629,4885,220,9807,420
2020-04-18,Portugal,181,28,19022,657,3550,222,9136,411
2020-04-19,Portugal,663,30,19685,687,3698,217,9161,421
2020-04-20,Portugal,521,27,20206,714,3621,210,8928,419
2020-04-21,Portugal,657,21,20863,735,3929,200,9133,424
2020-04-22,Portugal,516,27,21379,762,3931,195,8937,417
2020-04-23,Portugal,603,23,21982,785,3891,186,8841,405
2020-04-24,Portugal,371,35,22353,820,3512,191,8397,411
2020-04-25,Portugal,918,60,23271,880,4249,223,7799,445
2020-04-26,Portugal,412,23,23683,903,3998,216,7696,433
2020-04-27,Portugal,163,25,23846,928,3640,214,7261,424
2020-04-28,Portugal,298,20,24144,948,3281,213,7210,413
2020-04-29,Portugal,180,25,24324,973,2945,211,6876,406
2020-04-30,Portugal,368,16,24692,989,2710,204,6601,390
2020-05-01,Portugal,295,18,24987,1007,2634,187,6146,378
2020-05-02,Portugal,364,0,25351,1007,2080,127,6329,350
2020-05-03,Portugal,-161,16,25190,1023,1507,120,5505,336
2020-05-04,Portugal,334,40,25524,1063,1678,135,5318,349
2020-05-05,Portugal,0,0,25524,1063,1380,115,4661,328
2020-05-06,Portugal,178,11,25702,1074,1378,101,4323,312
2020-05-07,Portugal,480,15,26182,1089,1490,100,4200,304
2020-05-08,Portugal,533,16,26715,1105,1728,98,4362,285
2020-05-09,Portugal,553,9,27268,1114,1917,107,3997,234
2020-05-10,Portugal,138,12,27406,1126,2216,103,3723,223
2020-05-11,Portugal,175,9,27581,1135,2057,72,3735,207
2020-05-12,Portugal,98,9,27679,1144,2155,81,3535,196
2020-05-13,Portugal,234,19,27913,1163,2211,89,3589,190
2020-05-14,Portugal,219,12,28132,1175,1950,86,3440,186
2020-05-15,Portugal,187,9,28319,1184,1604,79,3332,177
2020-05-16,Portugal,264,6,28583,1190,1315,76,3232,183
2020-05-17,Portugal,227,13,28810,1203,1404,77,3620,180
2020-05-18,Portugal,226,15,29036,1218,1455,83,3512,155
2020-05-19,Portugal,173,13,29209,1231,1530,87,3685,168
2020-05-20,Portugal,223,16,29432,1247,1519,84,3730,173
2020-05-21,Portugal,228,16,29660,1263,1528,88,3478,174
2020-05-22,Portugal,252,14,29912,1277,1593,93,3197,172
2020-05-23,Portugal,288,12,30200,1289,1617,99,2932,175
2020-05-24,Portugal,271,13,30471,1302,1661,99,3065,176
2020-05-25,Portugal,152,14,30623,1316,1587,98,3042,181
2020-05-26,Portugal,165,14,30788,1330,1579,99,3109,186
2020-05-27,Portugal,219,12,31007,1342,1575,95,3094,179
2020-05-28,Portugal,285,14,31292,1356,1632,93,3160,181
2020-05-29,Portugal,304,13,31596,1369,1684,92,3277,185
2020-05-30,Portugal,350,14,31946,1383,1746,94,3363,193
2020-05-31,Portugal,257,13,32203,1396,1732,94,3393,193
2020-06-01,Portugal,297,14,32500,1410,1877,94,3464,192
2020-06-02,Portugal,200,14,32700,1424,1912,94,3491,193
2020-06-03,Portugal,195,12,32895,1436,1888,94,3463,189
2020-06-04,Portugal,366,11,33261,1447,1969,91,3601,184
2020-06-05,Portugal,331,8,33592,1455,1996,86,3680,178
2020-06-06,Portugal,377,10,33969,1465,2023,82,3769,176
2020-06-07,Portugal,382,9,34351,1474,2148,78,3880,172
2020-06-08,Portugal,142,5,34493,1479,1993,69,3870,163
2020-06-09,Portugal,392,6,34885,1485,2185,61,4097,155
2020-06-10,Portugal,421,7,35306,1492,2411,56,4299,150
2020-06-11,Portugal,294,3,35600,1495,2339,48,4308,139
2020-06-12,Portugal,310,9,35910,1504,2318,49,4314,135
2020-06-13,Portugal,270,1,36180,1505,2211,40,4234,122
2020-06-14,Portugal,283,7,36463,1512,2112,38,4260,116
2020-06-15,Portugal,227,5,36690,1517,2197,38,4190,107
2020-06-16,Portugal,346,3,37036,1520,2151,35,4336,96
2020-06-17,Portugal,300,2,37336,1522,2030,30,4441,86
2020-06-18,Portugal,336,1,37672,1523,2072,28,4411,76
2020-06-19,Portugal,417,1,38089,1524,2179,20,4497,69
2020-06-20,Portugal,375,3,38464,1527,2284,22,4495,62
2020-06-21,Portugal,377,1,38841,1528,2378,16,4490,54
2020-06-22,Portugal,292,2,39133,1530,2443,13,4640,51
2020-06-23,Portugal,259,4,39392,1534,2356,14,4507,49
2020-06-24,Portugal,345,6,39737,1540,2401,18,4431,48
2020-06-25,Portugal,367,3,40104,1543,2432,20,4504,48
2020-06-26,Portugal,311,6,40415,1549,2326,25,4505,45
2020-06-27,Portugal,451,6,40866,1555,2402,28,4686,50
2020-06-28,Portugal,323,6,41189,1561,2348,33,4726,49
2020-06-29,Portugal,457,3,41646,1564,2513,34,4956,47
2020-06-30,Portugal,266,4,41912,1568,2520,34,4876,48
2020-07-01,Portugal,229,8,42141,1576,2404,36,4805,54
2020-07-02,Portugal,313,3,42454,1579,2350,36,4782,56
2020-07-03,Portugal,328,8,42782,1587,2367,38,4693,63
2020-07-04,Portugal,374,11,43156,1598,2290,43,4692,71
2020-07-05,Portugal,413,7,43569,1605,2380,44,4728,77
2020-07-06,Portugal,328,9,43897,1614,2251,50,4764,84
2020-07-07,Portugal,232,6,44129,1620,2217,52,4737,86
2020-07-08,Portugal,287,9,44416,1629,2275,53,4679,89
2020-07-09,Portugal,443,2,44859,1631,2405,52,4755,88
2020-07-10,Portugal,418,13,45277,1644,2495,57,4862,95
2020-07-11,Portugal,402,2,45679,1646,2523,48,4813,91
2020-07-12,Portugal,542,8,46221,1654,2652,49,5032,93
2020-07-13,Portugal,291,6,46512,1660,2615,46,4866,96
2020-07-14,Portugal,306,2,46818,1662,2689,42,4906,94
2020-07-15,Portugal,233,6,47051,1668,2635,39,4910,92
2020-07-16,Portugal,375,8,47426,1676,2567,45,4972,97
2020-07-17,Portugal,339,3,47765,1679,2488,35,4983,92
2020-07-18,Portugal,312,3,48077,1682,2398,36,4921,84
2020-07-19,Portugal,313,2,48390,1684,2169,30,4821,79
2020-07-20,Portugal,246,5,48636,1689,2124,29,4739,75
2020-07-21,Portugal,135,2,48771,1691,1953,29,4642,71
2020-07-22,Portugal,127,6,48898,1697,1847,29,4482,68
2020-07-23,Portugal,252,5,49150,1702,1724,26,4291,71
2020-07-24,Portugal,229,3,49379,1705,1614,26,4102,61
2020-07-25,Portugal,313,7,49692,1712,1615,30,4013,66
2020-07-26,Portugal,263,4,49955,1716,1565,32,3734,62
2020-07-27,Portugal,209,1,50164,1717,1528,28,3652,57
2020-07-28,Portugal,135,2,50299,1719,1528,28,3481,57
2020-07-29,Portugal,111,3,50410,1722,1512,25,3359,54
2020-07-30,Portugal,203,3,50613,1725,1463,23,3187,49
2020-07-31,Portugal,255,2,50868,1727,1489,22,3103,48
2020-08-01,Portugal,204,8,51072,1735,1380,23,2995,53
2020-08-02,Portugal,238,2,51310,1737,1355,21,2920,53
2020-08-03,Portugal,153,1,51463,1738,1299,21,2827,49
2020-08-04,Portugal,106,0,51569,1738,1270,19,2798,47
2020-08-05,Portugal,112,1,51681,1739,1271,17,2783,42
2020-08-06,Portugal,167,1,51848,1740,1235,15,2698,38
2020-08-07,Portugal,213,3,52061,1743,1193,16,2682,38
2020-08-08,Portugal,290,3,52351,1746,1279,11,2659,34
2020-08-09,Portugal,186,4,52537,1750,1227,13,2582,34
2020-08-10,Portugal,131,6,52668,1756,1205,18,2504,39
2020-08-11,Portugal,157,3,52825,1759,1256,21,2526,40
2020-08-12,Portugal,120,2,52945,1761,1264,22,2535,39
2020-08-13,Portugal,278,3,53223,1764,1375,24,2610,39
2020-08-14,Portugal,325,6,53548,1770,1487,27,2680,43
2020-08-15,Portugal,235,2,53783,1772,1432,26,2711,37
2020-08-16,Portugal,198,3,53981,1775,1444,25,2671,38
2020-08-17,Portugal,121,3,54102,1778,1434,22,2639,40
2020-08-18,Portugal,132,1,54234,1779,1409,20,2665,41
2020-08-19,Portugal,214,5,54448,1784,1503,23,2767,45
2020-08-20,Portugal,253,2,54701,1786,1478,22,2853,46
2020-08-21,Portugal,291,2,54992,1788,1444,18,2931,45
2020-08-22,Portugal,219,4,55211,1792,1428,20,2860,46
2020-08-23,Portugal,241,2,55452,1794,1471,19,2915,44
2020-08-24,Portugal,145,2,55597,1796,1495,18,2929,40
2020-08-25,Portugal,123,5,55720,1801,1486,22,2895,42
2020-08-26,Portugal,192,4,55912,1805,1464,21,2967,44
2020-08-27,Portugal,362,2,56274,1807,1573,21,3051,43
2020-08-28,Portugal,399,2,56673,1809,1681,21,3125,39
2020-08-29,Portugal,401,6,57074,1815,1863,23,3291,43
2020-08-30,Portugal,374,3,57448,1818,1996,24,3467,43
2020-08-31,Portugal,320,1,57768,1819,2171,23,3666,41
2020-04-01,Puerto Rico,65,2,239,8,0,0,0,0
2020-04-02,Puerto Rico,47,3,286,11,0,0,0,0
2020-04-03,Puerto Rico,30,1,316,12,316,12,0,0
2020-04-04,Puerto Rico,62,3,378,15,314,13,0,0
2020-04-05,Puerto Rico,74,3,452,18,352,15,0,0
2020-04-06,Puerto Rico,23,2,475,20,348,15,0,0
2020-04-07,Puerto Rico,38,1,513,21,339,15,0,0
2020-04-08,Puerto Rico,60,2,573,23,334,15,0,0
2020-04-09,Puerto Rico,47,1,620,24,334,13,0,0
2020-04-10,Puerto Rico,63,9,683,33,367,21,683,33
2020-04-11,Puerto Rico,42,6,725,39,347,24,661,37
2020-04-12,Puerto Rico,63,3,788,42,336,24,688,39
2020-04-13,Puerto Rico,109,2,897,44,422,24,770,39
2020-04-14,Puerto Rico,6,1,903,45,390,24,729,39
2020-04-15,Puerto Rico,20,0,923,45,350,22,684,37
2020-04-16,Puerto Rico,51,6,974,51,354,27,688,40
2020-04-17,Puerto Rico,69,5,1043,56,360,23,727,44
2020-04-18,Puerto Rico,25,2,1068,58,343,19,690,43
2020-04-19,Puerto Rico,50,2,1118,60,330,18,666,42
2020-04-20,Puerto Rico,95,2,1213,62,316,18,738,42
2020-04-21,Puerto Rico,39,1,1252,63,349,18,739,42
2020-04-22,Puerto Rico,0,0,1252,63,329,18,679,40
2020-04-23,Puerto Rico,0,1,1252,64,278,13,632,40
2020-04-24,Puerto Rico,0,5,1252,69,209,13,569,36
2020-04-25,Puerto Rico,24,8,1276,77,208,19,551,38
2020-04-26,Puerto Rico,31,6,1307,83,189,23,519,41
2020-04-27,Puerto Rico,64,1,1371,84,158,22,474,40
2020-04-28,Puerto Rico,18,0,1389,84,137,21,486,39
2020-04-29,Puerto Rico,11,2,1400,86,148,23,477,41
2020-04-30,Puerto Rico,33,0,1433,86,181,22,459,35
2020-05-01,Puerto Rico,106,6,1539,92,287,23,496,36
2020-05-02,Puerto Rico,36,2,1575,94,299,17,507,36
2020-05-03,Puerto Rico,182,1,1757,95,450,12,639,35
2020-05-04,Puerto Rico,51,2,1808,97,437,13,595,35
2020-05-05,Puerto Rico,35,0,1843,97,454,13,591,34
2020-05-06,Puerto Rico,81,2,1924,99,524,13,672,36
2020-05-07,Puerto Rico,44,0,1968,99,535,13,716,35
2020-05-08,Puerto Rico,63,3,2031,102,492,10,779,33
2020-05-09,Puerto Rico,125,5,2156,107,581,13,880,30
2020-05-10,Puerto Rico,17,1,2173,108,416,13,866,25
2020-05-11,Puerto Rico,25,3,2198,111,390,14,827,27
2020-05-12,Puerto Rico,58,2,2256,113,413,16,867,29
2020-05-13,Puerto Rico,43,1,2299,114,375,15,899,28
2020-05-14,Puerto Rico,30,1,2329,115,361,16,896,29
2020-05-15,Puerto Rico,98,2,2427,117,396,15,888,25
2020-05-16,Puerto Rico,115,5,2542,122,386,15,967,28
2020-05-17,Puerto Rico,47,0,2589,122,416,14,832,27
2020-05-18,Puerto Rico,57,1,2646,123,448,12,838,26
2020-05-19,Puerto Rico,64,1,2710,124,454,11,867,27
2020-05-20,Puerto Rico,95,0,2805,124,506,10,881,25
2020-05-21,Puerto Rico,61,1,2866,125,537,10,898,26
2020-05-22,Puerto Rico,47,1,2913,126,486,9,882,24
2020-05-23,Puerto Rico,117,0,3030,126,488,4,874,19
2020-05-24,Puerto Rico,70,1,3100,127,511,5,927,19
2020-05-25,Puerto Rico,89,0,3189,127,543,4,991,16
2020-05-26,Puerto Rico,71,2,3260,129,550,5,1004,16
2020-05-27,Puerto Rico,64,0,3324,129,519,5,1025,15
2020-05-28,Puerto Rico,73,0,3397,129,531,4,1068,14
2020-05-29,Puerto Rico,89,2,3486,131,573,5,1059,14
2020-05-30,Puerto Rico,161,1,3647,132,617,6,1105,10
2020-05-31,Puerto Rico,71,1,3718,133,618,6,1129,11
2020-06-01,Puerto Rico,58,3,3776,136,587,9,1130,13
2020-06-02,Puerto Rico,97,0,3873,136,613,7,1163,12
2020-06-03,Puerto Rico,62,2,3935,138,611,9,1130,14
2020-06-04,Puerto Rico,88,2,4023,140,626,11,1157,15
2020-06-05,Puerto Rico,485,0,4508,140,1022,9,1595,14
2020-06-06,Puerto Rico,112,1,4620,141,973,9,1590,15
2020-06-07,Puerto Rico,295,1,4915,142,1197,9,1815,15
2020-06-08,Puerto Rico,70,0,4985,142,1209,6,1796,15
2020-06-09,Puerto Rico,61,0,5046,142,1173,6,1786,13
2020-06-10,Puerto Rico,139,0,5185,142,1250,4,1861,13
2020-06-11,Puerto Rico,144,1,5329,143,1306,3,1932,14
2020-06-12,Puerto Rico,23,1,5352,144,844,4,1866,13
2020-06-13,Puerto Rico,184,2,5536,146,916,5,1889,14
2020-06-14,Puerto Rico,154,0,5690,146,775,4,1972,13
2020-06-15,Puerto Rico,121,1,5811,147,826,5,2035,11
2020-06-16,Puerto Rico,79,0,5890,147,844,5,2017,11
2020-06-17,Puerto Rico,61,0,5951,147,766,5,2016,9
2020-06-18,Puerto Rico,52,0,6003,147,674,4,1980,7
2020-06-19,Puerto Rico,108,0,6111,147,759,3,1603,7
2020-06-20,Puerto Rico,0,0,6111,147,575,1,1491,6
2020-06-21,Puerto Rico,352,0,6463,147,773,1,1548,5
2020-06-22,Puerto Rico,62,2,6525,149,714,2,1540,7
2020-06-23,Puerto Rico,39,0,6564,149,674,2,1518,7
2020-06-24,Puerto Rico,121,0,6685,149,734,2,1500,7
2020-06-25,Puerto Rico,135,0,6820,149,817,2,1491,6
2020-06-26,Puerto Rico,57,2,6877,151,766,4,1525,7
2020-06-27,Puerto Rico,45,0,6922,151,811,4,1386,5
2020-06-28,Puerto Rico,144,1,7066,152,603,5,1376,6
2020-06-29,Puerto Rico,123,1,7189,153,664,4,1378,6
2020-06-30,Puerto Rico,61,0,7250,153,686,4,1360,6
2020-07-01,Puerto Rico,215,0,7465,153,780,4,1514,6
2020-07-02,Puerto Rico,72,0,7537,153,717,4,1534,6
2020-07-03,Puerto Rico,71,0,7608,153,731,2,1497,6
2020-07-04,Puerto Rico,75,1,7683,154,761,3,1572,7
2020-07-05,Puerto Rico,4,1,7687,155,621,3,1224,8
2020-07-06,Puerto Rico,229,0,7916,155,727,2,1391,6
2020-07-07,Puerto Rico,669,0,8585,155,1335,2,2021,6
2020-07-08,Puerto Rico,129,2,8714,157,1249,4,2029,8
2020-07-09,Puerto Rico,190,2,8904,159,1367,6,2084,10
2020-07-10,Puerto Rico,0,0,8904,159,1296,6,2027,8
2020-07-11,Puerto Rico,392,0,9296,159,1613,5,2374,8
2020-07-12,Puerto Rico,237,8,9533,167,1846,12,2467,15
2020-07-13,Puerto Rico,288,0,9821,167,1905,12,2632,14
2020-07-14,Puerto Rico,189,0,10010,167,1425,12,2760,14
2020-07-15,Puerto Rico,113,2,10123,169,1409,12,2658,16
2020-07-16,Puerto Rico,256,2,10379,171,1475,12,2842,18
2020-07-17,Puerto Rico,195,1,10574,172,1670,13,2966,19
2020-07-18,Puerto Rico,546,5,11120,177,1824,18,3437,23
2020-07-19,Puerto Rico,333,1,11453,178,1920,11,3766,23
2020-07-20,Puerto Rico,610,0,12063,178,2242,11,4147,23
2020-07-21,Puerto Rico,398,2,12461,180,2451,13,3876,25
2020-07-22,Puerto Rico,479,0,12940,180,2817,11,4226,23
2020-07-23,Puerto Rico,98,5,13038,185,2659,14,4134,26
2020-07-24,Puerto Rico,435,3,13473,188,2899,16,4569,29
2020-07-25,Puerto Rico,494,3,13967,191,2847,14,4671,32
2020-07-26,Puerto Rico,573,10,14540,201,3087,23,5007,34
2020-07-27,Puerto Rico,603,0,15143,201,3080,23,5322,34
2020-07-28,Puerto Rico,298,0,15441,201,2980,21,5431,34
2020-07-29,Puerto Rico,399,8,15840,209,2900,29,5717,40
2020-07-30,Puerto Rico,221,2,16061,211,3023,26,5682,40
2020-07-31,Puerto Rico,511,3,16572,214,3099,26,5998,42
2020-08-01,Puerto Rico,209,5,16781,219,2814,28,5661,42
2020-08-02,Puerto Rico,1091,6,17872,225,3332,24,6419,47
2020-08-03,Puerto Rico,539,5,18411,230,3268,29,6348,52
2020-08-04,Puerto Rico,380,0,18791,230,3350,29,6330,50
2020-08-05,Puerto Rico,533,7,19324,237,3484,28,6384,57
2020-08-06,Puerto Rico,327,9,19651,246,3590,35,6613,61
2020-08-07,Puerto Rico,283,12,19934,258,3362,44,6461,70
2020-08-08,Puerto Rico,752,7,20686,265,3905,46,6719,74
2020-08-09,Puerto Rico,738,9,21424,274,3552,49,6884,73
2020-08-10,Puerto Rico,697,5,22121,279,3710,49,6978,78
2020-08-11,Puerto Rico,697,0,22818,279,4027,49,7377,78
2020-08-12,Puerto Rico,585,8,23403,287,4079,50,7563,78
2020-08-13,Puerto Rico,671,8,24074,295,4423,49,8013,84
2020-08-14,Puerto Rico,372,11,24446,306,4512,48,7874,92
2020-08-15,Puerto Rico,682,5,25128,311,4442,46,8347,92
2020-08-16,Puerto Rico,567,18,25695,329,4271,55,7823,104
2020-08-17,Puerto Rico,311,6,26006,335,3885,56,7595,105
2020-08-18,Puerto Rico,754,0,26760,335,3942,56,7969,105
2020-08-19,Puerto Rico,953,11,27713,346,4310,59,8389,109
2020-08-20,Puerto Rico,221,10,27934,356,3860,61,8283,110
2020-08-21,Puerto Rico,209,11,28143,367,3697,61,8209,109
2020-08-22,Puerto Rico,706,7,28849,374,3721,63,8163,109
2020-08-23,Puerto Rico,728,7,29577,381,3882,52,8153,107
2020-08-24,Puerto Rico,319,9,29896,390,3890,55,7775,111
2020-08-25,Puerto Rico,722,0,30618,390,3858,55,7800,111
2020-08-26,Puerto Rico,102,5,30720,395,3007,49,7317,108
2020-08-27,Puerto Rico,24,9,30744,404,2810,48,6670,109
2020-08-28,Puerto Rico,639,8,31383,412,3240,45,6937,106
2020-08-29,Puerto Rico,605,12,31988,424,3139,50,6860,113
2020-08-30,Puerto Rico,562,4,32550,428,2973,47,6855,99
2020-08-31,Puerto Rico,298,6,32848,434,2952,44,6842,99
2020-04-01,Qatar,88,1,781,2,255,2,339,2
2020-04-02,Qatar,54,0,835,2,298,2,383,2
2020-04-03,Qatar,114,1,949,3,400,3,489,3
2020-04-04,Qatar,0,0,949,3,387,3,479,3
2020-04-05,Qatar,376,0,1325,3,735,2,844,3
2020-04-06,Qatar,279,1,1604,4,970,3,1110,4
2020-04-07,Qatar,228,0,1832,4,1139,3,1331,4
2020-04-08,Qatar,225,2,2057,6,1276,4,1531,6
2020-04-09,Qatar,153,0,2210,6,1375,4,1673,6
2020-04-10,Qatar,166,0,2376,6,1427,3,1827,6
2020-04-11,Qatar,136,0,2512,6,1563,3,1950,6
2020-04-12,Qatar,216,0,2728,6,1403,3,2138,5
2020-04-13,Qatar,251,1,2979,7,1375,3,2345,6
2020-04-14,Qatar,252,0,3231,7,1399,3,2538,6
2020-04-15,Qatar,197,0,3428,7,1371,1,2647,5
2020-04-16,Qatar,283,0,3711,7,1501,1,2876,5
2020-04-17,Qatar,392,0,4103,7,1727,1,3154,4
2020-04-18,Qatar,560,0,4663,7,2151,1,3714,4
2020-04-19,Qatar,345,1,5008,8,2280,2,3683,5
2020-04-20,Qatar,440,0,5448,8,2469,1,3844,4
2020-04-21,Qatar,567,1,6015,9,2784,2,4183,5
2020-04-22,Qatar,518,0,6533,9,3105,2,4476,3
2020-04-23,Qatar,608,1,7141,10,3430,3,4931,4
2020-04-24,Qatar,623,0,7764,10,3661,3,5388,4
2020-04-25,Qatar,761,0,8525,10,3862,3,6013,4
2020-04-26,Qatar,833,0,9358,10,4350,2,6630,4
2020-04-27,Qatar,929,0,10287,10,4839,2,7308,3
2020-04-28,Qatar,957,0,11244,10,5229,1,8013,3
2020-04-29,Qatar,677,0,11921,10,5388,1,8493,3
2020-04-30,Qatar,643,0,12564,10,5423,0,8853,3
2020-05-01,Qatar,845,0,13409,10,5645,0,9306,3
2020-05-02,Qatar,687,2,14096,12,5571,2,9433,5
2020-05-03,Qatar,776,0,14872,12,5514,2,9864,4
2020-05-04,Qatar,679,0,15551,12,5264,2,10103,4
2020-05-05,Qatar,640,0,16191,12,4947,2,10176,3
2020-05-06,Qatar,951,0,17142,12,5221,2,10609,3
2020-05-07,Qatar,830,0,17972,12,5408,2,10831,2
2020-05-08,Qatar,918,0,18890,12,5481,2,11126,2
2020-05-09,Qatar,1311,0,20201,12,6105,0,11676,2
2020-05-10,Qatar,1130,1,21331,13,6459,1,11973,3
2020-05-11,Qatar,1189,1,22520,14,6969,2,12233,4
2020-05-12,Qatar,1103,0,23623,14,7432,2,12379,4
2020-05-13,Qatar,1526,0,25149,14,8007,2,13228,4
2020-05-14,Qatar,1390,0,26539,14,8567,2,13975,4
2020-05-15,Qatar,1733,0,28272,14,9382,2,14863,4
2020-05-16,Qatar,1153,0,29425,14,9224,2,15329,2
2020-05-17,Qatar,1547,1,30972,15,9641,2,16100,3
2020-05-18,Qatar,1632,0,32604,15,10084,1,17053,3
2020-05-19,Qatar,1365,0,33969,15,10346,1,17778,3
2020-05-20,Qatar,1637,0,35606,15,10457,1,18464,3
2020-05-21,Qatar,1491,1,37097,16,10558,2,19125,4
2020-05-22,Qatar,1554,1,38651,17,10379,3,19761,5
2020-05-23,Qatar,1830,2,40481,19,11056,5,20280,7
2020-05-24,Qatar,1732,2,42213,21,11241,6,20882,8
2020-05-25,Qatar,1501,2,43714,23,11110,8,21194,9
2020-05-26,Qatar,1751,3,45465,26,11496,11,21842,12
2020-05-27,Qatar,1742,2,47207,28,11601,13,22058,14
2020-05-28,Qatar,1740,2,48947,30,11850,14,22408,16
2020-05-29,Qatar,1967,3,50914,33,12263,16,22642,19
2020-05-30,Qatar,1993,3,52907,36,12426,17,23482,22
2020-05-31,Qatar,2355,0,55262,36,13049,15,24290,21
2020-06-01,Qatar,1648,2,56910,38,13196,15,24306,23
2020-06-02,Qatar,1523,2,58433,40,12968,14,24464,25
2020-06-03,Qatar,1826,3,60259,43,13052,15,24653,28
2020-06-04,Qatar,1901,2,62160,45,13213,15,25063,29
2020-06-05,Qatar,1581,0,63741,45,12827,12,25090,28
2020-06-06,Qatar,1754,4,65495,49,12588,13,25014,30
2020-06-07,Qatar,1700,2,67195,51,11933,15,24982,30
2020-06-08,Qatar,1595,3,68790,54,11880,16,25076,31
2020-06-09,Qatar,1368,3,70158,57,11725,17,24693,31
2020-06-10,Qatar,1721,5,71879,62,11620,19,24672,34
2020-06-11,Qatar,1716,4,73595,66,11435,21,24648,36
2020-06-12,Qatar,1476,3,75071,69,11330,24,24157,36
2020-06-13,Qatar,1517,1,76588,70,11093,21,23681,34
2020-06-14,Qatar,1828,0,78416,70,11221,19,23154,34
2020-06-15,Qatar,1186,3,79602,73,10812,19,22692,35
2020-06-16,Qatar,1274,3,80876,76,10718,19,22443,36
2020-06-17,Qatar,1201,4,82077,80,10198,18,21818,37
2020-06-18,Qatar,1097,2,83174,82,9579,16,21014,37
2020-06-19,Qatar,1267,4,84441,86,9370,17,20700,41
2020-06-20,Qatar,1021,7,85462,93,8874,23,19967,44
2020-06-21,Qatar,1026,1,86488,94,8072,24,19293,43
2020-06-22,Qatar,881,4,87369,98,7767,25,18579,44
2020-06-23,Qatar,1034,1,88403,99,7527,23,18245,42
2020-06-24,Qatar,1176,0,89579,99,7502,19,17700,37
2020-06-25,Qatar,1199,5,90778,104,7604,22,17183,38
2020-06-26,Qatar,1060,2,91838,106,7397,20,16767,37
2020-06-27,Qatar,946,3,92784,109,7322,16,16196,39
2020-06-28,Qatar,879,1,93663,110,7175,16,15247,40
2020-06-29,Qatar,750,0,94413,110,7044,12,14811,37
2020-06-30,Qatar,693,3,95106,113,6703,14,14230,37
2020-07-01,Qatar,982,0,96088,113,6509,14,14011,33
2020-07-02,Qatar,915,2,97003,115,6225,11,13829,33
2020-07-03,Qatar,894,3,97897,118,6059,12,13456,32
2020-07-04,Qatar,756,3,98653,121,5869,12,13191,28
2020-07-05,Qatar,530,2,99183,123,5520,13,12695,29
2020-07-06,Qatar,616,5,99799,128,5386,18,12430,30
2020-07-07,Qatar,546,5,100345,133,5239,20,11942,34
2020-07-08,Qatar,600,1,100945,134,4857,21,11366,35
2020-07-09,Qatar,608,4,101553,138,4550,23,10775,34
2020-07-10,Qatar,557,4,102110,142,4213,24,10272,36
2020-07-11,Qatar,520,4,102630,146,3977,25,9846,37
2020-07-12,Qatar,498,0,103128,146,3945,23,9465,36
2020-07-13,Qatar,470,1,103598,147,3799,19,9185,37
2020-07-14,Qatar,418,2,104016,149,3671,16,8910,36
2020-07-15,Qatar,517,1,104533,150,3588,16,8445,37
2020-07-16,Qatar,450,1,104983,151,3430,13,7980,36
2020-07-17,Qatar,464,1,105447,152,3337,10,7550,34
2020-07-18,Qatar,451,1,105898,153,3268,7,7245,32
2020-07-19,Qatar,410,1,106308,154,3180,8,7125,31
2020-07-20,Qatar,340,3,106648,157,3050,10,6849,29
2020-07-21,Qatar,389,2,107037,159,3021,10,6692,26
2020-07-22,Qatar,393,1,107430,160,2897,10,6485,26
2020-07-23,Qatar,441,3,107871,163,2888,12,6318,25
2020-07-24,Qatar,373,1,108244,164,2797,12,6134,22
2020-07-25,Qatar,394,0,108638,164,2740,11,6008,18
2020-07-26,Qatar,398,0,109036,164,2728,10,5908,18
2020-07-27,Qatar,269,1,109305,165,2657,8,5707,18
2020-07-28,Qatar,292,0,109597,165,2560,6,5581,16
2020-07-29,Qatar,283,2,109880,167,2450,7,5347,17
2020-07-30,Qatar,273,2,110153,169,2282,6,5170,18
2020-07-31,Qatar,307,2,110460,171,2216,7,5013,19
2020-08-01,Qatar,235,3,110695,174,2057,10,4797,21
2020-08-02,Qatar,216,0,110911,174,1875,10,4603,20
2020-08-03,Qatar,196,3,111107,177,1802,12,4459,20
2020-08-04,Qatar,215,0,111322,177,1725,12,4285,18
2020-08-05,Qatar,216,0,111538,177,1658,10,4108,17
2020-08-06,Qatar,267,1,111805,178,1652,9,3934,15
2020-08-07,Qatar,287,0,112092,178,1632,7,3848,14
2020-08-08,Qatar,291,2,112383,180,1688,6,3745,16
2020-08-09,Qatar,267,2,112650,182,1739,8,3614,18
2020-08-10,Qatar,297,2,112947,184,1840,7,3642,19
2020-08-11,Qatar,315,4,113262,188,1940,11,3665,23
2020-08-12,Qatar,384,0,113646,188,2108,11,3766,21
2020-08-13,Qatar,292,2,113938,190,2133,12,3785,21
2020-08-14,Qatar,343,0,114281,190,2189,12,3821,19
2020-08-15,Qatar,251,0,114532,190,2149,10,3837,16
2020-08-16,Qatar,277,2,114809,192,2159,10,3898,18
2020-08-17,Qatar,271,1,115080,193,2133,9,3973,16
2020-08-18,Qatar,288,0,115368,193,2106,5,4046,16
2020-08-19,Qatar,293,0,115661,193,2015,5,4123,16
2020-08-20,Qatar,295,0,115956,193,2018,3,4151,15
2020-08-21,Qatar,268,0,116224,193,1943,3,4132,15
2020-08-22,Qatar,257,0,116481,193,1949,3,4098,13
2020-08-23,Qatar,284,0,116765,193,1956,1,4115,11
2020-08-24,Qatar,243,0,117008,193,1928,0,4061,9
2020-08-25,Qatar,258,1,117266,194,1898,1,4004,6
2020-08-26,Qatar,232,0,117498,194,1837,1,3852,6
2020-08-27,Qatar,244,0,117742,194,1786,1,3804,4
2020-08-28,Qatar,246,1,117988,195,1764,2,3707,5
2020-08-29,Qatar,208,1,118196,196,1715,3,3664,6
2020-08-30,Qatar,211,0,118407,196,1642,3,3598,4
2020-08-31,Qatar,168,1,118575,197,1567,4,3495,4
2020-04-01,Romania,293,25,2245,69,1483,58,2028,69
2020-04-02,Romania,215,16,2460,85,1554,72,2200,85
2020-04-03,Romania,278,9,2738,94,1709,77,2461,94
2020-04-04,Romania,445,39,3183,133,1891,109,2875,133
2020-04-05,Romania,430,8,3613,141,2161,112,3246,141
2020-04-06,Romania,251,7,3864,148,2104,108,3431,146
2020-04-07,Romania,193,9,4057,157,2105,113,3481,150
2020-04-08,Romania,360,25,4417,182,2172,113,3655,171
2020-04-09,Romania,344,27,4761,209,2301,124,3855,196
2020-04-10,Romania,441,20,5202,229,2464,135,4173,212
2020-04-11,Romania,265,28,5467,257,2284,124,4175,233
2020-04-12,Romania,523,25,5990,282,2377,141,4538,253
2020-04-13,Romania,310,24,6300,306,2436,158,4540,266
2020-04-14,Romania,333,12,6633,318,2576,161,4681,274
2020-04-15,Romania,246,26,6879,344,2462,162,4634,275
2020-04-16,Romania,337,28,7216,372,2455,163,4756,287
2020-04-17,Romania,491,15,7707,387,2505,158,4969,293
2020-04-18,Romania,360,13,8067,400,2600,143,4884,267
2020-04-19,Romania,351,17,8418,417,2428,135,4805,276
2020-04-20,Romania,328,17,8746,434,2446,128,4882,286
2020-04-21,Romania,190,17,8936,451,2303,133,4879,294
2020-04-22,Romania,306,32,9242,483,2363,139,4825,301
2020-04-23,Romania,468,25,9710,508,2494,136,4949,299
2020-04-24,Romania,386,19,10096,527,2389,140,4894,298
2020-04-25,Romania,321,25,10417,552,2350,152,4950,295
2020-04-26,Romania,218,23,10635,575,2217,158,4645,293
2020-04-27,Romania,401,33,11036,608,2290,174,4736,302
2020-04-28,Romania,303,23,11339,631,2403,180,4706,313
2020-04-29,Romania,277,19,11616,650,2374,167,4737,306
2020-04-30,Romania,362,25,11978,675,2268,167,4762,303
2020-05-01,Romania,262,42,12240,717,2144,190,4533,330
2020-05-02,Romania,327,27,12567,744,2150,192,4500,344
2020-05-03,Romania,165,27,12732,771,2097,196,4314,354
2020-05-04,Romania,431,9,13163,780,2127,172,4417,346
2020-05-05,Romania,349,23,13512,803,2173,172,4576,352
2020-05-06,Romania,325,24,13837,827,2221,177,4595,344
2020-05-07,Romania,270,31,14107,858,2129,183,4397,350
2020-05-08,Romania,392,18,14499,876,2259,159,4403,349
2020-05-09,Romania,312,22,14811,898,2244,154,4394,346
2020-05-10,Romania,320,28,15131,926,2399,155,4496,351
2020-05-11,Romania,231,26,15362,952,2199,172,4326,344
2020-05-12,Romania,226,20,15588,972,2076,169,4249,341
2020-05-13,Romania,190,30,15778,1002,1941,175,4162,352
2020-05-14,Romania,224,14,16002,1016,1895,158,4024,341
2020-05-15,Romania,245,30,16247,1046,1748,170,4007,329
2020-05-16,Romania,190,10,16437,1056,1626,158,3870,312
2020-05-17,Romania,267,25,16704,1081,1573,155,3972,310
2020-05-18,Romania,167,16,16871,1097,1509,145,3708,317
2020-05-19,Romania,165,10,17036,1107,1448,135,3524,304
2020-05-20,Romania,155,19,17191,1126,1413,124,3354,299
2020-05-21,Romania,196,15,17387,1141,1385,125,3280,283
2020-05-22,Romania,198,10,17585,1151,1338,105,3086,275
2020-05-23,Romania,127,8,17712,1159,1275,103,2901,261
2020-05-24,Romania,145,11,17857,1170,1153,89,2726,244
2020-05-25,Romania,213,9,18070,1179,1199,82,2708,227
2020-05-26,Romania,213,18,18283,1197,1247,90,2695,225
2020-05-27,Romania,146,13,18429,1210,1238,84,2651,208
2020-05-28,Romania,165,9,18594,1219,1207,78,2592,203
2020-05-29,Romania,197,10,18791,1229,1206,78,2544,183
2020-05-30,Romania,191,11,18982,1240,1270,81,2545,184
2020-05-31,Romania,151,13,19133,1253,1276,83,2429,172
2020-06-01,Romania,124,9,19257,1262,1187,83,2386,165
2020-06-02,Romania,141,17,19398,1279,1115,82,2362,172
2020-06-03,Romania,119,0,19517,1279,1088,69,2326,153
2020-06-04,Romania,152,9,19669,1288,1075,69,2282,147
2020-06-05,Romania,238,11,19907,1299,1116,70,2322,148
2020-06-06,Romania,196,9,20103,1308,1121,68,2391,149
2020-06-07,Romania,187,10,20290,1318,1157,65,2433,148
2020-06-08,Romania,189,8,20479,1326,1222,64,2409,147
2020-06-09,Romania,125,8,20604,1334,1206,55,2321,137
2020-06-10,Romania,145,11,20749,1345,1232,66,2320,135
2020-06-11,Romania,196,15,20945,1360,1276,72,2351,141
2020-06-12,Romania,237,9,21182,1369,1275,70,2391,140
2020-06-13,Romania,222,11,21404,1380,1301,72,2422,140
2020-06-14,Romania,275,11,21679,1391,1389,73,2546,138
2020-06-15,Romania,320,19,21999,1410,1520,84,2742,148
2020-06-16,Romania,166,17,22165,1427,1561,93,2767,148
2020-06-17,Romania,250,10,22415,1437,1666,92,2898,158
2020-06-18,Romania,345,14,22760,1451,1815,91,3091,163
2020-06-19,Romania,320,22,23080,1473,1898,104,3173,174
2020-06-20,Romania,320,11,23400,1484,1996,104,3297,176
2020-06-21,Romania,330,16,23730,1500,2051,109,3440,182
2020-06-22,Romania,315,12,24045,1512,2046,102,3566,186
2020-06-23,Romania,246,11,24291,1523,2126,96,3687,189
2020-06-24,Romania,214,16,24505,1539,2090,102,3756,194
2020-06-25,Romania,321,16,24826,1555,2066,104,3881,195
2020-06-26,Romania,460,10,25286,1565,2206,92,4104,196
2020-06-27,Romania,411,14,25697,1579,2297,95,4293,199
2020-06-28,Romania,325,10,26022,1589,2292,89,4343,198
2020-06-29,Romania,291,23,26313,1612,2268,100,4314,202
2020-06-30,Romania,269,22,26582,1634,2291,111,4417,207
2020-07-01,Romania,388,17,26970,1651,2465,112,4555,214
2020-07-02,Romania,326,16,27296,1667,2470,112,4536,216
2020-07-03,Romania,450,20,27746,1687,2460,122,4666,214
2020-07-04,Romania,420,21,28166,1708,2469,129,4766,224
2020-07-05,Romania,416,23,28582,1731,2560,142,4852,231
2020-07-06,Romania,391,19,28973,1750,2660,138,4928,238
2020-07-07,Romania,250,18,29223,1768,2641,134,4932,245
2020-07-08,Romania,397,31,29620,1799,2650,148,5115,260
2020-07-09,Romania,555,18,30175,1817,2879,150,5349,262
2020-07-10,Romania,614,17,30789,1834,3043,147,5503,269
2020-07-11,Romania,592,13,31381,1847,3215,139,5684,268
2020-07-12,Romania,698,24,32079,1871,3497,140,6057,282
2020-07-13,Romania,456,13,32535,1884,3562,134,6222,272
2020-07-14,Romania,413,17,32948,1901,3725,133,6366,267
2020-07-15,Romania,637,30,33585,1931,3965,132,6615,280
2020-07-16,Romania,641,21,34226,1952,4051,135,6930,285
2020-07-17,Romania,777,19,35003,1971,4214,137,7257,284
2020-07-18,Romania,799,17,35802,1988,4421,141,7636,280
2020-07-19,Romania,889,21,36691,2009,4612,138,8109,278
2020-07-20,Romania,767,17,37458,2026,4923,142,8485,276
2020-07-21,Romania,681,12,38139,2038,5191,137,8916,270
2020-07-22,Romania,994,36,39133,2074,5548,143,9513,275
2020-07-23,Romania,1030,27,40163,2101,5937,149,9988,284
2020-07-24,Romania,1112,25,41275,2126,6272,155,10486,292
2020-07-25,Romania,1119,24,42394,2150,6592,162,11013,303
2020-07-26,Romania,1284,15,43678,2165,6987,156,11599,294
2020-07-27,Romania,1120,22,44798,2187,7340,161,12263,303
2020-07-28,Romania,1104,19,45902,2206,7763,168,12954,305
2020-07-29,Romania,1151,33,47053,2239,7920,165,13468,308
2020-07-30,Romania,1182,30,48235,2269,8072,168,14009,317
2020-07-31,Romania,1356,35,49591,2304,8316,178,14588,333
2020-08-01,Romania,1295,39,50886,2343,8492,193,15084,355
2020-08-02,Romania,1225,36,52111,2379,8433,214,15420,370
2020-08-03,Romania,1075,34,53186,2413,8388,226,15728,387
2020-08-04,Romania,823,19,54009,2432,8107,226,15870,394
2020-08-05,Romania,1232,48,55241,2480,8188,241,16108,406
2020-08-06,Romania,1309,41,56550,2521,8315,252,16387,420
2020-08-07,Romania,1345,45,57895,2566,8304,262,16620,440
2020-08-08,Romania,1378,50,59273,2616,8387,273,16879,466
2020-08-09,Romania,1350,43,60623,2659,8512,280,16945,494
2020-08-10,Romania,1145,41,61768,2700,8582,287,16970,513
2020-08-11,Romania,779,29,62547,2729,8538,297,16645,523
2020-08-12,Romania,1215,35,63762,2764,8521,284,16709,525
2020-08-13,Romania,1415,43,65177,2807,8627,286,16942,538
2020-08-14,Romania,1454,53,66631,2860,8736,294,17040,556
2020-08-15,Romania,1415,44,68046,2904,8773,288,17160,561
2020-08-16,Romania,1328,50,69374,2954,8751,295,17263,575
2020-08-17,Romania,1087,37,70461,2991,8693,291,17275,578
2020-08-18,Romania,733,38,71194,3029,8647,300,17185,597
2020-08-19,Romania,1014,45,72208,3074,8446,310,16967,594
2020-08-20,Romania,1409,32,73617,3106,8440,299,17067,585
2020-08-21,Romania,1346,48,74963,3154,8332,294,17068,588
2020-08-22,Romania,1392,42,76355,3196,8309,292,17082,580
2020-08-23,Romania,1189,37,77544,3233,8170,279,16921,574
2020-08-24,Romania,981,39,78525,3272,8064,281,16757,572
2020-08-25,Romania,805,37,79330,3309,8136,280,16783,580
2020-08-26,Romania,1060,58,80390,3367,8182,293,16628,603
2020-08-27,Romania,1256,54,81646,3421,8029,315,16469,614
2020-08-28,Romania,1504,38,83150,3459,8187,305,16519,599
2020-08-29,Romania,1318,48,84468,3507,8113,311,16422,603
2020-08-30,Romania,1365,32,85833,3539,8289,306,16459,585
2020-08-31,Romania,952,39,86785,3578,8260,306,16324,587
2020-04-01,Russia,501,7,2337,17,1842,17,2223,17
2020-04-02,Russia,440,7,2777,24,2119,24,2630,24
2020-04-03,Russia,771,6,3548,30,2708,28,3349,30
2020-04-04,Russia,601,4,4149,34,3113,30,3896,34
2020-04-05,Russia,582,9,4731,43,3467,38,4425,43
2020-04-06,Russia,658,2,5389,45,3855,37,4951,45
2020-04-07,Russia,954,2,6343,47,4507,37,5905,47
2020-04-08,Russia,1154,11,7497,58,5160,41,7002,58
2020-04-09,Russia,1175,5,8672,63,5895,39,8014,63
2020-04-10,Russia,1459,13,10131,76,6583,46,9291,74
2020-04-11,Russia,1786,18,11917,94,7768,60,10881,90
2020-04-12,Russia,1667,12,13584,106,8853,63,12320,101
2020-04-13,Russia,2186,24,15770,130,10381,85,14236,122
2020-04-14,Russia,2558,18,18328,148,11985,101,16492,138
2020-04-15,Russia,2774,22,21102,170,13605,112,18765,153
2020-04-16,Russia,3388,28,24490,198,15818,135,21713,174
2020-04-17,Russia,3448,34,27938,232,17807,156,24390,202
2020-04-18,Russia,4070,41,32008,273,20091,179,27859,239
2020-04-19,Russia,4785,40,36793,313,23209,207,32062,270
2020-04-20,Russia,6060,48,42853,361,27083,231,37464,316
2020-04-21,Russia,4268,44,47121,405,28793,257,40778,358
2020-04-22,Russia,5642,51,52763,456,31661,286,45266,398
2020-04-23,Russia,5236,57,57999,513,33509,315,49327,450
2020-04-24,Russia,4774,42,62773,555,34835,323,52642,479
2020-04-25,Russia,5849,60,68622,615,36614,342,56705,521
2020-04-26,Russia,5966,66,74588,681,37795,368,61004,575
2020-04-27,Russia,6361,66,80949,747,38096,386,65179,617
2020-04-28,Russia,6198,48,87147,795,40026,390,68819,647
2020-04-29,Russia,6411,72,93558,867,40795,411,72456,697
2020-04-30,Russia,5841,105,99399,972,41400,459,74909,774
2020-05-01,Russia,7099,101,106498,1073,43725,518,78560,841
2020-05-02,Russia,7933,96,114431,1169,45809,554,82423,896
2020-05-03,Russia,9623,53,124054,1222,49466,541,87261,909
2020-05-04,Russia,10633,58,134687,1280,53738,533,91834,919
2020-05-05,Russia,10581,76,145268,1356,58121,561,98147,951
2020-05-06,Russia,10102,95,155370,1451,61812,584,102607,995
2020-05-07,Russia,10559,86,165929,1537,66530,565,107930,1024
2020-05-08,Russia,11231,88,177160,1625,70662,552,114387,1070
2020-05-09,Russia,10699,98,187859,1723,73428,554,119237,1108
2020-05-10,Russia,10817,104,198676,1827,74622,605,124088,1146
2020-05-11,Russia,11012,88,209688,1915,75001,635,128739,1168
2020-05-12,Russia,11656,94,221344,2009,76076,653,134197,1214
2020-05-13,Russia,10899,107,232243,2116,76873,665,138685,1249
2020-05-14,Russia,10028,96,242271,2212,76342,675,142872,1240
2020-05-15,Russia,9974,93,252245,2305,75085,680,145747,1232
2020-05-16,Russia,10598,113,262843,2418,74984,695,148412,1249
2020-05-17,Russia,9200,119,272043,2537,73367,710,147989,1315
2020-05-18,Russia,9709,94,281752,2631,72064,716,147065,1351
2020-05-19,Russia,8926,91,290678,2722,69334,713,145410,1366
2020-05-20,Russia,9263,115,299941,2837,67698,721,144571,1386
2020-05-21,Russia,8764,135,308705,2972,66434,760,142776,1435
2020-05-22,Russia,8849,127,317554,3099,65309,794,140394,1474
2020-05-23,Russia,8894,150,326448,3249,63605,831,138589,1526
2020-05-24,Russia,9434,139,335882,3388,63839,851,137206,1561
2020-05-25,Russia,8599,153,344481,3541,62729,910,134793,1626
2020-05-26,Russia,8946,92,353427,3633,62749,911,132083,1624
2020-05-27,Russia,8915,174,362342,3807,62401,970,130099,1691
2020-05-28,Russia,8338,161,370680,3968,61975,996,128409,1756
2020-05-29,Russia,8371,174,379051,4142,61497,1043,126806,1837
2020-05-30,Russia,8572,232,387623,4374,61175,1125,124780,1956
2020-05-31,Russia,8952,181,396575,4555,60693,1167,124532,2018
2020-06-01,Russia,9268,138,405843,4693,61362,1152,124091,2062
2020-06-02,Russia,9035,162,414878,4855,61451,1222,124200,2133
2020-06-03,Russia,8863,182,423741,5037,61399,1230,123800,2200
2020-06-04,Russia,8536,178,432277,5215,61597,1247,123572,2243
2020-06-05,Russia,8831,169,441108,5384,62057,1242,123554,2285
2020-06-06,Russia,8726,144,449834,5528,62211,1154,123386,2279
2020-06-07,Russia,8855,197,458689,5725,62114,1170,122807,2337
2020-06-08,Russia,8984,134,467673,5859,61830,1166,123192,2318
2020-06-09,Russia,8985,112,476658,5971,61780,1116,123231,2338
2020-06-10,Russia,8595,170,485253,6141,61512,1104,122911,2334
2020-06-11,Russia,8404,217,493657,6358,61380,1143,122977,2390
2020-06-12,Russia,8779,174,502436,6532,61328,1148,123385,2390
2020-06-13,Russia,8987,183,511423,6715,61589,1187,123800,2341
2020-06-14,Russia,8706,114,520129,6829,61440,1104,123554,2274
2020-06-15,Russia,8835,119,528964,6948,61291,1089,123121,2255
2020-06-16,Russia,8246,143,537210,7091,60552,1120,122332,2236
2020-06-17,Russia,8248,193,545458,7284,60205,1143,121717,2247
2020-06-18,Russia,7843,194,553301,7478,59644,1120,121024,2263
2020-06-19,Russia,7790,312,561091,7790,58655,1258,119983,2406
2020-06-20,Russia,7972,182,569063,7972,57640,1257,119229,2444
2020-06-21,Russia,7889,30,576952,8002,56823,1173,118263,2277
2020-06-22,Russia,7728,109,584680,8111,55716,1163,117007,2252
2020-06-23,Russia,7600,95,592280,8206,55070,1115,115622,2235
2020-06-24,Russia,7425,153,599705,8359,54247,1075,114452,2218
2020-06-25,Russia,7176,154,606881,8513,53580,1035,113224,2155
2020-06-26,Russia,7113,92,613994,8605,52903,815,111558,2073
2020-06-27,Russia,6800,176,620794,8781,51731,809,109371,2066
2020-06-28,Russia,6852,188,627646,8969,50694,967,107517,2140
2020-06-29,Russia,6791,104,634437,9073,49757,962,105473,2125
2020-06-30,Russia,6719,93,641156,9166,48876,960,103946,2075
2020-07-01,Russia,6693,154,647849,9320,48144,961,102391,2036
2020-07-02,Russia,6556,216,654405,9536,47524,1023,101104,2058
2020-07-03,Russia,6760,147,661165,9683,47171,1078,100074,1893
2020-07-04,Russia,6718,176,667883,9859,47089,1078,98820,1887
2020-07-05,Russia,6632,168,674515,10027,46869,1058,97563,2025
2020-07-06,Russia,6736,134,681251,10161,46814,1088,96571,2050
2020-07-07,Russia,6611,135,687862,10296,46706,1130,95582,2090
2020-07-08,Russia,6368,198,694230,10494,46381,1174,94525,2135
2020-07-09,Russia,6562,173,700792,10667,46387,1131,93911,2154
2020-07-10,Russia,6509,176,707301,10843,46136,1160,93307,2238
2020-07-11,Russia,6635,174,713936,11017,46053,1158,93142,2236
2020-07-12,Russia,6611,188,720547,11205,46032,1178,92901,2236
2020-07-13,Russia,6615,130,727162,11335,45911,1174,92725,2262
2020-07-14,Russia,6537,104,733699,11439,45837,1143,92543,2273
2020-07-15,Russia,6248,175,739947,11614,45717,1120,92098,2294
2020-07-16,Russia,6422,156,746369,11770,45577,1103,91964,2234
2020-07-17,Russia,6428,167,752797,11937,45496,1094,91632,2254
2020-07-18,Russia,12640,310,765437,12247,51501,1230,97554,2388
2020-07-19,Russia,6109,95,771546,12342,50999,1137,97031,2315
2020-07-20,Russia,0,0,771546,12342,44384,1007,90295,2181
2020-07-21,Russia,5940,85,777486,12427,43787,988,89624,2131
2020-07-22,Russia,5842,153,783328,12580,43381,966,89098,2086
2020-07-23,Russia,5862,165,789190,12745,42821,975,88398,2078
2020-07-24,Russia,5848,147,795038,12892,42241,955,87737,2049
2020-07-25,Russia,5811,154,800849,13046,35412,799,86913,2029
2020-07-26,Russia,5871,146,806720,13192,35174,850,86173,1987
2020-07-27,Russia,5765,77,812485,13269,40939,927,85323,1934
2020-07-28,Russia,5635,85,818120,13354,40634,927,84421,1915
2020-07-29,Russia,5395,150,823515,13504,40187,924,83568,1890
2020-07-30,Russia,5475,169,828990,13673,39800,928,82621,1903
2020-07-31,Russia,5509,129,834499,13802,39461,910,81702,1865
2020-08-01,Russia,5482,161,839981,13963,39132,917,74544,1716
2020-08-02,Russia,5462,95,845443,14058,38723,866,73897,1716
2020-08-03,Russia,5427,70,850870,14128,38385,859,79324,1786
2020-08-04,Russia,5394,79,856264,14207,38144,853,78778,1780
2020-08-05,Russia,5159,144,861423,14351,37908,847,78095,1771
2020-08-06,Russia,5920,181,867343,14532,38353,859,78153,1787
2020-08-07,Russia,4551,74,871894,14606,37395,804,76856,1714
2020-08-08,Russia,5241,119,877135,14725,37154,762,76286,1679
2020-08-09,Russia,5212,129,882347,14854,36904,796,75627,1662
2020-08-10,Russia,5189,77,887536,14931,36666,803,75051,1662
2020-08-11,Russia,5118,130,892654,15061,36390,854,74534,1707
2020-08-12,Russia,4945,70,897599,15131,36176,780,74084,1627
2020-08-13,Russia,5102,129,902701,15260,35358,728,73711,1587
2020-08-14,Russia,5057,124,907758,15384,35864,778,73259,1582
2020-08-15,Russia,5065,114,912823,15498,35688,773,72842,1535
2020-08-16,Russia,5061,119,917884,15617,35537,763,72441,1559
2020-08-17,Russia,4969,68,922853,15685,35317,754,71983,1557
2020-08-18,Russia,4892,55,927745,15740,35091,679,71481,1533
2020-08-19,Russia,4748,132,932493,15872,34894,741,71070,1521
2020-08-20,Russia,4828,117,937321,15989,34620,729,69978,1457
2020-08-21,Russia,4785,110,942106,16099,34348,715,70212,1493
2020-08-22,Russia,4870,90,946976,16189,34153,691,69841,1464
2020-08-23,Russia,4921,121,951897,16310,34013,693,69550,1456
2020-08-24,Russia,4852,73,956749,16383,33896,698,69213,1452
2020-08-25,Russia,4744,65,961493,16448,33748,708,68839,1387
2020-08-26,Russia,4696,120,966189,16568,33696,696,68590,1437
2020-08-27,Russia,4676,115,970865,16683,33544,694,68164,1423
2020-08-28,Russia,4711,121,975576,16804,33470,705,67818,1420
2020-08-29,Russia,4829,110,980405,16914,33429,725,67582,1416
2020-08-30,Russia,4941,111,985346,17025,33449,715,67462,1408
2020-08-31,Russia,4980,68,990326,17093,33577,710,67473,1408
2020-04-01,Rwanda,5,0,75,0,35,0,68,0
2020-04-02,Rwanda,7,0,82,0,41,0,71,0
2020-04-03,Rwanda,0,0,82,0,32,0,71,0
2020-04-04,Rwanda,7,0,89,0,35,0,72,0
2020-04-05,Rwanda,13,0,102,0,42,0,85,0
2020-04-06,Rwanda,2,0,104,0,34,0,85,0
2020-04-07,Rwanda,1,0,105,0,35,0,69,0
2020-04-08,Rwanda,0,0,105,0,30,0,65,0
2020-04-09,Rwanda,5,0,110,0,28,0,69,0
2020-04-10,Rwanda,3,0,113,0,31,0,63,0
2020-04-11,Rwanda,5,0,118,0,29,0,64,0
2020-04-12,Rwanda,2,0,120,0,18,0,60,0
2020-04-13,Rwanda,6,0,126,0,22,0,56,0
2020-04-14,Rwanda,1,0,127,0,22,0,57,0
2020-04-15,Rwanda,7,0,134,0,29,0,59,0
2020-04-16,Rwanda,2,0,136,0,26,0,54,0
2020-04-17,Rwanda,2,0,138,0,25,0,56,0
2020-04-18,Rwanda,5,0,143,0,25,0,54,0
2020-04-19,Rwanda,1,0,144,0,24,0,42,0
2020-04-20,Rwanda,3,0,147,0,21,0,43,0
2020-04-21,Rwanda,0,0,147,0,20,0,42,0
2020-04-22,Rwanda,3,0,150,0,16,0,45,0
2020-04-23,Rwanda,3,0,153,0,17,0,43,0
2020-04-24,Rwanda,1,0,154,0,16,0,41,0
2020-04-25,Rwanda,22,0,176,0,33,0,58,0
2020-04-26,Rwanda,7,0,183,0,39,0,63,0
2020-04-27,Rwanda,8,0,191,0,44,0,65,0
2020-04-28,Rwanda,16,0,207,0,60,0,80,0
2020-04-29,Rwanda,5,0,212,0,62,0,78,0
2020-04-30,Rwanda,13,0,225,0,72,0,89,0
2020-05-01,Rwanda,18,0,243,0,89,0,105,0
2020-05-02,Rwanda,6,0,249,0,73,0,106,0
2020-05-03,Rwanda,6,0,255,0,72,0,111,0
2020-05-04,Rwanda,4,0,259,0,68,0,112,0
2020-05-05,Rwanda,2,0,261,0,54,0,114,0
2020-05-06,Rwanda,0,0,261,0,49,0,111,0
2020-05-07,Rwanda,7,0,268,0,43,0,115,0
2020-05-08,Rwanda,3,0,271,0,28,0,117,0
2020-05-09,Rwanda,2,0,273,0,24,0,97,0
2020-05-10,Rwanda,7,0,280,0,25,0,97,0
2020-05-11,Rwanda,4,0,284,0,25,0,93,0
2020-05-12,Rwanda,1,0,285,0,24,0,78,0
2020-05-13,Rwanda,1,0,286,0,25,0,74,0
2020-05-14,Rwanda,1,0,287,0,19,0,62,0
2020-05-15,Rwanda,0,0,287,0,16,0,44,0
2020-05-16,Rwanda,0,0,287,0,14,0,38,0
2020-05-17,Rwanda,2,0,289,0,9,0,34,0
2020-05-18,Rwanda,3,0,292,0,8,0,33,0
2020-05-19,Rwanda,5,0,297,0,12,0,36,0
2020-05-20,Rwanda,11,0,308,0,22,0,47,0
2020-05-21,Rwanda,6,0,314,0,27,0,46,0
2020-05-22,Rwanda,6,0,320,0,33,0,49,0
2020-05-23,Rwanda,1,0,321,0,34,0,48,0
2020-05-24,Rwanda,4,0,325,0,36,0,45,0
2020-05-25,Rwanda,2,0,327,0,35,0,43,0
2020-05-26,Rwanda,9,0,336,0,39,0,51,0
2020-05-27,Rwanda,3,0,339,0,31,0,53,0
2020-05-28,Rwanda,7,0,346,0,32,0,59,0
2020-05-29,Rwanda,3,0,349,0,29,0,62,0
2020-05-30,Rwanda,6,0,355,0,34,0,68,0
2020-05-31,Rwanda,4,1,359,1,34,1,70,1
2020-06-01,Rwanda,11,0,370,1,43,1,78,1
2020-06-02,Rwanda,7,0,377,1,41,1,80,1
2020-06-03,Rwanda,7,1,384,2,45,2,76,2
2020-06-04,Rwanda,13,0,397,2,51,2,83,2
2020-06-05,Rwanda,13,0,410,2,61,2,90,2
2020-06-06,Rwanda,10,0,420,2,65,2,99,2
2020-06-07,Rwanda,11,0,431,2,72,1,106,2
2020-06-08,Rwanda,8,0,439,2,69,1,112,2
2020-06-09,Rwanda,12,0,451,2,74,1,115,2
2020-06-10,Rwanda,12,0,463,2,79,0,124,2
2020-06-11,Rwanda,13,0,476,2,79,0,130,2
2020-06-12,Rwanda,18,0,494,2,84,0,145,2
2020-06-13,Rwanda,16,0,510,2,90,0,155,2
2020-06-14,Rwanda,31,0,541,2,110,0,182,1
2020-06-15,Rwanda,41,0,582,2,143,0,212,1
2020-06-16,Rwanda,30,0,612,2,161,0,235,1
2020-06-17,Rwanda,24,0,636,2,173,0,252,0
2020-06-18,Rwanda,3,0,639,2,163,0,242,0
2020-06-19,Rwanda,7,0,646,2,152,0,236,0
2020-06-20,Rwanda,15,0,661,2,151,0,241,0
2020-06-21,Rwanda,41,0,702,2,161,0,271,0
2020-06-22,Rwanda,26,0,728,2,146,0,289,0
2020-06-23,Rwanda,59,0,787,2,175,0,336,0
2020-06-24,Rwanda,11,0,798,2,162,0,335,0
2020-06-25,Rwanda,32,0,830,2,191,0,354,0
2020-06-26,Rwanda,20,0,850,2,204,0,356,0
2020-06-27,Rwanda,8,0,858,2,197,0,348,0
2020-06-28,Rwanda,20,0,878,2,176,0,337,0
2020-06-29,Rwanda,22,0,900,2,172,0,318,0
2020-06-30,Rwanda,101,0,1001,2,214,0,389,0
2020-07-01,Rwanda,24,0,1025,2,227,0,389,0
2020-07-02,Rwanda,17,1,1042,3,212,1,403,1
2020-07-03,Rwanda,21,0,1063,3,213,1,417,1
2020-07-04,Rwanda,18,0,1081,3,223,1,420,1
2020-07-05,Rwanda,11,0,1092,3,214,1,390,1
2020-07-06,Rwanda,13,0,1105,3,205,1,377,1
2020-07-07,Rwanda,8,0,1113,3,112,1,326,1
2020-07-08,Rwanda,59,0,1172,3,147,1,374,1
2020-07-09,Rwanda,22,0,1194,3,152,0,364,1
2020-07-10,Rwanda,16,0,1210,3,147,0,360,1
2020-07-11,Rwanda,42,0,1252,3,171,0,394,1
2020-07-12,Rwanda,47,1,1299,4,207,1,421,2
2020-07-13,Rwanda,38,0,1337,4,232,1,437,2
2020-07-14,Rwanda,41,0,1378,4,265,1,377,2
2020-07-15,Rwanda,38,0,1416,4,244,1,391,2
2020-07-16,Rwanda,19,0,1435,4,241,1,393,1
2020-07-17,Rwanda,38,0,1473,4,263,1,410,1
2020-07-18,Rwanda,12,0,1485,4,233,1,404,1
2020-07-19,Rwanda,54,1,1539,5,240,1,447,2
2020-07-20,Rwanda,43,0,1582,5,245,1,477,2
2020-07-21,Rwanda,47,0,1629,5,251,1,516,2
2020-07-22,Rwanda,26,0,1655,5,239,1,483,2
2020-07-23,Rwanda,34,0,1689,5,254,1,495,2
2020-07-24,Rwanda,21,0,1710,5,237,1,500,2
2020-07-25,Rwanda,19,0,1729,5,244,1,477,2
2020-07-26,Rwanda,23,0,1752,5,213,0,453,1
2020-07-27,Rwanda,69,0,1821,5,239,0,484,1
2020-07-28,Rwanda,58,0,1879,5,250,0,501,1
2020-07-29,Rwanda,47,0,1926,5,271,0,510,1
2020-07-30,Rwanda,10,0,1936,5,247,0,501,1
2020-07-31,Rwanda,58,0,1994,5,284,0,521,1
2020-08-01,Rwanda,28,0,2022,5,293,0,537,1
2020-08-02,Rwanda,20,0,2042,5,290,0,503,0
2020-08-03,Rwanda,20,0,2062,5,241,0,480,0
2020-08-04,Rwanda,30,0,2092,5,213,0,463,0
2020-08-05,Rwanda,7,0,2099,5,173,0,444,0
2020-08-06,Rwanda,5,0,2104,5,168,0,415,0
2020-08-07,Rwanda,7,0,2111,5,117,0,401,0
2020-08-08,Rwanda,17,0,2128,5,106,0,399,0
2020-08-09,Rwanda,6,1,2134,6,92,1,382,1
2020-08-10,Rwanda,6,1,2140,7,78,2,319,2
2020-08-11,Rwanda,12,0,2152,7,60,2,273,2
2020-08-12,Rwanda,19,0,2171,7,72,2,245,2
2020-08-13,Rwanda,18,1,2189,8,85,3,253,3
2020-08-14,Rwanda,11,0,2200,8,89,3,206,3
2020-08-15,Rwanda,93,0,2293,8,165,3,271,3
2020-08-16,Rwanda,59,0,2352,8,218,2,310,3
2020-08-17,Rwanda,101,0,2453,8,313,1,391,3
2020-08-18,Rwanda,87,0,2540,8,388,1,448,3
2020-08-19,Rwanda,37,2,2577,10,406,3,478,5
2020-08-20,Rwanda,67,0,2644,10,455,2,540,5
2020-08-21,Rwanda,73,1,2717,11,517,3,606,6
2020-08-22,Rwanda,63,0,2780,11,487,3,652,6
2020-08-23,Rwanda,109,0,2889,11,537,3,755,5
2020-08-24,Rwanda,200,1,3089,12,636,4,949,5
2020-08-25,Rwanda,217,2,3306,14,766,6,1154,7
2020-08-26,Rwanda,231,1,3537,15,960,5,1366,8
2020-08-27,Rwanda,88,0,3625,15,981,5,1436,7
2020-08-28,Rwanda,47,0,3672,15,955,4,1472,7
2020-08-29,Rwanda,70,1,3742,16,962,5,1449,8
2020-08-30,Rwanda,101,0,3843,16,954,5,1491,8
2020-08-31,Rwanda,177,0,4020,16,931,4,1567,8
2020-04-01,Saint Kitts and Nevis,1,0,8,0,8,0,0,0
2020-04-02,Saint Kitts and Nevis,0,0,8,0,6,0,0,0
2020-04-03,Saint Kitts and Nevis,0,0,8,0,6,0,0,0
2020-04-04,Saint Kitts and Nevis,1,0,9,0,7,0,0,0
2020-04-05,Saint Kitts and Nevis,1,0,10,0,8,0,0,0
2020-04-06,Saint Kitts and Nevis,0,0,10,0,3,0,0,0
2020-04-07,Saint Kitts and Nevis,1,0,11,0,4,0,0,0
2020-04-08,Saint Kitts and Nevis,0,0,11,0,3,0,11,0
2020-04-09,Saint Kitts and Nevis,0,0,11,0,3,0,9,0
2020-04-10,Saint Kitts and Nevis,0,0,11,0,3,0,9,0
2020-04-11,Saint Kitts and Nevis,1,0,12,0,3,0,10,0
2020-04-12,Saint Kitts and Nevis,0,0,12,0,2,0,10,0
2020-04-13,Saint Kitts and Nevis,0,0,12,0,2,0,5,0
2020-04-14,Saint Kitts and Nevis,0,0,12,0,1,0,5,0
2020-04-15,Saint Kitts and Nevis,2,0,14,0,3,0,6,0
2020-04-16,Saint Kitts and Nevis,0,0,14,0,3,0,6,0
2020-04-17,Saint Kitts and Nevis,0,0,14,0,3,0,6,0
2020-04-18,Saint Kitts and Nevis,0,0,14,0,2,0,5,0
2020-04-19,Saint Kitts and Nevis,0,0,14,0,2,0,4,0
2020-04-20,Saint Kitts and Nevis,1,0,15,0,3,0,5,0
2020-04-21,Saint Kitts and Nevis,0,0,15,0,3,0,4,0
2020-04-22,Saint Kitts and Nevis,0,0,15,0,1,0,4,0
2020-04-23,Saint Kitts and Nevis,0,0,15,0,1,0,4,0
2020-04-24,Saint Kitts and Nevis,0,0,15,0,1,0,4,0
2020-04-25,Saint Kitts and Nevis,0,0,15,0,1,0,3,0
2020-04-26,Saint Kitts and Nevis,0,0,15,0,1,0,3,0
2020-04-27,Saint Kitts and Nevis,0,0,15,0,0,0,3,0
2020-04-28,Saint Kitts and Nevis,0,0,15,0,0,0,3,0
2020-04-29,Saint Kitts and Nevis,0,0,15,0,0,0,1,0
2020-04-30,Saint Kitts and Nevis,0,0,15,0,0,0,1,0
2020-05-01,Saint Kitts and Nevis,0,0,15,0,0,0,1,0
2020-05-02,Saint Kitts and Nevis,0,0,15,0,0,0,1,0
2020-05-03,Saint Kitts and Nevis,0,0,15,0,0,0,1,0
2020-05-04,Saint Kitts and Nevis,0,0,15,0,0,0,0,0
2020-05-05,Saint Kitts and Nevis,0,0,15,0,0,0,0,0
2020-05-06,Saint Kitts and Nevis,0,0,15,0,0,0,0,0
2020-05-07,Saint Kitts and Nevis,0,0,15,0,0,0,0,0
2020-05-08,Saint Kitts and Nevis,0,0,15,0,0,0,0,0
2020-05-09,Saint Kitts and Nevis,0,0,15,0,0,0,0,0
2020-05-10,Saint Kitts and Nevis,0,0,15,0,0,0,0,0
2020-05-11,Saint Kitts and Nevis,0,0,15,0,0,0,0,0
2020-05-12,Saint Kitts and Nevis,0,0,15,0,0,0,0,0
2020-05-13,Saint Kitts and Nevis,0,0,15,0,0,0,0,0
2020-05-14,Saint Kitts and Nevis,0,0,15,0,0,0,0,0
2020-05-15,Saint Kitts and Nevis,0,0,15,0,0,0,0,0
2020-05-16,Saint Kitts and Nevis,0,0,15,0,0,0,0,0
2020-05-17,Saint Kitts and Nevis,0,0,15,0,0,0,0,0
2020-05-18,Saint Kitts and Nevis,0,0,15,0,0,0,0,0
2020-05-19,Saint Kitts and Nevis,0,0,15,0,0,0,0,0
2020-05-20,Saint Kitts and Nevis,0,0,15,0,0,0,0,0
2020-05-21,Saint Kitts and Nevis,0,0,15,0,0,0,0,0
2020-05-22,Saint Kitts and Nevis,0,0,15,0,0,0,0,0
2020-05-23,Saint Kitts and Nevis,0,0,15,0,0,0,0,0
2020-05-24,Saint Kitts and Nevis,0,0,15,0,0,0,0,0
2020-05-25,Saint Kitts and Nevis,0,0,15,0,0,0,0,0
2020-05-26,Saint Kitts and Nevis,0,0,15,0,0,0,0,0
2020-05-27,Saint Kitts and Nevis,0,0,15,0,0,0,0,0
2020-05-28,Saint Kitts and Nevis,0,0,15,0,0,0,0,0
2020-05-29,Saint Kitts and Nevis,0,0,15,0,0,0,0,0
2020-05-30,Saint Kitts and Nevis,0,0,15,0,0,0,0,0
2020-05-31,Saint Kitts and Nevis,0,0,15,0,0,0,0,0
2020-06-01,Saint Kitts and Nevis,0,0,15,0,0,0,0,0
2020-06-02,Saint Kitts and Nevis,0,0,15,0,0,0,0,0
2020-06-03,Saint Kitts and Nevis,0,0,15,0,0,0,0,0
2020-06-04,Saint Kitts and Nevis,0,0,15,0,0,0,0,0
2020-06-05,Saint Kitts and Nevis,0,0,15,0,0,0,0,0
2020-06-06,Saint Kitts and Nevis,0,0,15,0,0,0,0,0
2020-06-07,Saint Kitts and Nevis,0,0,15,0,0,0,0,0
2020-06-08,Saint Kitts and Nevis,0,0,15,0,0,0,0,0
2020-06-09,Saint Kitts and Nevis,0,0,15,0,0,0,0,0
2020-06-10,Saint Kitts and Nevis,0,0,15,0,0,0,0,0
2020-06-11,Saint Kitts and Nevis,0,0,15,0,0,0,0,0
2020-06-12,Saint Kitts and Nevis,0,0,15,0,0,0,0,0
2020-06-13,Saint Kitts and Nevis,0,0,15,0,0,0,0,0
2020-06-14,Saint Kitts and Nevis,0,0,15,0,0,0,0,0
2020-06-15,Saint Kitts and Nevis,0,0,15,0,0,0,0,0
2020-06-16,Saint Kitts and Nevis,0,0,15,0,0,0,0,0
2020-06-17,Saint Kitts and Nevis,0,0,15,0,0,0,0,0
2020-06-18,Saint Kitts and Nevis,0,0,15,0,0,0,0,0
2020-06-19,Saint Kitts and Nevis,0,0,15,0,0,0,0,0
2020-06-20,Saint Kitts and Nevis,0,0,15,0,0,0,0,0
2020-06-21,Saint Kitts and Nevis,0,0,15,0,0,0,0,0
2020-06-22,Saint Kitts and Nevis,0,0,15,0,0,0,0,0
2020-06-23,Saint Kitts and Nevis,0,0,15,0,0,0,0,0
2020-06-24,Saint Kitts and Nevis,0,0,15,0,0,0,0,0
2020-06-25,Saint Kitts and Nevis,0,0,15,0,0,0,0,0
2020-06-26,Saint Kitts and Nevis,0,0,15,0,0,0,0,0
2020-06-27,Saint Kitts and Nevis,0,0,15,0,0,0,0,0
2020-06-28,Saint Kitts and Nevis,0,0,15,0,0,0,0,0
2020-06-29,Saint Kitts and Nevis,0,0,15,0,0,0,0,0
2020-06-30,Saint Kitts and Nevis,0,0,15,0,0,0,0,0
2020-07-01,Saint Kitts and Nevis,0,0,15,0,0,0,0,0
2020-07-02,Saint Kitts and Nevis,0,0,15,0,0,0,0,0
2020-07-03,Saint Kitts and Nevis,0,0,15,0,0,0,0,0
2020-07-04,Saint Kitts and Nevis,0,0,15,0,0,0,0,0
2020-07-05,Saint Kitts and Nevis,1,0,16,0,1,0,1,0
2020-07-06,Saint Kitts and Nevis,0,0,16,0,1,0,1,0
2020-07-07,Saint Kitts and Nevis,0,0,16,0,1,0,1,0
2020-07-08,Saint Kitts and Nevis,0,0,16,0,1,0,1,0
2020-07-09,Saint Kitts and Nevis,0,0,16,0,1,0,1,0
2020-07-10,Saint Kitts and Nevis,0,0,16,0,1,0,1,0
2020-07-11,Saint Kitts and Nevis,1,0,17,0,2,0,2,0
2020-07-12,Saint Kitts and Nevis,0,0,17,0,1,0,2,0
2020-07-13,Saint Kitts and Nevis,0,0,17,0,1,0,2,0
2020-07-14,Saint Kitts and Nevis,0,0,17,0,1,0,2,0
2020-07-15,Saint Kitts and Nevis,0,0,17,0,1,0,2,0
2020-07-16,Saint Kitts and Nevis,0,0,17,0,1,0,2,0
2020-07-17,Saint Kitts and Nevis,0,0,17,0,1,0,2,0
2020-07-18,Saint Kitts and Nevis,0,0,17,0,0,0,2,0
2020-07-19,Saint Kitts and Nevis,0,0,17,0,0,0,1,0
2020-07-20,Saint Kitts and Nevis,0,0,17,0,0,0,1,0
2020-07-21,Saint Kitts and Nevis,0,0,17,0,0,0,1,0
2020-07-22,Saint Kitts and Nevis,0,0,17,0,0,0,1,0
2020-07-23,Saint Kitts and Nevis,0,0,17,0,0,0,1,0
2020-07-24,Saint Kitts and Nevis,0,0,17,0,0,0,1,0
2020-07-25,Saint Kitts and Nevis,0,0,17,0,0,0,0,0
2020-07-26,Saint Kitts and Nevis,0,0,17,0,0,0,0,0
2020-07-27,Saint Kitts and Nevis,0,0,17,0,0,0,0,0
2020-07-28,Saint Kitts and Nevis,0,0,17,0,0,0,0,0
2020-07-29,Saint Kitts and Nevis,0,0,17,0,0,0,0,0
2020-07-30,Saint Kitts and Nevis,0,0,17,0,0,0,0,0
2020-07-31,Saint Kitts and Nevis,0,0,17,0,0,0,0,0
2020-08-01,Saint Kitts and Nevis,0,0,17,0,0,0,0,0
2020-08-02,Saint Kitts and Nevis,0,0,17,0,0,0,0,0
2020-08-03,Saint Kitts and Nevis,0,0,17,0,0,0,0,0
2020-08-04,Saint Kitts and Nevis,0,0,17,0,0,0,0,0
2020-08-05,Saint Kitts and Nevis,0,0,17,0,0,0,0,0
2020-08-06,Saint Kitts and Nevis,0,0,17,0,0,0,0,0
2020-08-07,Saint Kitts and Nevis,0,0,17,0,0,0,0,0
2020-08-08,Saint Kitts and Nevis,0,0,17,0,0,0,0,0
2020-08-09,Saint Kitts and Nevis,0,0,17,0,0,0,0,0
2020-08-10,Saint Kitts and Nevis,0,0,17,0,0,0,0,0
2020-08-11,Saint Kitts and Nevis,0,0,17,0,0,0,0,0
2020-08-12,Saint Kitts and Nevis,0,0,17,0,0,0,0,0
2020-08-13,Saint Kitts and Nevis,0,0,17,0,0,0,0,0
2020-08-14,Saint Kitts and Nevis,0,0,17,0,0,0,0,0
2020-08-15,Saint Kitts and Nevis,0,0,17,0,0,0,0,0
2020-08-16,Saint Kitts and Nevis,0,0,17,0,0,0,0,0
2020-08-17,Saint Kitts and Nevis,0,0,17,0,0,0,0,0
2020-08-18,Saint Kitts and Nevis,0,0,17,0,0,0,0,0
2020-08-19,Saint Kitts and Nevis,0,0,17,0,0,0,0,0
2020-08-20,Saint Kitts and Nevis,0,0,17,0,0,0,0,0
2020-08-21,Saint Kitts and Nevis,0,0,17,0,0,0,0,0
2020-08-22,Saint Kitts and Nevis,0,0,17,0,0,0,0,0
2020-08-23,Saint Kitts and Nevis,0,0,17,0,0,0,0,0
2020-08-24,Saint Kitts and Nevis,0,0,17,0,0,0,0,0
2020-08-25,Saint Kitts and Nevis,0,0,17,0,0,0,0,0
2020-08-26,Saint Kitts and Nevis,0,0,17,0,0,0,0,0
2020-08-27,Saint Kitts and Nevis,0,0,17,0,0,0,0,0
2020-08-28,Saint Kitts and Nevis,0,0,17,0,0,0,0,0
2020-08-29,Saint Kitts and Nevis,0,0,17,0,0,0,0,0
2020-08-30,Saint Kitts and Nevis,0,0,17,0,0,0,0,0
2020-08-31,Saint Kitts and Nevis,0,0,17,0,0,0,0,0
2020-04-01,Saint Lucia,4,0,13,0,11,0,11,0
2020-04-02,Saint Lucia,0,0,13,0,10,0,11,0
2020-04-03,Saint Lucia,0,0,13,0,10,0,11,0
2020-04-04,Saint Lucia,0,0,13,0,10,0,11,0
2020-04-05,Saint Lucia,1,0,14,0,10,0,12,0
2020-04-06,Saint Lucia,0,0,14,0,5,0,12,0
2020-04-07,Saint Lucia,0,0,14,0,5,0,12,0
2020-04-08,Saint Lucia,0,0,14,0,1,0,12,0
2020-04-09,Saint Lucia,0,0,14,0,1,0,11,0
2020-04-10,Saint Lucia,0,0,14,0,1,0,11,0
2020-04-11,Saint Lucia,1,0,15,0,2,0,12,0
2020-04-12,Saint Lucia,0,0,15,0,1,0,11,0
2020-04-13,Saint Lucia,0,0,15,0,1,0,6,0
2020-04-14,Saint Lucia,0,0,15,0,1,0,6,0
2020-04-15,Saint Lucia,0,0,15,0,1,0,2,0
2020-04-16,Saint Lucia,0,0,15,0,1,0,2,0
2020-04-17,Saint Lucia,0,0,15,0,1,0,2,0
2020-04-18,Saint Lucia,0,0,15,0,0,0,2,0
2020-04-19,Saint Lucia,0,0,15,0,0,0,1,0
2020-04-20,Saint Lucia,0,0,15,0,0,0,1,0
2020-04-21,Saint Lucia,0,0,15,0,0,0,1,0
2020-04-22,Saint Lucia,0,0,15,0,0,0,1,0
2020-04-23,Saint Lucia,0,0,15,0,0,0,1,0
2020-04-24,Saint Lucia,0,0,15,0,0,0,1,0
2020-04-25,Saint Lucia,0,0,15,0,0,0,0,0
2020-04-26,Saint Lucia,0,0,15,0,0,0,0,0
2020-04-27,Saint Lucia,0,0,15,0,0,0,0,0
2020-04-28,Saint Lucia,0,0,15,0,0,0,0,0
2020-04-29,Saint Lucia,0,0,15,0,0,0,0,0
2020-04-30,Saint Lucia,2,0,17,0,2,0,2,0
2020-05-01,Saint Lucia,0,0,17,0,2,0,2,0
2020-05-02,Saint Lucia,0,0,17,0,2,0,2,0
2020-05-03,Saint Lucia,0,0,17,0,2,0,2,0
2020-05-04,Saint Lucia,1,0,18,0,3,0,3,0
2020-05-05,Saint Lucia,0,0,18,0,3,0,3,0
2020-05-06,Saint Lucia,0,0,18,0,3,0,3,0
2020-05-07,Saint Lucia,0,0,18,0,1,0,3,0
2020-05-08,Saint Lucia,0,0,18,0,1,0,3,0
2020-05-09,Saint Lucia,0,0,18,0,1,0,3,0
2020-05-10,Saint Lucia,0,0,18,0,1,0,3,0
2020-05-11,Saint Lucia,0,0,18,0,0,0,3,0
2020-05-12,Saint Lucia,0,0,18,0,0,0,3,0
2020-05-13,Saint Lucia,0,0,18,0,0,0,3,0
2020-05-14,Saint Lucia,0,0,18,0,0,0,1,0
2020-05-15,Saint Lucia,0,0,18,0,0,0,1,0
2020-05-16,Saint Lucia,0,0,18,0,0,0,1,0
2020-05-17,Saint Lucia,0,0,18,0,0,0,1,0
2020-05-18,Saint Lucia,0,0,18,0,0,0,0,0
2020-05-19,Saint Lucia,0,0,18,0,0,0,0,0
2020-05-20,Saint Lucia,0,0,18,0,0,0,0,0
2020-05-21,Saint Lucia,0,0,18,0,0,0,0,0
2020-05-22,Saint Lucia,0,0,18,0,0,0,0,0
2020-05-23,Saint Lucia,0,0,18,0,0,0,0,0
2020-05-24,Saint Lucia,0,0,18,0,0,0,0,0
2020-05-25,Saint Lucia,0,0,18,0,0,0,0,0
2020-05-26,Saint Lucia,0,0,18,0,0,0,0,0
2020-05-27,Saint Lucia,0,0,18,0,0,0,0,0
2020-05-28,Saint Lucia,0,0,18,0,0,0,0,0
2020-05-29,Saint Lucia,0,0,18,0,0,0,0,0
2020-05-30,Saint Lucia,0,0,18,0,0,0,0,0
2020-05-31,Saint Lucia,0,0,18,0,0,0,0,0
2020-06-01,Saint Lucia,0,0,18,0,0,0,0,0
2020-06-02,Saint Lucia,0,0,18,0,0,0,0,0
2020-06-03,Saint Lucia,0,0,18,0,0,0,0,0
2020-06-04,Saint Lucia,0,0,18,0,0,0,0,0
2020-06-05,Saint Lucia,1,0,19,0,1,0,1,0
2020-06-06,Saint Lucia,0,0,19,0,1,0,1,0
2020-06-07,Saint Lucia,0,0,19,0,1,0,1,0
2020-06-08,Saint Lucia,0,0,19,0,1,0,1,0
2020-06-09,Saint Lucia,0,0,19,0,1,0,1,0
2020-06-10,Saint Lucia,0,0,19,0,1,0,1,0
2020-06-11,Saint Lucia,0,0,19,0,1,0,1,0
2020-06-12,Saint Lucia,0,0,19,0,0,0,1,0
2020-06-13,Saint Lucia,0,0,19,0,0,0,1,0
2020-06-14,Saint Lucia,0,0,19,0,0,0,1,0
2020-06-15,Saint Lucia,0,0,19,0,0,0,1,0
2020-06-16,Saint Lucia,0,0,19,0,0,0,1,0
2020-06-17,Saint Lucia,0,0,19,0,0,0,1,0
2020-06-18,Saint Lucia,0,0,19,0,0,0,1,0
2020-06-19,Saint Lucia,0,0,19,0,0,0,0,0
2020-06-20,Saint Lucia,0,0,19,0,0,0,0,0
2020-06-21,Saint Lucia,0,0,19,0,0,0,0,0
2020-06-22,Saint Lucia,0,0,19,0,0,0,0,0
2020-06-23,Saint Lucia,0,0,19,0,0,0,0,0
2020-06-24,Saint Lucia,0,0,19,0,0,0,0,0
2020-06-25,Saint Lucia,0,0,19,0,0,0,0,0
2020-06-26,Saint Lucia,0,0,19,0,0,0,0,0
2020-06-27,Saint Lucia,0,0,19,0,0,0,0,0
2020-06-28,Saint Lucia,0,0,19,0,0,0,0,0
2020-06-29,Saint Lucia,0,0,19,0,0,0,0,0
2020-06-30,Saint Lucia,0,0,19,0,0,0,0,0
2020-07-01,Saint Lucia,0,0,19,0,0,0,0,0
2020-07-02,Saint Lucia,0,0,19,0,0,0,0,0
2020-07-03,Saint Lucia,3,0,22,0,3,0,3,0
2020-07-04,Saint Lucia,0,0,22,0,3,0,3,0
2020-07-05,Saint Lucia,0,0,22,0,3,0,3,0
2020-07-06,Saint Lucia,0,0,22,0,3,0,3,0
2020-07-07,Saint Lucia,0,0,22,0,3,0,3,0
2020-07-08,Saint Lucia,0,0,22,0,3,0,3,0
2020-07-09,Saint Lucia,0,0,22,0,3,0,3,0
2020-07-10,Saint Lucia,0,0,22,0,0,0,3,0
2020-07-11,Saint Lucia,0,0,22,0,0,0,3,0
2020-07-12,Saint Lucia,0,0,22,0,0,0,3,0
2020-07-13,Saint Lucia,0,0,22,0,0,0,3,0
2020-07-14,Saint Lucia,0,0,22,0,0,0,3,0
2020-07-15,Saint Lucia,0,0,22,0,0,0,3,0
2020-07-16,Saint Lucia,0,0,22,0,0,0,3,0
2020-07-17,Saint Lucia,1,0,23,0,1,0,1,0
2020-07-18,Saint Lucia,0,0,23,0,1,0,1,0
2020-07-19,Saint Lucia,0,0,23,0,1,0,1,0
2020-07-20,Saint Lucia,0,0,23,0,1,0,1,0
2020-07-21,Saint Lucia,0,0,23,0,1,0,1,0
2020-07-22,Saint Lucia,0,0,23,0,1,0,1,0
2020-07-23,Saint Lucia,0,0,23,0,1,0,1,0
2020-07-24,Saint Lucia,1,0,24,0,1,0,2,0
2020-07-25,Saint Lucia,0,0,24,0,1,0,2,0
2020-07-26,Saint Lucia,0,0,24,0,1,0,2,0
2020-07-27,Saint Lucia,0,0,24,0,1,0,2,0
2020-07-28,Saint Lucia,0,0,24,0,1,0,2,0
2020-07-29,Saint Lucia,0,0,24,0,1,0,2,0
2020-07-30,Saint Lucia,0,0,24,0,1,0,2,0
2020-07-31,Saint Lucia,1,0,25,0,1,0,2,0
2020-08-01,Saint Lucia,0,0,25,0,1,0,2,0
2020-08-02,Saint Lucia,0,0,25,0,1,0,2,0
2020-08-03,Saint Lucia,0,0,25,0,1,0,2,0
2020-08-04,Saint Lucia,0,0,25,0,1,0,2,0
2020-08-05,Saint Lucia,0,0,25,0,1,0,2,0
2020-08-06,Saint Lucia,0,0,25,0,1,0,2,0
2020-08-07,Saint Lucia,0,0,25,0,0,0,1,0
2020-08-08,Saint Lucia,0,0,25,0,0,0,1,0
2020-08-09,Saint Lucia,0,0,25,0,0,0,1,0
2020-08-10,Saint Lucia,0,0,25,0,0,0,1,0
2020-08-11,Saint Lucia,0,0,25,0,0,0,1,0
2020-08-12,Saint Lucia,0,0,25,0,0,0,1,0
2020-08-13,Saint Lucia,0,0,25,0,0,0,1,0
2020-08-14,Saint Lucia,0,0,25,0,0,0,0,0
2020-08-15,Saint Lucia,0,0,25,0,0,0,0,0
2020-08-16,Saint Lucia,0,0,25,0,0,0,0,0
2020-08-17,Saint Lucia,0,0,25,0,0,0,0,0
2020-08-18,Saint Lucia,0,0,25,0,0,0,0,0
2020-08-19,Saint Lucia,1,0,26,0,1,0,1,0
2020-08-20,Saint Lucia,0,0,26,0,1,0,1,0
2020-08-21,Saint Lucia,0,0,26,0,1,0,1,0
2020-08-22,Saint Lucia,0,0,26,0,1,0,1,0
2020-08-23,Saint Lucia,0,0,26,0,1,0,1,0
2020-08-24,Saint Lucia,0,0,26,0,1,0,1,0
2020-08-25,Saint Lucia,0,0,26,0,1,0,1,0
2020-08-26,Saint Lucia,0,0,26,0,0,0,1,0
2020-08-27,Saint Lucia,0,0,26,0,0,0,1,0
2020-08-28,Saint Lucia,0,0,26,0,0,0,1,0
2020-08-29,Saint Lucia,0,0,26,0,0,0,1,0
2020-08-30,Saint Lucia,0,0,26,0,0,0,1,0
2020-08-31,Saint Lucia,0,0,26,0,0,0,1,0
2020-04-01,Saint Vincent and the Grenadines,0,0,1,0,0,0,0,0
2020-04-02,Saint Vincent and the Grenadines,1,0,2,0,1,0,1,0
2020-04-03,Saint Vincent and the Grenadines,0,0,2,0,1,0,1,0
2020-04-04,Saint Vincent and the Grenadines,5,0,7,0,6,0,6,0
2020-04-05,Saint Vincent and the Grenadines,0,0,7,0,6,0,6,0
2020-04-06,Saint Vincent and the Grenadines,0,0,7,0,6,0,6,0
2020-04-07,Saint Vincent and the Grenadines,0,0,7,0,6,0,6,0
2020-04-08,Saint Vincent and the Grenadines,1,0,8,0,7,0,7,0
2020-04-09,Saint Vincent and the Grenadines,0,0,8,0,6,0,7,0
2020-04-10,Saint Vincent and the Grenadines,4,0,12,0,10,0,11,0
2020-04-11,Saint Vincent and the Grenadines,0,0,12,0,5,0,11,0
2020-04-12,Saint Vincent and the Grenadines,0,0,12,0,5,0,11,0
2020-04-13,Saint Vincent and the Grenadines,0,0,12,0,5,0,11,0
2020-04-14,Saint Vincent and the Grenadines,0,0,12,0,5,0,11,0
2020-04-15,Saint Vincent and the Grenadines,0,0,12,0,4,0,11,0
2020-04-16,Saint Vincent and the Grenadines,0,0,12,0,4,0,10,0
2020-04-17,Saint Vincent and the Grenadines,0,0,12,0,0,0,10,0
2020-04-18,Saint Vincent and the Grenadines,0,0,12,0,0,0,5,0
2020-04-19,Saint Vincent and the Grenadines,0,0,12,0,0,0,5,0
2020-04-20,Saint Vincent and the Grenadines,0,0,12,0,0,0,5,0
2020-04-21,Saint Vincent and the Grenadines,0,0,12,0,0,0,5,0
2020-04-22,Saint Vincent and the Grenadines,0,0,12,0,0,0,4,0
2020-04-23,Saint Vincent and the Grenadines,1,0,13,0,1,0,5,0
2020-04-24,Saint Vincent and the Grenadines,0,0,13,0,1,0,1,0
2020-04-25,Saint Vincent and the Grenadines,1,0,14,0,2,0,2,0
2020-04-26,Saint Vincent and the Grenadines,0,0,14,0,2,0,2,0
2020-04-27,Saint Vincent and the Grenadines,0,0,14,0,2,0,2,0
2020-04-28,Saint Vincent and the Grenadines,1,0,15,0,3,0,3,0
2020-04-29,Saint Vincent and the Grenadines,1,0,16,0,4,0,4,0
2020-04-30,Saint Vincent and the Grenadines,0,0,16,0,3,0,4,0
2020-05-01,Saint Vincent and the Grenadines,0,0,16,0,3,0,4,0
2020-05-02,Saint Vincent and the Grenadines,0,0,16,0,2,0,4,0
2020-05-03,Saint Vincent and the Grenadines,0,0,16,0,2,0,4,0
2020-05-04,Saint Vincent and the Grenadines,1,0,17,0,3,0,5,0
2020-05-05,Saint Vincent and the Grenadines,0,0,17,0,2,0,5,0
2020-05-06,Saint Vincent and the Grenadines,0,0,17,0,1,0,5,0
2020-05-07,Saint Vincent and the Grenadines,0,0,17,0,1,0,4,0
2020-05-08,Saint Vincent and the Grenadines,0,0,17,0,1,0,4,0
2020-05-09,Saint Vincent and the Grenadines,0,0,17,0,1,0,3,0
2020-05-10,Saint Vincent and the Grenadines,0,0,17,0,1,0,3,0
2020-05-11,Saint Vincent and the Grenadines,0,0,17,0,0,0,3,0
2020-05-12,Saint Vincent and the Grenadines,0,0,17,0,0,0,2,0
2020-05-13,Saint Vincent and the Grenadines,0,0,17,0,0,0,1,0
2020-05-14,Saint Vincent and the Grenadines,0,0,17,0,0,0,1,0
2020-05-15,Saint Vincent and the Grenadines,0,0,17,0,0,0,1,0
2020-05-16,Saint Vincent and the Grenadines,0,0,17,0,0,0,1,0
2020-05-17,Saint Vincent and the Grenadines,0,0,17,0,0,0,1,0
2020-05-18,Saint Vincent and the Grenadines,0,0,17,0,0,0,0,0
2020-05-19,Saint Vincent and the Grenadines,0,0,17,0,0,0,0,0
2020-05-20,Saint Vincent and the Grenadines,0,0,17,0,0,0,0,0
2020-05-21,Saint Vincent and the Grenadines,1,0,18,0,1,0,1,0
2020-05-22,Saint Vincent and the Grenadines,0,0,18,0,1,0,1,0
2020-05-23,Saint Vincent and the Grenadines,0,0,18,0,1,0,1,0
2020-05-24,Saint Vincent and the Grenadines,0,0,18,0,1,0,1,0
2020-05-25,Saint Vincent and the Grenadines,0,0,18,0,1,0,1,0
2020-05-26,Saint Vincent and the Grenadines,0,0,18,0,1,0,1,0
2020-05-27,Saint Vincent and the Grenadines,0,0,18,0,1,0,1,0
2020-05-28,Saint Vincent and the Grenadines,0,0,18,0,0,0,1,0
2020-05-29,Saint Vincent and the Grenadines,7,0,25,0,7,0,8,0
2020-05-30,Saint Vincent and the Grenadines,1,0,26,0,8,0,9,0
2020-05-31,Saint Vincent and the Grenadines,0,0,26,0,8,0,9,0
2020-06-01,Saint Vincent and the Grenadines,0,0,26,0,8,0,9,0
2020-06-02,Saint Vincent and the Grenadines,0,0,26,0,8,0,9,0
2020-06-03,Saint Vincent and the Grenadines,0,0,26,0,8,0,9,0
2020-06-04,Saint Vincent and the Grenadines,0,0,26,0,8,0,8,0
2020-06-05,Saint Vincent and the Grenadines,0,0,26,0,1,0,8,0
2020-06-06,Saint Vincent and the Grenadines,0,0,26,0,0,0,8,0
2020-06-07,Saint Vincent and the Grenadines,0,0,26,0,0,0,8,0
2020-06-08,Saint Vincent and the Grenadines,0,0,26,0,0,0,8,0
2020-06-09,Saint Vincent and the Grenadines,1,0,27,0,1,0,9,0
2020-06-10,Saint Vincent and the Grenadines,0,0,27,0,1,0,9,0
2020-06-11,Saint Vincent and the Grenadines,0,0,27,0,1,0,9,0
2020-06-12,Saint Vincent and the Grenadines,0,0,27,0,1,0,2,0
2020-06-13,Saint Vincent and the Grenadines,0,0,27,0,1,0,1,0
2020-06-14,Saint Vincent and the Grenadines,0,0,27,0,1,0,1,0
2020-06-15,Saint Vincent and the Grenadines,0,0,27,0,1,0,1,0
2020-06-16,Saint Vincent and the Grenadines,0,0,27,0,0,0,1,0
2020-06-17,Saint Vincent and the Grenadines,2,0,29,0,2,0,3,0
2020-06-18,Saint Vincent and the Grenadines,0,0,29,0,2,0,3,0
2020-06-19,Saint Vincent and the Grenadines,0,0,29,0,2,0,3,0
2020-06-20,Saint Vincent and the Grenadines,0,0,29,0,2,0,3,0
2020-06-21,Saint Vincent and the Grenadines,0,0,29,0,2,0,3,0
2020-06-22,Saint Vincent and the Grenadines,0,0,29,0,2,0,3,0
2020-06-23,Saint Vincent and the Grenadines,0,0,29,0,2,0,2,0
2020-06-24,Saint Vincent and the Grenadines,0,0,29,0,0,0,2,0
2020-06-25,Saint Vincent and the Grenadines,0,0,29,0,0,0,2,0
2020-06-26,Saint Vincent and the Grenadines,0,0,29,0,0,0,2,0
2020-06-27,Saint Vincent and the Grenadines,0,0,29,0,0,0,2,0
2020-06-28,Saint Vincent and the Grenadines,0,0,29,0,0,0,2,0
2020-06-29,Saint Vincent and the Grenadines,0,0,29,0,0,0,2,0
2020-06-30,Saint Vincent and the Grenadines,0,0,29,0,0,0,2,0
2020-07-01,Saint Vincent and the Grenadines,0,0,29,0,0,0,0,0
2020-07-02,Saint Vincent and the Grenadines,0,0,29,0,0,0,0,0
2020-07-03,Saint Vincent and the Grenadines,0,0,29,0,0,0,0,0
2020-07-04,Saint Vincent and the Grenadines,0,0,29,0,0,0,0,0
2020-07-05,Saint Vincent and the Grenadines,0,0,29,0,0,0,0,0
2020-07-06,Saint Vincent and the Grenadines,0,0,29,0,0,0,0,0
2020-07-07,Saint Vincent and the Grenadines,0,0,29,0,0,0,0,0
2020-07-08,Saint Vincent and the Grenadines,0,0,29,0,0,0,0,0
2020-07-09,Saint Vincent and the Grenadines,0,0,29,0,0,0,0,0
2020-07-10,Saint Vincent and the Grenadines,0,0,29,0,0,0,0,0
2020-07-11,Saint Vincent and the Grenadines,0,0,29,0,0,0,0,0
2020-07-12,Saint Vincent and the Grenadines,0,0,29,0,0,0,0,0
2020-07-13,Saint Vincent and the Grenadines,6,0,35,0,6,0,6,0
2020-07-14,Saint Vincent and the Grenadines,0,0,35,0,6,0,6,0
2020-07-15,Saint Vincent and the Grenadines,0,0,35,0,6,0,6,0
2020-07-16,Saint Vincent and the Grenadines,0,0,35,0,6,0,6,0
2020-07-17,Saint Vincent and the Grenadines,0,0,35,0,6,0,6,0
2020-07-18,Saint Vincent and the Grenadines,3,0,38,0,9,0,9,0
2020-07-19,Saint Vincent and the Grenadines,6,0,44,0,15,0,15,0
2020-07-20,Saint Vincent and the Grenadines,6,0,50,0,15,0,21,0
2020-07-21,Saint Vincent and the Grenadines,0,0,50,0,15,0,21,0
2020-07-22,Saint Vincent and the Grenadines,0,0,50,0,15,0,21,0
2020-07-23,Saint Vincent and the Grenadines,0,0,50,0,15,0,21,0
2020-07-24,Saint Vincent and the Grenadines,2,0,52,0,17,0,23,0
2020-07-25,Saint Vincent and the Grenadines,0,0,52,0,14,0,23,0
2020-07-26,Saint Vincent and the Grenadines,0,0,52,0,8,0,23,0
2020-07-27,Saint Vincent and the Grenadines,0,0,52,0,2,0,17,0
2020-07-28,Saint Vincent and the Grenadines,0,0,52,0,2,0,17,0
2020-07-29,Saint Vincent and the Grenadines,0,0,52,0,2,0,17,0
2020-07-30,Saint Vincent and the Grenadines,0,0,52,0,2,0,17,0
2020-07-31,Saint Vincent and the Grenadines,0,0,52,0,0,0,17,0
2020-08-01,Saint Vincent and the Grenadines,2,0,54,0,2,0,16,0
2020-08-02,Saint Vincent and the Grenadines,1,0,55,0,3,0,11,0
2020-08-03,Saint Vincent and the Grenadines,0,0,55,0,3,0,5,0
2020-08-04,Saint Vincent and the Grenadines,0,0,55,0,3,0,5,0
2020-08-05,Saint Vincent and the Grenadines,0,0,55,0,3,0,5,0
2020-08-06,Saint Vincent and the Grenadines,1,0,56,0,4,0,6,0
2020-08-07,Saint Vincent and the Grenadines,0,0,56,0,4,0,4,0
2020-08-08,Saint Vincent and the Grenadines,0,0,56,0,2,0,4,0
2020-08-09,Saint Vincent and the Grenadines,0,0,56,0,1,0,4,0
2020-08-10,Saint Vincent and the Grenadines,1,0,57,0,2,0,5,0
2020-08-11,Saint Vincent and the Grenadines,0,0,57,0,2,0,5,0
2020-08-12,Saint Vincent and the Grenadines,0,0,57,0,2,0,5,0
2020-08-13,Saint Vincent and the Grenadines,0,0,57,0,1,0,5,0
2020-08-14,Saint Vincent and the Grenadines,0,0,57,0,1,0,5,0
2020-08-15,Saint Vincent and the Grenadines,0,0,57,0,1,0,3,0
2020-08-16,Saint Vincent and the Grenadines,0,0,57,0,1,0,2,0
2020-08-17,Saint Vincent and the Grenadines,0,0,57,0,0,0,2,0
2020-08-18,Saint Vincent and the Grenadines,1,0,58,0,1,0,3,0
2020-08-19,Saint Vincent and the Grenadines,0,0,58,0,1,0,3,0
2020-08-20,Saint Vincent and the Grenadines,0,0,58,0,1,0,2,0
2020-08-21,Saint Vincent and the Grenadines,0,0,58,0,1,0,2,0
2020-08-22,Saint Vincent and the Grenadines,0,0,58,0,1,0,2,0
2020-08-23,Saint Vincent and the Grenadines,0,0,58,0,1,0,2,0
2020-08-24,Saint Vincent and the Grenadines,0,0,58,0,1,0,1,0
2020-08-25,Saint Vincent and the Grenadines,0,0,58,0,0,0,1,0
2020-08-26,Saint Vincent and the Grenadines,0,0,58,0,0,0,1,0
2020-08-27,Saint Vincent and the Grenadines,0,0,58,0,0,0,1,0
2020-08-28,Saint Vincent and the Grenadines,2,0,60,0,2,0,3,0
2020-08-29,Saint Vincent and the Grenadines,0,0,60,0,2,0,3,0
2020-08-30,Saint Vincent and the Grenadines,0,0,60,0,2,0,3,0
2020-08-31,Saint Vincent and the Grenadines,0,0,60,0,2,0,3,0
2020-04-01,San Marino,1,1,230,26,43,5,126,15
2020-04-02,San Marino,6,0,236,26,28,5,127,12
2020-04-03,San Marino,9,4,245,30,27,9,119,16
2020-04-04,San Marino,6,2,251,32,28,11,100,18
2020-04-05,San Marino,8,0,259,32,35,10,108,12
2020-04-06,San Marino,7,0,266,32,37,8,115,12
2020-04-07,San Marino,11,0,277,32,48,7,90,12
2020-04-08,San Marino,2,2,279,34,49,8,92,13
2020-04-09,San Marino,29,0,308,34,72,8,100,13
2020-04-10,San Marino,25,0,333,34,88,4,115,13
2020-04-11,San Marino,11,0,344,34,93,2,121,13
2020-04-12,San Marino,12,1,356,35,97,3,132,13
2020-04-13,San Marino,0,0,356,35,90,3,127,11
2020-04-14,San Marino,0,1,356,36,79,4,127,11
2020-04-15,San Marino,16,0,372,36,93,2,142,10
2020-04-16,San Marino,20,0,392,36,84,2,156,10
2020-04-17,San Marino,34,2,426,38,93,4,181,8
2020-04-18,San Marino,9,1,435,39,91,5,184,7
2020-04-19,San Marino,20,0,455,39,99,4,196,7
2020-04-20,San Marino,6,0,461,39,105,4,195,7
2020-04-21,San Marino,1,0,462,39,106,3,185,7
2020-04-22,San Marino,14,1,476,40,104,4,197,6
2020-04-23,San Marino,12,0,488,40,96,4,180,6
2020-04-24,San Marino,13,0,501,40,75,2,168,6
2020-04-25,San Marino,12,0,513,40,78,1,169,6
2020-04-26,San Marino,0,0,513,40,58,1,157,5
2020-04-27,San Marino,25,1,538,41,77,2,182,6
2020-04-28,San Marino,0,0,538,41,76,2,182,5
2020-04-29,San Marino,15,0,553,41,77,1,181,5
2020-04-30,San Marino,10,0,563,41,75,1,171,5
2020-05-01,San Marino,6,0,569,41,68,1,143,3
2020-05-02,San Marino,11,0,580,41,67,1,145,2
2020-05-03,San Marino,0,0,580,41,67,1,125,2
2020-05-04,San Marino,2,0,582,41,44,0,121,2
2020-05-05,San Marino,0,0,582,41,44,0,120,2
2020-05-06,San Marino,7,0,589,41,36,0,113,1
2020-05-07,San Marino,19,0,608,41,45,0,120,1
2020-05-08,San Marino,14,0,622,41,53,0,121,1
2020-05-09,San Marino,1,0,623,41,43,0,110,1
2020-05-10,San Marino,14,0,637,41,57,0,124,1
2020-05-11,San Marino,-9,0,628,41,46,0,90,0
2020-05-12,San Marino,0,0,628,41,46,0,90,0
2020-05-13,San Marino,10,0,638,41,49,0,85,0
2020-05-14,San Marino,5,0,643,41,35,0,80,0
2020-05-15,San Marino,5,0,648,41,26,0,79,0
2020-05-16,San Marino,4,0,652,41,29,0,72,0
2020-05-17,San Marino,1,0,653,41,16,0,73,0
2020-05-18,San Marino,1,0,654,41,26,0,72,0
2020-05-19,San Marino,0,0,654,41,26,0,72,0
2020-05-20,San Marino,1,0,655,41,17,0,66,0
2020-05-21,San Marino,1,0,656,41,13,0,48,0
2020-05-22,San Marino,2,0,658,41,10,0,36,0
2020-05-23,San Marino,3,0,661,41,9,0,38,0
2020-05-24,San Marino,4,1,665,42,12,1,28,1
2020-05-25,San Marino,0,0,665,42,11,1,37,1
2020-05-26,San Marino,1,0,666,42,12,1,38,1
2020-05-27,San Marino,0,0,666,42,11,1,28,1
2020-05-28,San Marino,1,0,667,42,11,1,24,1
2020-05-29,San Marino,3,0,670,42,12,1,22,1
2020-05-30,San Marino,1,0,671,42,10,1,19,1
2020-05-31,San Marino,0,0,671,42,6,0,18,1
2020-06-01,San Marino,0,0,671,42,6,0,17,1
2020-06-02,San Marino,16,0,687,42,21,0,33,1
2020-06-03,San Marino,0,0,687,42,21,0,32,1
2020-06-04,San Marino,0,0,687,42,20,0,31,1
2020-06-05,San Marino,0,0,687,42,17,0,29,1
2020-06-06,San Marino,0,0,687,42,16,0,26,1
2020-06-07,San Marino,0,0,687,42,16,0,22,0
2020-06-08,San Marino,0,0,687,42,16,0,22,0
2020-06-09,San Marino,0,0,687,42,0,0,21,0
2020-06-10,San Marino,1,0,688,42,1,0,22,0
2020-06-11,San Marino,3,0,691,42,4,0,24,0
2020-06-12,San Marino,0,0,691,42,4,0,21,0
2020-06-13,San Marino,3,0,694,42,7,0,23,0
2020-06-14,San Marino,0,0,694,42,7,0,23,0
2020-06-15,San Marino,0,0,694,42,7,0,23,0
2020-06-16,San Marino,0,0,694,42,7,0,7,0
2020-06-17,San Marino,0,0,694,42,6,0,7,0
2020-06-18,San Marino,2,0,696,42,5,0,9,0
2020-06-19,San Marino,0,0,696,42,5,0,9,0
2020-06-20,San Marino,0,0,696,42,2,0,9,0
2020-06-21,San Marino,0,0,696,42,2,0,9,0
2020-06-22,San Marino,0,0,696,42,2,0,9,0
2020-06-23,San Marino,2,0,698,42,4,0,11,0
2020-06-24,San Marino,0,0,698,42,4,0,10,0
2020-06-25,San Marino,0,0,698,42,2,0,7,0
2020-06-26,San Marino,0,0,698,42,2,0,7,0
2020-06-27,San Marino,0,0,698,42,2,0,4,0
2020-06-28,San Marino,0,0,698,42,2,0,4,0
2020-06-29,San Marino,0,0,698,42,2,0,4,0
2020-06-30,San Marino,0,0,698,42,0,0,4,0
2020-07-01,San Marino,0,0,698,42,0,0,4,0
2020-07-02,San Marino,0,0,698,42,0,0,2,0
2020-07-03,San Marino,0,0,698,42,0,0,2,0
2020-07-04,San Marino,0,0,698,42,0,0,2,0
2020-07-05,San Marino,0,0,698,42,0,0,2,0
2020-07-06,San Marino,0,0,698,42,0,0,2,0
2020-07-07,San Marino,0,0,698,42,0,0,0,0
2020-07-08,San Marino,0,0,698,42,0,0,0,0
2020-07-09,San Marino,1,0,699,42,1,0,1,0
2020-07-10,San Marino,0,0,699,42,1,0,1,0
2020-07-11,San Marino,0,0,699,42,1,0,1,0
2020-07-12,San Marino,0,0,699,42,1,0,1,0
2020-07-13,San Marino,0,0,699,42,1,0,1,0
2020-07-14,San Marino,0,0,699,42,1,0,1,0
2020-07-15,San Marino,0,0,699,42,1,0,1,0
2020-07-16,San Marino,0,0,699,42,0,0,1,0
2020-07-17,San Marino,0,0,699,42,0,0,1,0
2020-07-18,San Marino,0,0,699,42,0,0,1,0
2020-07-19,San Marino,0,0,699,42,0,0,1,0
2020-07-20,San Marino,0,0,699,42,0,0,1,0
2020-07-21,San Marino,0,0,699,42,0,0,1,0
2020-07-22,San Marino,0,0,699,42,0,0,1,0
2020-07-23,San Marino,0,0,699,42,0,0,0,0
2020-07-24,San Marino,0,0,699,42,0,0,0,0
2020-07-25,San Marino,0,0,699,42,0,0,0,0
2020-07-26,San Marino,0,0,699,42,0,0,0,0
2020-07-27,San Marino,0,0,699,42,0,0,0,0
2020-07-28,San Marino,0,0,699,42,0,0,0,0
2020-07-29,San Marino,0,0,699,42,0,0,0,0
2020-07-30,San Marino,0,0,699,42,0,0,0,0
2020-07-31,San Marino,0,0,699,42,0,0,0,0
2020-08-01,San Marino,0,0,699,42,0,0,0,0
2020-08-02,San Marino,0,0,699,42,0,0,0,0
2020-08-03,San Marino,0,0,699,42,0,0,0,0
2020-08-04,San Marino,0,0,699,42,0,0,0,0
2020-08-05,San Marino,0,0,699,42,0,0,0,0
2020-08-06,San Marino,11,0,710,42,11,0,11,0
2020-08-07,San Marino,0,0,710,42,11,0,11,0
2020-08-08,San Marino,0,0,710,42,11,0,11,0
2020-08-09,San Marino,0,0,710,42,11,0,11,0
2020-08-10,San Marino,0,0,710,42,11,0,11,0
2020-08-11,San Marino,0,0,710,42,11,0,11,0
2020-08-12,San Marino,0,0,710,42,11,0,11,0
2020-08-13,San Marino,0,0,710,42,0,0,11,0
2020-08-14,San Marino,0,0,710,42,0,0,11,0
2020-08-15,San Marino,0,0,710,42,0,0,11,0
2020-08-16,San Marino,0,0,710,42,0,0,11,0
2020-08-17,San Marino,0,0,710,42,0,0,11,0
2020-08-18,San Marino,0,0,710,42,0,0,11,0
2020-08-19,San Marino,0,0,710,42,0,0,11,0
2020-08-20,San Marino,0,0,710,42,0,0,0,0
2020-08-21,San Marino,0,0,710,42,0,0,0,0
2020-08-22,San Marino,0,0,710,42,0,0,0,0
2020-08-23,San Marino,0,0,710,42,0,0,0,0
2020-08-24,San Marino,0,0,710,42,0,0,0,0
2020-08-25,San Marino,0,0,710,42,0,0,0,0
2020-08-26,San Marino,0,0,710,42,0,0,0,0
2020-08-27,San Marino,0,0,710,42,0,0,0,0
2020-08-28,San Marino,0,0,710,42,0,0,0,0
2020-08-29,San Marino,0,0,710,42,0,0,0,0
2020-08-30,San Marino,0,0,710,42,0,0,0,0
2020-08-31,San Marino,0,0,710,42,0,0,0,0
2020-04-01,Sao Tome and Principe,0,0,0,0,0,0,0,0
2020-04-02,Sao Tome and Principe,0,0,0,0,0,0,0,0
2020-04-03,Sao Tome and Principe,0,0,0,0,0,0,0,0
2020-04-04,Sao Tome and Principe,0,0,0,0,0,0,0,0
2020-04-05,Sao Tome and Principe,0,0,0,0,0,0,0,0
2020-04-06,Sao Tome and Principe,0,0,0,0,0,0,0,0
2020-04-07,Sao Tome and Principe,0,0,0,0,0,0,0,0
2020-04-08,Sao Tome and Principe,0,0,0,0,0,0,0,0
2020-04-09,Sao Tome and Principe,0,0,0,0,0,0,0,0
2020-04-09,Sao Tome and Principe,4,0,4,0,0,0,0,0
2020-04-10,Sao Tome and Principe,0,0,4,0,0,0,0,0
2020-04-11,Sao Tome and Principe,0,0,4,0,0,0,0,0
2020-04-12,Sao Tome and Principe,0,0,4,0,0,0,0,0
2020-04-13,Sao Tome and Principe,0,0,4,0,0,0,0,0
2020-04-14,Sao Tome and Principe,0,0,4,0,0,0,0,0
2020-04-15,Sao Tome and Principe,0,0,4,0,4,0,0,0
2020-04-16,Sao Tome and Principe,0,0,4,0,0,0,0,0
2020-04-17,Sao Tome and Principe,0,0,4,0,0,0,0,0
2020-04-18,Sao Tome and Principe,0,0,4,0,0,0,0,0
2020-04-19,Sao Tome and Principe,0,0,4,0,0,0,0,0
2020-04-20,Sao Tome and Principe,0,0,4,0,0,0,0,0
2020-04-21,Sao Tome and Principe,0,0,4,0,0,0,0,0
2020-04-22,Sao Tome and Principe,0,0,4,0,0,0,4,0
2020-04-23,Sao Tome and Principe,3,0,7,0,3,0,3,0
2020-04-24,Sao Tome and Principe,1,0,8,0,4,0,4,0
2020-04-25,Sao Tome and Principe,0,0,8,0,4,0,4,0
2020-04-26,Sao Tome and Principe,0,0,8,0,4,0,4,0
2020-04-27,Sao Tome and Principe,0,0,8,0,4,0,4,0
2020-04-28,Sao Tome and Principe,0,0,8,0,4,0,4,0
2020-04-29,Sao Tome and Principe,3,0,11,0,7,0,7,0
2020-04-30,Sao Tome and Principe,3,0,14,0,7,0,10,0
2020-05-01,Sao Tome and Principe,2,1,16,1,8,1,12,1
2020-05-02,Sao Tome and Principe,2,0,18,1,10,1,14,1
2020-05-03,Sao Tome and Principe,0,0,18,1,10,1,14,1
2020-05-04,Sao Tome and Principe,0,0,18,1,10,1,14,1
2020-05-05,Sao Tome and Principe,156,2,174,3,166,3,170,3
2020-05-06,Sao Tome and Principe,0,0,174,3,163,3,170,3
2020-05-07,Sao Tome and Principe,0,0,174,3,160,3,167,3
2020-05-08,Sao Tome and Principe,13,1,187,4,171,3,179,4
2020-05-09,Sao Tome and Principe,21,1,208,5,190,4,200,5
2020-05-10,Sao Tome and Principe,0,0,208,5,190,4,200,5
2020-05-11,Sao Tome and Principe,0,0,208,5,190,4,200,5
2020-05-12,Sao Tome and Principe,4,0,212,5,38,2,204,5
2020-05-13,Sao Tome and Principe,8,1,220,6,46,3,209,6
2020-05-14,Sao Tome and Principe,15,1,235,7,61,4,221,7
2020-05-15,Sao Tome and Principe,0,0,235,7,48,3,219,6
2020-05-16,Sao Tome and Principe,0,0,235,7,27,2,217,6
2020-05-17,Sao Tome and Principe,0,0,235,7,27,2,217,6
2020-05-18,Sao Tome and Principe,0,0,235,7,27,2,217,6
2020-05-19,Sao Tome and Principe,11,0,246,7,34,2,72,4
2020-05-20,Sao Tome and Principe,5,1,251,8,31,2,77,5
2020-05-21,Sao Tome and Principe,0,0,251,8,16,1,77,5
2020-05-22,Sao Tome and Principe,0,0,251,8,16,1,64,4
2020-05-23,Sao Tome and Principe,0,0,251,8,16,1,43,3
2020-05-24,Sao Tome and Principe,40,0,291,8,56,1,83,3
2020-05-25,Sao Tome and Principe,8,1,299,9,64,2,91,4
2020-05-26,Sao Tome and Principe,0,2,299,11,53,4,87,6
2020-05-27,Sao Tome and Principe,142,1,441,12,190,4,221,6
2020-05-28,Sao Tome and Principe,2,0,443,12,192,4,208,5
2020-05-29,Sao Tome and Principe,15,0,458,12,207,4,223,5
2020-05-30,Sao Tome and Principe,5,0,463,12,212,4,228,5
2020-05-31,Sao Tome and Principe,16,0,479,12,188,4,244,5
2020-06-01,Sao Tome and Principe,4,0,483,12,184,3,248,5
2020-06-02,Sao Tome and Principe,1,0,484,12,185,1,238,5
2020-06-03,Sao Tome and Principe,0,0,484,12,43,0,233,4
2020-06-04,Sao Tome and Principe,0,0,484,12,41,0,233,4
2020-06-05,Sao Tome and Principe,15,0,499,12,41,0,248,4
2020-06-06,Sao Tome and Principe,10,0,509,12,46,0,258,4
2020-06-07,Sao Tome and Principe,4,0,513,12,34,0,222,4
2020-06-08,Sao Tome and Principe,1,0,514,12,31,0,215,3
2020-06-09,Sao Tome and Principe,0,0,514,12,30,0,215,1
2020-06-10,Sao Tome and Principe,0,0,514,12,30,0,73,0
2020-06-11,Sao Tome and Principe,118,0,632,12,148,0,189,0
2020-06-12,Sao Tome and Principe,7,0,639,12,140,0,181,0
2020-06-13,Sao Tome and Principe,11,0,650,12,141,0,187,0
2020-06-14,Sao Tome and Principe,9,0,659,12,146,0,180,0
2020-06-15,Sao Tome and Principe,2,0,661,12,147,0,178,0
2020-06-16,Sao Tome and Principe,0,0,661,12,147,0,177,0
2020-06-17,Sao Tome and Principe,10,0,671,12,157,0,187,0
2020-06-18,Sao Tome and Principe,12,0,683,12,51,0,199,0
2020-06-19,Sao Tome and Principe,5,0,688,12,49,0,189,0
2020-06-20,Sao Tome and Principe,5,0,693,12,43,0,184,0
2020-06-21,Sao Tome and Principe,5,0,698,12,39,0,185,0
2020-06-22,Sao Tome and Principe,0,0,698,12,37,0,184,0
2020-06-23,Sao Tome and Principe,4,0,702,12,41,0,188,0
2020-06-24,Sao Tome and Principe,5,0,707,12,36,0,193,0
2020-06-25,Sao Tome and Principe,3,1,710,13,27,1,78,1
2020-06-26,Sao Tome and Principe,1,0,711,13,23,1,72,1
2020-06-27,Sao Tome and Principe,1,0,712,13,19,1,62,1
2020-06-28,Sao Tome and Principe,1,0,713,13,15,1,54,1
2020-06-29,Sao Tome and Principe,0,0,713,13,15,1,52,1
2020-06-30,Sao Tome and Principe,0,0,713,13,11,1,52,1
2020-07-01,Sao Tome and Principe,1,0,714,13,7,1,43,1
2020-07-02,Sao Tome and Principe,1,0,715,13,5,0,32,1
2020-07-03,Sao Tome and Principe,2,0,717,13,6,0,29,1
2020-07-04,Sao Tome and Principe,2,0,719,13,7,0,26,1
2020-07-05,Sao Tome and Principe,0,0,719,13,6,0,21,1
2020-07-06,Sao Tome and Principe,1,0,720,13,7,0,22,1
2020-07-07,Sao Tome and Principe,1,0,721,13,8,0,19,1
2020-07-08,Sao Tome and Principe,3,0,724,13,10,0,17,1
2020-07-09,Sao Tome and Principe,0,0,724,13,9,0,14,0
2020-07-10,Sao Tome and Principe,2,1,726,14,9,1,15,1
2020-07-11,Sao Tome and Principe,1,0,727,14,8,1,15,1
2020-07-12,Sao Tome and Principe,0,0,727,14,8,1,14,1
2020-07-13,Sao Tome and Principe,2,0,729,14,9,1,16,1
2020-07-14,Sao Tome and Principe,3,0,732,14,11,1,19,1
2020-07-15,Sao Tome and Principe,0,0,732,14,8,1,18,1
2020-07-16,Sao Tome and Principe,5,0,737,14,13,1,22,1
2020-07-17,Sao Tome and Principe,3,0,740,14,14,0,23,1
2020-07-18,Sao Tome and Principe,1,0,741,14,14,0,22,1
2020-07-19,Sao Tome and Principe,2,0,743,14,16,0,24,1
2020-07-20,Sao Tome and Principe,3,0,746,14,17,0,26,1
2020-07-21,Sao Tome and Principe,0,0,746,14,14,0,25,1
2020-07-22,Sao Tome and Principe,0,0,746,14,14,0,22,1
2020-07-23,Sao Tome and Principe,1,0,747,14,10,0,23,1
2020-07-24,Sao Tome and Principe,2,0,749,14,9,0,23,0
2020-07-25,Sao Tome and Principe,111,0,860,14,119,0,133,0
2020-07-26,Sao Tome and Principe,2,0,862,14,119,0,135,0
2020-07-27,Sao Tome and Principe,1,0,863,14,117,0,134,0
2020-07-28,Sao Tome and Principe,2,0,865,14,119,0,133,0
2020-07-29,Sao Tome and Principe,2,0,867,14,121,0,135,0
2020-07-30,Sao Tome and Principe,1,1,868,15,121,1,131,1
2020-07-31,Sao Tome and Principe,2,0,870,15,121,1,130,1
2020-08-01,Sao Tome and Principe,1,0,871,15,11,1,130,1
2020-08-02,Sao Tome and Principe,3,0,874,15,12,1,131,1
2020-08-03,Sao Tome and Principe,0,0,874,15,11,1,128,1
2020-08-04,Sao Tome and Principe,0,0,874,15,9,1,128,1
2020-08-05,Sao Tome and Principe,1,0,875,15,8,1,129,1
2020-08-06,Sao Tome and Principe,3,0,878,15,10,0,131,1
2020-08-07,Sao Tome and Principe,0,0,878,15,8,0,129,1
2020-08-08,Sao Tome and Principe,0,0,878,15,7,0,18,1
2020-08-09,Sao Tome and Principe,0,0,878,15,4,0,16,1
2020-08-10,Sao Tome and Principe,0,0,878,15,4,0,15,1
2020-08-11,Sao Tome and Principe,0,0,878,15,4,0,13,1
2020-08-12,Sao Tome and Principe,3,0,881,15,6,0,14,1
2020-08-13,Sao Tome and Principe,1,0,882,15,4,0,14,0
2020-08-14,Sao Tome and Principe,0,0,882,15,4,0,12,0
2020-08-15,Sao Tome and Principe,1,0,883,15,5,0,12,0
2020-08-16,Sao Tome and Principe,2,0,885,15,7,0,11,0
2020-08-17,Sao Tome and Principe,0,0,885,15,7,0,11,0
2020-08-18,Sao Tome and Principe,0,0,885,15,7,0,11,0
2020-08-19,Sao Tome and Principe,0,0,885,15,4,0,10,0
2020-08-20,Sao Tome and Principe,0,0,885,15,3,0,7,0
2020-08-21,Sao Tome and Principe,0,0,885,15,3,0,7,0
2020-08-22,Sao Tome and Principe,3,0,888,15,5,0,10,0
2020-08-23,Sao Tome and Principe,4,0,892,15,7,0,14,0
2020-08-24,Sao Tome and Principe,0,0,892,15,7,0,14,0
2020-08-25,Sao Tome and Principe,0,0,892,15,7,0,14,0
2020-08-26,Sao Tome and Principe,0,0,892,15,7,0,11,0
2020-08-27,Sao Tome and Principe,0,0,892,15,7,0,10,0
2020-08-28,Sao Tome and Principe,2,0,894,15,9,0,12,0
2020-08-29,Sao Tome and Principe,1,0,895,15,7,0,12,0
2020-08-30,Sao Tome and Principe,0,0,895,15,3,0,10,0
2020-08-31,Sao Tome and Principe,1,0,896,15,4,0,11,0
2020-04-01,Saudi Arabia,110,2,1563,10,796,9,1430,10
2020-04-02,Saudi Arabia,157,6,1720,16,820,14,1549,16
2020-04-03,Saudi Arabia,165,5,1885,21,873,18,1647,21
2020-04-04,Saudi Arabia,0,0,1885,21,781,18,1611,21
2020-04-05,Saudi Arabia,294,8,2179,29,976,25,1787,29
2020-04-06,Saudi Arabia,206,5,2385,34,1156,26,1874,34
2020-04-07,Saudi Arabia,138,4,2523,38,1070,30,1961,38
2020-04-08,Saudi Arabia,272,3,2795,41,1232,31,2028,40
2020-04-09,Saudi Arabia,137,0,2932,41,1212,25,2032,39
2020-04-10,Saudi Arabia,355,3,3287,44,1402,23,2275,41
2020-04-11,Saudi Arabia,364,3,3651,47,1766,26,2547,44
2020-04-12,Saudi Arabia,382,5,4033,52,1854,23,2830,48
2020-04-13,Saudi Arabia,429,7,4462,59,2077,25,3233,51
2020-04-14,Saudi Arabia,472,6,4934,65,2411,27,3481,57
2020-04-15,Saudi Arabia,435,8,5369,73,2574,32,3806,63
2020-04-16,Saudi Arabia,493,6,5862,79,2930,38,4142,63
2020-04-17,Saudi Arabia,518,4,6380,83,3093,39,4495,62
2020-04-18,Saudi Arabia,762,4,7142,87,3491,40,5257,66
2020-04-19,Saudi Arabia,1132,5,8274,92,4241,40,6095,63
2020-04-20,Saudi Arabia,1088,5,9362,97,4900,38,6977,63
2020-04-21,Saudi Arabia,1122,6,10484,103,5550,38,7961,65
2020-04-22,Saudi Arabia,1147,6,11631,109,6262,36,8836,68
2020-04-23,Saudi Arabia,1141,5,12772,114,6910,35,9840,73
2020-04-24,Saudi Arabia,1158,7,13930,121,7550,38,10643,77
2020-04-25,Saudi Arabia,1172,6,15102,127,7960,40,11451,80
2020-04-26,Saudi Arabia,1197,9,16299,136,8025,44,12266,84
2020-04-27,Saudi Arabia,1223,3,17522,139,8160,42,13060,80
2020-04-28,Saudi Arabia,1289,5,18811,144,8327,41,13877,79
2020-04-29,Saudi Arabia,1266,8,20077,152,8446,43,14708,79
2020-04-30,Saudi Arabia,1325,5,21402,157,8630,43,15540,78
2020-05-01,Saudi Arabia,1351,5,22753,162,8823,41,16373,79
2020-05-02,Saudi Arabia,1344,7,24097,169,8995,42,16955,82
2020-05-03,Saudi Arabia,1362,7,25459,176,9160,40,17185,84
2020-05-04,Saudi Arabia,1552,8,27011,184,9489,45,17649,87
2020-05-05,Saudi Arabia,1645,7,28656,191,9845,47,18172,88
2020-05-06,Saudi Arabia,1595,9,30251,200,10174,48,18620,91
2020-05-07,Saudi Arabia,1687,9,31938,209,10536,52,19166,95
2020-05-08,Saudi Arabia,1793,10,33731,219,10978,57,19801,98
2020-05-09,Saudi Arabia,1701,10,35432,229,11335,60,20330,102
2020-05-10,Saudi Arabia,1704,10,37136,239,11677,63,20837,103
2020-05-11,Saudi Arabia,1912,7,39048,246,12037,62,21526,107
2020-05-12,Saudi Arabia,1966,9,41014,255,12358,64,22203,111
2020-05-13,Saudi Arabia,1911,9,42925,264,12674,64,22848,112
2020-05-14,Saudi Arabia,1905,9,44830,273,12892,64,23428,116
2020-05-15,Saudi Arabia,2039,10,46869,283,13138,64,24116,121
2020-05-16,Saudi Arabia,2307,9,49176,292,13744,63,25079,123
2020-05-17,Saudi Arabia,2840,10,52016,302,14880,63,26557,126
2020-05-18,Saudi Arabia,2736,10,54752,312,15704,66,27741,128
2020-05-19,Saudi Arabia,2593,8,57345,320,16331,65,28689,129
2020-05-20,Saudi Arabia,2509,9,59854,329,16929,65,29603,129
2020-05-21,Saudi Arabia,2691,10,62545,339,17715,66,30607,130
2020-05-22,Saudi Arabia,2532,12,65077,351,18208,68,31346,132
2020-05-23,Saudi Arabia,2642,13,67719,364,18543,72,32287,135
2020-05-24,Saudi Arabia,2442,15,70161,379,18145,77,33025,140
2020-05-25,Saudi Arabia,2399,11,72560,390,17808,78,33512,144
2020-05-26,Saudi Arabia,2235,9,74795,399,17450,79,33781,144
2020-05-27,Saudi Arabia,1931,12,76726,411,16872,82,33801,147
2020-05-28,Saudi Arabia,1815,14,78541,425,15996,86,33711,152
2020-05-29,Saudi Arabia,1644,16,80185,441,15108,90,33316,158
2020-05-30,Saudi Arabia,1581,17,81766,458,14047,94,32590,166
2020-05-31,Saudi Arabia,1618,22,83384,480,13223,101,31368,178
2020-06-01,Saudi Arabia,1877,23,85261,503,12701,113,30509,191
2020-06-02,Saudi Arabia,1881,22,87142,525,12347,126,29797,205
2020-06-03,Saudi Arabia,1869,24,89011,549,12285,138,29157,220
2020-06-04,Saudi Arabia,2171,30,91182,579,12641,154,28637,240
2020-06-05,Saudi Arabia,1975,32,93157,611,12972,170,28080,260
2020-06-06,Saudi Arabia,2591,31,95748,642,13982,184,28029,278
2020-06-07,Saudi Arabia,3121,34,98869,676,15485,196,28708,297
2020-06-08,Saudi Arabia,3045,36,101914,712,16653,209,29354,322
2020-06-09,Saudi Arabia,3369,34,105283,746,18141,221,30488,347
2020-06-10,Saudi Arabia,3288,37,108571,783,19560,234,31845,372
2020-06-11,Saudi Arabia,3717,36,112288,819,21106,240,33747,394
2020-06-12,Saudi Arabia,3733,38,116021,857,22864,246,35836,416
2020-06-13,Saudi Arabia,3921,36,119942,893,24194,251,38176,435
2020-06-14,Saudi Arabia,3366,39,123308,932,24439,256,39924,452
2020-06-15,Saudi Arabia,4233,40,127541,972,25627,260,42280,469
2020-06-16,Saudi Arabia,4507,39,132048,1011,26765,265,44906,486
2020-06-17,Saudi Arabia,4267,41,136315,1052,27744,269,47304,503
2020-06-18,Saudi Arabia,4919,39,141234,1091,28946,272,50052,512
2020-06-19,Saudi Arabia,4757,48,145991,1139,29970,282,52834,528
2020-06-20,Saudi Arabia,4301,45,150292,1184,30350,291,54544,542
2020-06-21,Saudi Arabia,3941,46,154233,1230,30925,298,55364,554
2020-06-22,Saudi Arabia,3379,37,157612,1267,30071,295,55698,555
2020-06-23,Saudi Arabia,3393,40,161005,1307,28957,296,55722,561
2020-06-24,Saudi Arabia,3139,39,164144,1346,27829,294,55573,563
2020-06-25,Saudi Arabia,3123,41,167267,1387,26033,296,54979,568
2020-06-26,Saudi Arabia,3372,41,170639,1428,24648,289,54618,571
2020-06-27,Saudi Arabia,3938,46,174577,1474,24285,290,54635,581
2020-06-28,Saudi Arabia,3927,37,178504,1511,24271,281,55196,579
2020-06-29,Saudi Arabia,3989,40,182493,1551,24881,284,54952,579
2020-06-30,Saudi Arabia,3943,48,186436,1599,25431,292,54388,588
2020-07-01,Saudi Arabia,4387,50,190823,1649,26679,303,54508,597
2020-07-02,Saudi Arabia,3402,49,194225,1698,26958,311,52991,607
2020-07-03,Saudi Arabia,3383,54,197608,1752,26969,324,51617,613
2020-07-04,Saudi Arabia,4193,50,201801,1802,27224,328,51509,618
2020-07-05,Saudi Arabia,4128,56,205929,1858,27425,347,51696,628
2020-07-06,Saudi Arabia,3580,58,209509,1916,27016,365,51897,649
2020-07-07,Saudi Arabia,4207,52,213716,1968,27280,369,52711,661
2020-07-08,Saudi Arabia,3392,49,217108,2017,26285,368,52964,671
2020-07-09,Saudi Arabia,3036,42,220144,2059,25919,361,52877,672
2020-07-10,Saudi Arabia,3183,41,223327,2100,25719,348,52688,672
2020-07-11,Saudi Arabia,3159,51,226486,2151,24685,349,51909,677
2020-07-12,Saudi Arabia,2994,30,229480,2181,23551,323,50976,670
2020-07-13,Saudi Arabia,2779,42,232259,2223,22750,307,49766,672
2020-07-14,Saudi Arabia,2852,20,235111,2243,21395,275,48675,644
2020-07-15,Saudi Arabia,2692,40,237803,2283,20695,266,46980,634
2020-07-16,Saudi Arabia,2671,42,240474,2325,20330,266,46249,627
2020-07-17,Saudi Arabia,2764,45,243238,2370,19911,270,45630,618
2020-07-18,Saudi Arabia,2613,37,245851,2407,19365,256,44050,605
2020-07-19,Saudi Arabia,2565,40,248416,2447,18936,266,42487,589
2020-07-20,Saudi Arabia,2504,39,250920,2486,18661,263,41411,570
2020-07-21,Saudi Arabia,2429,37,253349,2523,18238,280,39633,555
2020-07-22,Saudi Arabia,2476,34,255825,2557,18022,274,38717,540
2020-07-23,Saudi Arabia,2331,44,258156,2601,17682,276,38012,542
2020-07-24,Saudi Arabia,2238,34,260394,2635,17156,265,37067,535
2020-07-25,Saudi Arabia,2378,37,262772,2672,16921,265,36286,521
2020-07-26,Saudi Arabia,2201,31,264973,2703,16557,256,35493,522
2020-07-27,Saudi Arabia,1968,30,266941,2733,16021,247,34682,510
2020-07-28,Saudi Arabia,1993,27,268934,2760,15585,237,33823,517
2020-07-29,Saudi Arabia,1897,29,270831,2789,15006,232,33028,506
2020-07-30,Saudi Arabia,1759,27,272590,2816,14434,215,32116,491
2020-07-31,Saudi Arabia,1629,50,274219,2866,13825,231,30981,496
2020-08-01,Saudi Arabia,1686,0,275905,2866,13133,194,30054,459
2020-08-02,Saudi Arabia,1573,1,277478,2867,12505,164,29062,420
2020-08-03,Saudi Arabia,1357,50,278835,2917,11894,184,27915,431
2020-08-04,Saudi Arabia,1258,32,280093,2949,11159,189,26744,426
2020-08-05,Saudi Arabia,1342,35,281435,2984,10604,195,25610,427
2020-08-06,Saudi Arabia,1389,36,282824,3020,10234,204,24668,419
2020-08-07,Saudi Arabia,1402,35,284226,3055,10007,189,23832,420
2020-08-08,Saudi Arabia,1567,38,285793,3093,9888,227,23021,421
2020-08-09,Saudi Arabia,1469,37,287262,3130,9784,263,22289,427
2020-08-10,Saudi Arabia,1428,37,288690,3167,9855,250,21749,434
2020-08-11,Saudi Arabia,1257,32,289947,3199,9854,250,21013,439
2020-08-12,Saudi Arabia,1521,34,291468,3233,10033,249,20637,444
2020-08-13,Saudi Arabia,1569,36,293037,3269,10213,249,20447,453
2020-08-14,Saudi Arabia,1482,34,294519,3303,10293,248,20300,437
2020-08-15,Saudi Arabia,1383,35,295902,3338,10109,245,19997,472
2020-08-16,Saudi Arabia,1413,31,297315,3369,10053,239,19837,502
2020-08-17,Saudi Arabia,1227,39,298542,3408,9852,241,19707,491
2020-08-18,Saudi Arabia,1372,28,299914,3436,9967,237,19821,487
2020-08-19,Saudi Arabia,1419,34,301333,3470,9865,237,19898,486
2020-08-20,Saudi Arabia,1353,36,302686,3506,9649,237,19862,486
2020-08-21,Saudi Arabia,1287,42,303973,3548,9454,245,19747,493
2020-08-22,Saudi Arabia,1213,32,305186,3580,9284,242,19393,487
2020-08-23,Saudi Arabia,1184,39,306370,3619,9055,250,19108,489
2020-08-24,Saudi Arabia,1109,30,307479,3649,8937,241,18789,482
2020-08-25,Saudi Arabia,1175,42,308654,3691,8740,255,18707,492
2020-08-26,Saudi Arabia,1114,31,309768,3722,8435,252,18300,489
2020-08-27,Saudi Arabia,1068,33,310836,3755,8150,249,17799,486
2020-08-28,Saudi Arabia,1019,30,311855,3785,7882,237,17336,482
2020-08-29,Saudi Arabia,1069,28,312924,3813,7738,233,17022,475
2020-08-30,Saudi Arabia,987,27,313911,3840,7541,221,16596,471
2020-08-31,Saudi Arabia,910,30,314821,3870,7342,221,16279,462
2020-04-01,Senegal,13,0,175,0,89,0,144,0
2020-04-02,Senegal,15,1,190,1,91,1,154,1
2020-04-03,Senegal,5,0,195,1,90,1,159,1
2020-04-04,Senegal,12,0,207,1,88,1,160,1
2020-04-05,Senegal,12,1,219,2,89,2,163,2
2020-04-06,Senegal,3,0,222,2,80,2,155,2
2020-04-07,Senegal,4,0,226,2,64,2,147,2
2020-04-08,Senegal,11,0,237,2,62,2,151,2
2020-04-09,Senegal,7,0,244,2,54,1,145,2
2020-04-10,Senegal,6,0,250,2,55,1,145,2
2020-04-11,Senegal,15,0,265,2,58,1,146,2
2020-04-12,Senegal,13,0,278,2,59,0,148,2
2020-04-13,Senegal,2,0,280,2,58,0,138,2
2020-04-14,Senegal,11,0,291,2,65,0,129,2
2020-04-15,Senegal,8,0,299,2,62,0,124,2
2020-04-16,Senegal,15,0,314,2,70,0,124,1
2020-04-17,Senegal,21,0,335,2,85,0,140,1
2020-04-18,Senegal,7,1,342,3,77,1,135,2
2020-04-19,Senegal,8,0,350,3,72,1,131,1
2020-04-20,Senegal,17,1,367,4,87,2,145,2
2020-04-21,Senegal,10,1,377,5,86,3,151,3
2020-04-22,Senegal,35,0,412,5,113,3,175,3
2020-04-23,Senegal,30,1,442,6,128,4,198,4
2020-04-24,Senegal,37,0,479,6,144,4,229,4
2020-04-25,Senegal,66,1,545,7,203,4,280,5
2020-04-26,Senegal,69,0,614,7,264,4,336,5
2020-04-27,Senegal,57,2,671,9,304,5,391,7
2020-04-28,Senegal,64,0,735,9,358,4,444,7
2020-04-29,Senegal,88,0,823,9,411,4,524,7
2020-04-30,Senegal,59,0,882,9,440,3,568,7
2020-05-01,Senegal,51,0,933,9,454,3,598,7
2020-05-02,Senegal,91,0,1024,9,479,2,682,6
2020-05-03,Senegal,91,0,1115,9,501,2,765,6
2020-05-04,Senegal,67,0,1182,9,511,0,815,5
2020-05-05,Senegal,89,1,1271,10,536,1,894,5
2020-05-06,Senegal,58,1,1329,11,506,2,917,6
2020-05-07,Senegal,104,1,1433,12,551,3,991,6
2020-05-08,Senegal,59,1,1492,13,559,4,1013,7
2020-05-09,Senegal,59,1,1551,14,527,5,1006,7
2020-05-10,Senegal,83,3,1634,17,519,8,1020,10
2020-05-11,Senegal,75,2,1709,19,527,10,1038,10
2020-05-12,Senegal,177,0,1886,19,615,9,1151,10
2020-05-13,Senegal,109,0,1995,19,666,8,1172,10
2020-05-14,Senegal,110,3,2105,22,672,10,1223,13
2020-05-15,Senegal,84,1,2189,23,697,10,1256,14
2020-05-16,Senegal,121,2,2310,25,759,11,1286,16
2020-05-17,Senegal,119,0,2429,25,795,8,1314,16
2020-05-18,Senegal,51,1,2480,26,771,7,1298,17
2020-05-19,Senegal,64,0,2544,26,658,7,1273,16
2020-05-20,Senegal,73,4,2617,30,622,11,1288,19
2020-05-21,Senegal,97,0,2714,30,609,8,1281,18
2020-05-22,Senegal,98,3,2812,33,623,10,1320,20
2020-05-23,Senegal,97,0,2909,33,599,8,1358,19
2020-05-24,Senegal,67,2,2976,35,547,10,1342,18
2020-05-25,Senegal,71,0,3047,35,567,9,1338,16
2020-05-26,Senegal,83,1,3130,36,586,10,1244,17
2020-05-27,Senegal,31,1,3161,37,544,7,1166,18
2020-05-28,Senegal,92,2,3253,39,539,9,1148,17
2020-05-29,Senegal,95,2,3348,41,536,8,1159,18
2020-05-30,Senegal,81,0,3429,41,520,8,1119,16
2020-05-31,Senegal,106,1,3535,42,559,7,1106,17
2020-06-01,Senegal,110,0,3645,42,598,7,1165,16
2020-06-02,Senegal,94,0,3739,42,609,6,1195,16
2020-06-03,Senegal,97,1,3836,43,675,6,1219,13
2020-06-04,Senegal,96,2,3932,45,679,6,1218,15
2020-06-05,Senegal,89,0,4021,45,673,4,1209,12
2020-06-06,Senegal,134,0,4155,45,726,4,1246,12
2020-06-07,Senegal,94,2,4249,47,714,5,1273,12
2020-06-08,Senegal,79,2,4328,49,683,7,1281,14
2020-06-09,Senegal,99,3,4427,52,688,10,1297,16
2020-06-10,Senegal,89,0,4516,52,680,9,1355,15
2020-06-11,Senegal,124,2,4640,54,708,9,1387,15
2020-06-12,Senegal,119,2,4759,56,738,11,1411,15
2020-06-13,Senegal,92,0,4851,56,696,11,1422,15
2020-06-14,Senegal,145,4,4996,60,747,13,1461,18
2020-06-15,Senegal,94,0,5090,60,762,11,1445,18
2020-06-16,Senegal,83,4,5173,64,746,12,1434,22
2020-06-17,Senegal,74,6,5247,70,731,18,1411,27
2020-06-18,Senegal,122,3,5369,73,729,19,1437,28
2020-06-19,Senegal,106,3,5475,76,716,20,1454,31
2020-06-20,Senegal,164,3,5639,79,788,23,1484,34
2020-06-21,Senegal,99,3,5738,82,742,22,1489,35
2020-06-22,Senegal,150,2,5888,84,798,24,1560,35
2020-06-23,Senegal,82,2,5970,86,797,22,1543,34
2020-06-24,Senegal,64,3,6034,89,787,19,1518,37
2020-06-25,Senegal,95,4,6129,93,760,20,1489,39
2020-06-26,Senegal,104,1,6233,94,758,18,1474,38
2020-06-27,Senegal,121,4,6354,98,715,19,1503,42
2020-06-28,Senegal,105,4,6459,102,721,20,1463,42
2020-06-29,Senegal,127,3,6586,105,698,21,1496,45
2020-06-30,Senegal,112,3,6698,108,728,22,1525,44
2020-07-01,Senegal,95,4,6793,112,759,23,1546,42
2020-07-02,Senegal,132,4,6925,116,796,23,1556,43
2020-07-03,Senegal,129,5,7054,121,821,27,1579,45
2020-07-04,Senegal,110,4,7164,125,810,27,1525,46
2020-07-05,Senegal,108,4,7272,129,813,27,1534,47
2020-07-06,Senegal,128,4,7400,133,814,28,1512,49
2020-07-07,Senegal,78,3,7478,136,780,28,1508,50
2020-07-08,Senegal,69,1,7547,137,754,25,1513,48
2020-07-09,Senegal,110,4,7657,141,732,25,1528,48
2020-07-10,Senegal,127,2,7784,143,730,22,1551,49
2020-07-11,Senegal,98,2,7882,145,718,20,1528,47
2020-07-12,Senegal,132,0,8014,145,742,16,1555,43
2020-07-13,Senegal,121,3,8135,148,735,15,1549,43
2020-07-14,Senegal,63,2,8198,150,720,14,1500,42
2020-07-15,Senegal,45,0,8243,150,696,13,1450,38
2020-07-16,Senegal,126,3,8369,153,712,12,1444,37
2020-07-17,Senegal,112,3,8481,156,697,13,1427,35
2020-07-18,Senegal,63,4,8544,160,662,15,1380,35
2020-07-19,Senegal,125,3,8669,163,655,18,1397,34
2020-07-20,Senegal,141,4,8810,167,675,19,1410,34
2020-07-21,Senegal,138,3,8948,170,750,20,1470,34
2020-07-22,Senegal,37,4,8985,174,742,24,1438,37
2020-07-23,Senegal,136,3,9121,177,752,24,1464,36
2020-07-24,Senegal,145,1,9266,178,785,22,1482,35
2020-07-25,Senegal,156,4,9422,182,878,22,1540,37
2020-07-26,Senegal,130,5,9552,187,883,24,1538,42
2020-07-27,Senegal,129,4,9681,191,871,24,1546,43
2020-07-28,Senegal,83,3,9764,194,816,24,1566,44
2020-07-29,Senegal,41,4,9805,198,820,24,1562,48
2020-07-30,Senegal,156,2,9961,200,840,23,1592,47
2020-07-31,Senegal,145,4,10106,204,840,26,1625,48
2020-08-01,Senegal,126,1,10232,205,810,23,1688,45
2020-08-02,Senegal,52,4,10284,209,732,22,1615,46
2020-08-03,Senegal,60,0,10344,209,663,18,1534,42
2020-08-04,Senegal,42,2,10386,211,622,17,1438,41
2020-08-05,Senegal,46,3,10432,214,627,16,1447,40
2020-08-06,Senegal,106,0,10538,214,577,14,1417,37
2020-08-07,Senegal,177,9,10715,223,609,19,1449,45
2020-08-08,Senegal,172,2,10887,225,655,20,1465,43
2020-08-09,Senegal,146,4,11033,229,749,20,1481,42
2020-08-10,Senegal,142,3,11175,232,831,23,1494,41
2020-08-11,Senegal,137,4,11312,236,926,25,1548,42
2020-08-12,Senegal,68,2,11380,238,948,24,1575,40
2020-08-13,Senegal,207,4,11587,242,1049,28,1626,42
2020-08-14,Senegal,153,2,11740,244,1025,21,1634,40
2020-08-15,Senegal,132,5,11872,249,985,24,1640,44
2020-08-16,Senegal,160,2,12032,251,999,22,1748,42
2020-08-17,Senegal,130,2,12162,253,987,21,1818,44
2020-08-18,Senegal,75,3,12237,256,925,20,1851,45
2020-08-19,Senegal,68,0,12305,256,925,18,1873,42
2020-08-20,Senegal,141,2,12446,258,859,16,1908,44
2020-08-21,Senegal,113,3,12559,261,819,17,1844,38
2020-08-22,Senegal,130,1,12689,262,817,13,1802,37
2020-08-23,Senegal,161,4,12850,266,818,15,1817,37
2020-08-24,Senegal,99,3,12949,269,787,16,1774,37
2020-08-25,Senegal,64,3,13013,272,776,16,1701,36
2020-08-26,Senegal,43,2,13056,274,751,18,1676,36
2020-08-27,Senegal,130,1,13186,275,740,17,1599,33
2020-08-28,Senegal,108,2,13294,277,735,16,1554,33
2020-08-29,Senegal,90,2,13384,279,695,17,1512,30
2020-08-30,Senegal,72,3,13456,282,606,16,1424,31
2020-08-31,Senegal,100,2,13556,284,607,15,1394,31
2020-04-01,Serbia,115,7,900,23,651,22,828,23
2020-04-02,Serbia,160,0,1060,23,757,21,966,23
2020-04-03,Serbia,111,8,1171,31,787,28,1045,31
2020-04-04,Serbia,305,8,1476,39,1019,33,1341,38
2020-04-05,Serbia,148,5,1624,44,965,34,1475,43
2020-04-06,Serbia,284,7,1908,51,1167,38,1720,50
2020-04-07,Serbia,292,7,2200,58,1415,42,1978,57
2020-04-08,Serbia,247,3,2447,61,1547,38,2198,60
2020-04-09,Serbia,219,4,2666,65,1606,42,2363,63
2020-04-10,Serbia,201,1,2867,66,1696,35,2483,63
2020-04-11,Serbia,238,5,3105,71,1629,32,2648,65
2020-04-12,Serbia,275,3,3380,74,1756,30,2721,64
2020-04-13,Serbia,250,6,3630,80,1722,29,2889,67
2020-04-14,Serbia,424,5,4054,85,1854,27,3269,69
2020-04-15,Serbia,411,9,4465,94,2018,33,3565,71
2020-04-16,Serbia,408,5,4873,99,2207,34,3813,76
2020-04-17,Serbia,445,4,5318,103,2451,37,4147,72
2020-04-18,Serbia,372,7,5690,110,2585,39,4214,71
2020-04-19,Serbia,304,7,5994,117,2614,43,4370,73
2020-04-20,Serbia,324,5,6318,122,2688,42,4410,71
2020-04-21,Serbia,312,3,6630,125,2576,40,4430,67
2020-04-22,Serbia,260,0,6890,125,2425,31,4443,64
2020-04-23,Serbia,224,9,7114,134,2241,35,4448,69
2020-04-24,Serbia,162,5,7276,139,1958,36,4409,73
2020-04-25,Serbia,207,5,7483,144,1793,34,4378,73
2020-04-26,Serbia,296,7,7779,151,1785,34,4399,77
2020-04-27,Serbia,263,5,8042,156,1724,34,4412,76
2020-04-28,Serbia,233,6,8275,162,1645,37,4221,77
2020-04-29,Serbia,222,6,8497,168,1607,43,4032,74
2020-04-30,Serbia,227,5,8724,173,1610,39,3851,74
2020-05-01,Serbia,285,6,9009,179,1733,40,3691,76
2020-05-02,Serbia,196,6,9205,185,1722,41,3515,75
2020-05-03,Serbia,157,4,9362,189,1583,38,3368,72
2020-05-04,Serbia,102,4,9464,193,1422,37,3146,71
2020-05-05,Serbia,93,4,9557,197,1282,35,2927,72
2020-05-06,Serbia,120,3,9677,200,1180,32,2787,75
2020-05-07,Serbia,114,3,9791,203,1067,30,2677,69
2020-05-08,Serbia,57,3,9848,206,839,27,2572,67
2020-05-09,Serbia,95,3,9943,209,738,24,2460,65
2020-05-10,Serbia,89,4,10032,213,670,24,2253,62
2020-05-11,Serbia,82,2,10114,215,650,22,2072,59
2020-05-12,Serbia,62,3,10176,218,619,21,1901,56
2020-05-13,Serbia,67,2,10243,220,566,20,1746,52
2020-05-14,Serbia,52,2,10295,222,504,19,1571,49
2020-05-15,Serbia,79,2,10374,224,526,18,1365,45
2020-05-16,Serbia,64,1,10438,225,495,16,1233,40
2020-05-17,Serbia,58,3,10496,228,464,15,1134,39
2020-05-18,Serbia,114,2,10610,230,496,15,1146,37
2020-05-19,Serbia,89,1,10699,231,523,13,1142,34
2020-05-20,Serbia,34,3,10733,234,490,14,1056,34
2020-05-21,Serbia,100,1,10833,235,538,13,1042,32
2020-05-22,Serbia,86,2,10919,237,545,13,1071,31
2020-05-23,Serbia,105,0,11024,237,586,12,1081,28
2020-05-24,Serbia,68,1,11092,238,596,10,1060,25
2020-05-25,Serbia,67,0,11159,238,549,8,1045,23
2020-05-26,Serbia,34,1,11193,239,494,8,1017,21
2020-05-27,Serbia,34,0,11227,239,494,5,984,19
2020-05-28,Serbia,48,1,11275,240,442,5,980,18
2020-05-29,Serbia,25,1,11300,241,381,4,926,17
2020-05-30,Serbia,54,1,11354,242,330,5,916,17
2020-05-31,Serbia,27,0,11381,242,289,4,885,14
2020-06-01,Serbia,31,1,11412,243,253,5,802,13
2020-06-02,Serbia,18,1,11430,244,237,5,731,13
2020-06-03,Serbia,24,1,11454,245,227,6,721,11
2020-06-04,Serbia,69,0,11523,245,248,5,690,10
2020-06-05,Serbia,48,1,11571,246,271,5,652,9
2020-06-06,Serbia,96,1,11667,247,313,5,643,10
2020-06-07,Serbia,74,1,11741,248,360,6,649,10
2020-06-08,Serbia,82,1,11823,249,411,6,664,11
2020-06-09,Serbia,73,1,11896,250,466,6,703,11
2020-06-10,Serbia,69,0,11965,250,511,5,738,11
2020-06-11,Serbia,66,1,12031,251,508,6,756,11
2020-06-12,Serbia,71,1,12102,252,531,6,802,11
2020-06-13,Serbia,73,0,12175,252,508,5,821,10
2020-06-14,Serbia,76,1,12251,253,510,5,870,11
2020-06-15,Serbia,59,1,12310,254,487,5,898,11
2020-06-16,Serbia,57,1,12367,255,471,5,937,11
2020-06-17,Serbia,59,1,12426,256,461,6,972,11
2020-06-18,Serbia,96,1,12522,257,491,6,999,12
2020-06-19,Serbia,94,1,12616,258,514,6,1045,12
2020-06-20,Serbia,93,1,12709,259,534,7,1042,12
2020-06-21,Serbia,94,1,12803,260,552,7,1062,12
2020-06-22,Serbia,91,1,12894,261,584,7,1071,12
2020-06-23,Serbia,96,1,12990,262,623,7,1094,12
2020-06-24,Serbia,102,1,13092,263,666,7,1127,13
2020-06-25,Serbia,143,0,13235,263,713,6,1204,12
2020-06-26,Serbia,137,1,13372,264,756,6,1270,12
2020-06-27,Serbia,193,1,13565,265,856,6,1390,13
2020-06-28,Serbia,227,2,13792,267,989,7,1541,14
2020-06-29,Serbia,254,3,14046,270,1152,9,1736,16
2020-06-30,Serbia,242,4,14288,274,1298,12,1921,19
2020-07-01,Serbia,276,3,14564,277,1472,14,2138,21
2020-07-02,Serbia,272,4,14836,281,1601,18,2314,24
2020-07-03,Serbia,359,6,15195,287,1823,23,2579,29
2020-07-04,Serbia,309,11,15504,298,1939,33,2795,39
2020-07-05,Serbia,325,8,15829,306,2037,39,3026,46
2020-07-06,Serbia,302,5,16131,311,2085,41,3237,50
2020-07-07,Serbia,289,6,16420,317,2132,43,3430,55
2020-07-08,Serbia,299,13,16719,330,2155,53,3627,67
2020-07-09,Serbia,357,11,17076,341,2240,60,3841,78
2020-07-10,Serbia,266,11,17342,352,2147,65,3970,88
2020-07-11,Serbia,386,18,17728,370,2224,72,4163,105
2020-07-12,Serbia,345,12,18073,382,2244,76,4281,115
2020-07-13,Serbia,287,11,18360,393,2229,82,4314,123
2020-07-14,Serbia,279,12,18639,405,2219,88,4351,131
2020-07-15,Serbia,344,13,18983,418,2264,88,4419,141
2020-07-16,Serbia,351,11,19334,429,2258,88,4498,148
2020-07-17,Serbia,383,13,19717,442,2375,90,4522,155
2020-07-18,Serbia,392,10,20109,452,2381,82,4605,154
2020-07-19,Serbia,389,9,20498,461,2425,79,4669,155
2020-07-20,Serbia,396,11,20894,472,2534,79,4763,161
2020-07-21,Serbia,359,10,21253,482,2614,77,4833,165
2020-07-22,Serbia,352,9,21605,491,2622,73,4886,161
2020-07-23,Serbia,426,8,22031,499,2697,70,4955,158
2020-07-24,Serbia,412,9,22443,508,2726,66,5101,156
2020-07-25,Serbia,409,10,22852,518,2743,66,5124,148
2020-07-26,Serbia,411,8,23263,526,2765,65,5190,144
2020-07-27,Serbia,467,8,23730,534,2836,62,5370,141
2020-07-28,Serbia,411,9,24141,543,2888,61,5502,138
2020-07-29,Serbia,379,8,24520,551,2915,60,5537,133
2020-07-30,Serbia,372,7,24892,558,2861,59,5558,129
2020-07-31,Serbia,321,7,25213,565,2770,57,5496,123
2020-08-01,Serbia,339,8,25552,573,2700,55,5443,121
2020-08-02,Serbia,330,9,25882,582,2619,56,5384,121
2020-08-03,Serbia,311,8,26193,590,2463,56,5299,118
2020-08-04,Serbia,258,8,26451,598,2310,55,5198,116
2020-08-05,Serbia,287,7,26738,605,2218,54,5133,114
2020-08-06,Serbia,295,9,27033,614,2141,56,5002,115
2020-08-07,Serbia,299,7,27332,621,2119,56,4889,113
2020-08-08,Serbia,276,5,27608,626,2056,53,4756,108
2020-08-09,Serbia,255,6,27863,632,1981,50,4600,106
2020-08-10,Serbia,236,9,28099,641,1906,51,4369,107
2020-08-11,Serbia,163,5,28262,646,1811,48,4121,103
2020-08-12,Serbia,235,6,28497,652,1759,47,3977,101
2020-08-13,Serbia,254,6,28751,658,1718,44,3859,100
2020-08-14,Serbia,247,3,28998,661,1666,40,3785,96
2020-08-15,Serbia,235,4,29233,665,1625,39,3681,92
2020-08-16,Serbia,238,5,29471,670,1608,38,3589,88
2020-08-17,Serbia,211,4,29682,674,1583,33,3489,84
2020-08-18,Serbia,100,3,29782,677,1520,31,3331,79
2020-08-19,Serbia,108,4,29890,681,1393,29,3152,76
2020-08-20,Serbia,158,3,30048,684,1297,26,3015,70
2020-08-21,Serbia,161,5,30209,689,1211,28,2877,68
2020-08-22,Serbia,169,3,30378,692,1145,27,2770,66
2020-08-23,Serbia,170,3,30548,695,1077,25,2685,63
2020-08-24,Serbia,109,3,30657,698,975,24,2558,57
2020-08-25,Serbia,57,3,30714,701,932,24,2452,55
2020-08-26,Serbia,106,4,30820,705,930,24,2323,53
2020-08-27,Serbia,154,2,30974,707,926,23,2223,49
2020-08-28,Serbia,125,0,31099,707,890,18,2101,46
2020-08-29,Serbia,108,2,31207,709,829,17,1974,44
2020-08-30,Serbia,75,1,31282,710,734,15,1811,40
2020-08-31,Serbia,83,1,31365,711,708,13,1683,37
2020-04-01,Seychelles,0,0,10,0,3,0,6,0
2020-04-02,Seychelles,0,0,10,0,3,0,4,0
2020-04-03,Seychelles,0,0,10,0,3,0,4,0
2020-04-04,Seychelles,0,0,10,0,3,0,3,0
2020-04-05,Seychelles,0,0,10,0,3,0,3,0
2020-04-06,Seychelles,0,0,10,0,2,0,3,0
2020-04-07,Seychelles,0,0,10,0,0,0,3,0
2020-04-08,Seychelles,0,0,10,0,0,0,3,0
2020-04-09,Seychelles,0,0,10,0,0,0,3,0
2020-04-10,Seychelles,0,0,10,0,0,0,3,0
2020-04-11,Seychelles,0,0,10,0,0,0,3,0
2020-04-12,Seychelles,0,0,10,0,0,0,3,0
2020-04-13,Seychelles,0,0,10,0,0,0,2,0
2020-04-14,Seychelles,0,0,10,0,0,0,0,0
2020-04-15,Seychelles,1,0,11,0,1,0,1,0
2020-04-16,Seychelles,0,0,11,0,1,0,1,0
2020-04-17,Seychelles,0,0,11,0,1,0,1,0
2020-04-18,Seychelles,0,0,11,0,1,0,1,0
2020-04-19,Seychelles,0,0,11,0,1,0,1,0
2020-04-20,Seychelles,0,0,11,0,1,0,1,0
2020-04-21,Seychelles,0,0,11,0,1,0,1,0
2020-04-22,Seychelles,0,0,11,0,0,0,1,0
2020-04-23,Seychelles,0,0,11,0,0,0,1,0
2020-04-24,Seychelles,0,0,11,0,0,0,1,0
2020-04-25,Seychelles,0,0,11,0,0,0,1,0
2020-04-26,Seychelles,0,0,11,0,0,0,1,0
2020-04-27,Seychelles,0,0,11,0,0,0,1,0
2020-04-28,Seychelles,0,0,11,0,0,0,1,0
2020-04-29,Seychelles,0,0,11,0,0,0,0,0
2020-04-30,Seychelles,0,0,11,0,0,0,0,0
2020-05-01,Seychelles,0,0,11,0,0,0,0,0
2020-05-02,Seychelles,0,0,11,0,0,0,0,0
2020-05-03,Seychelles,0,0,11,0,0,0,0,0
2020-05-04,Seychelles,0,0,11,0,0,0,0,0
2020-05-05,Seychelles,0,0,11,0,0,0,0,0
2020-05-06,Seychelles,0,0,11,0,0,0,0,0
2020-05-07,Seychelles,0,0,11,0,0,0,0,0
2020-05-08,Seychelles,0,0,11,0,0,0,0,0
2020-05-09,Seychelles,0,0,11,0,0,0,0,0
2020-05-10,Seychelles,0,0,11,0,0,0,0,0
2020-05-11,Seychelles,0,0,11,0,0,0,0,0
2020-05-12,Seychelles,0,0,11,0,0,0,0,0
2020-05-13,Seychelles,0,0,11,0,0,0,0,0
2020-05-14,Seychelles,0,0,11,0,0,0,0,0
2020-05-15,Seychelles,0,0,11,0,0,0,0,0
2020-05-16,Seychelles,0,0,11,0,0,0,0,0
2020-05-17,Seychelles,0,0,11,0,0,0,0,0
2020-05-18,Seychelles,0,0,11,0,0,0,0,0
2020-05-19,Seychelles,0,0,11,0,0,0,0,0
2020-05-20,Seychelles,0,0,11,0,0,0,0,0
2020-05-21,Seychelles,0,0,11,0,0,0,0,0
2020-05-22,Seychelles,0,0,11,0,0,0,0,0
2020-05-23,Seychelles,0,0,11,0,0,0,0,0
2020-05-24,Seychelles,0,0,11,0,0,0,0,0
2020-05-25,Seychelles,0,0,11,0,0,0,0,0
2020-05-26,Seychelles,0,0,11,0,0,0,0,0
2020-05-27,Seychelles,0,0,11,0,0,0,0,0
2020-05-28,Seychelles,0,0,11,0,0,0,0,0
2020-05-29,Seychelles,0,0,11,0,0,0,0,0
2020-05-30,Seychelles,0,0,11,0,0,0,0,0
2020-05-31,Seychelles,0,0,11,0,0,0,0,0
2020-06-01,Seychelles,0,0,11,0,0,0,0,0
2020-06-02,Seychelles,0,0,11,0,0,0,0,0
2020-06-03,Seychelles,0,0,11,0,0,0,0,0
2020-06-04,Seychelles,0,0,11,0,0,0,0,0
2020-06-05,Seychelles,0,0,11,0,0,0,0,0
2020-06-06,Seychelles,0,0,11,0,0,0,0,0
2020-06-07,Seychelles,0,0,11,0,0,0,0,0
2020-06-08,Seychelles,0,0,11,0,0,0,0,0
2020-06-09,Seychelles,0,0,11,0,0,0,0,0
2020-06-10,Seychelles,0,0,11,0,0,0,0,0
2020-06-11,Seychelles,0,0,11,0,0,0,0,0
2020-06-12,Seychelles,0,0,11,0,0,0,0,0
2020-06-13,Seychelles,0,0,11,0,0,0,0,0
2020-06-14,Seychelles,0,0,11,0,0,0,0,0
2020-06-15,Seychelles,0,0,11,0,0,0,0,0
2020-06-16,Seychelles,0,0,11,0,0,0,0,0
2020-06-17,Seychelles,0,0,11,0,0,0,0,0
2020-06-18,Seychelles,0,0,11,0,0,0,0,0
2020-06-19,Seychelles,0,0,11,0,0,0,0,0
2020-06-20,Seychelles,0,0,11,0,0,0,0,0
2020-06-21,Seychelles,0,0,11,0,0,0,0,0
2020-06-22,Seychelles,0,0,11,0,0,0,0,0
2020-06-23,Seychelles,0,0,11,0,0,0,0,0
2020-06-24,Seychelles,0,0,11,0,0,0,0,0
2020-06-25,Seychelles,0,0,11,0,0,0,0,0
2020-06-26,Seychelles,0,0,11,0,0,0,0,0
2020-06-27,Seychelles,0,0,11,0,0,0,0,0
2020-06-28,Seychelles,0,0,11,0,0,0,0,0
2020-06-29,Seychelles,0,0,11,0,0,0,0,0
2020-06-30,Seychelles,0,0,11,0,0,0,0,0
2020-07-01,Seychelles,0,0,11,0,0,0,0,0
2020-07-02,Seychelles,0,0,11,0,0,0,0,0
2020-07-03,Seychelles,0,0,11,0,0,0,0,0
2020-07-04,Seychelles,0,0,11,0,0,0,0,0
2020-07-05,Seychelles,0,0,11,0,0,0,0,0
2020-07-06,Seychelles,0,0,11,0,0,0,0,0
2020-07-07,Seychelles,70,0,81,0,70,0,70,0
2020-07-08,Seychelles,0,0,81,0,70,0,70,0
2020-07-09,Seychelles,10,0,91,0,80,0,80,0
2020-07-10,Seychelles,3,0,94,0,83,0,83,0
2020-07-11,Seychelles,6,0,100,0,89,0,89,0
2020-07-12,Seychelles,0,0,100,0,89,0,89,0
2020-07-13,Seychelles,0,0,100,0,89,0,89,0
2020-07-14,Seychelles,0,0,100,0,19,0,89,0
2020-07-15,Seychelles,0,0,100,0,19,0,89,0
2020-07-16,Seychelles,0,0,100,0,9,0,89,0
2020-07-17,Seychelles,0,0,100,0,6,0,89,0
2020-07-18,Seychelles,0,0,100,0,0,0,89,0
2020-07-19,Seychelles,0,0,100,0,0,0,89,0
2020-07-20,Seychelles,0,0,100,0,0,0,89,0
2020-07-21,Seychelles,8,0,108,0,8,0,27,0
2020-07-22,Seychelles,6,0,114,0,14,0,33,0
2020-07-23,Seychelles,0,0,114,0,14,0,23,0
2020-07-24,Seychelles,0,0,114,0,14,0,20,0
2020-07-25,Seychelles,0,0,114,0,14,0,14,0
2020-07-26,Seychelles,0,0,114,0,14,0,14,0
2020-07-27,Seychelles,0,0,114,0,14,0,14,0
2020-07-28,Seychelles,0,0,114,0,6,0,14,0
2020-07-29,Seychelles,0,0,114,0,0,0,14,0
2020-07-30,Seychelles,0,0,114,0,0,0,14,0
2020-07-31,Seychelles,0,0,114,0,0,0,14,0
2020-08-01,Seychelles,0,0,114,0,0,0,14,0
2020-08-02,Seychelles,0,0,114,0,0,0,14,0
2020-08-03,Seychelles,0,0,114,0,0,0,14,0
2020-08-04,Seychelles,0,0,114,0,0,0,6,0
2020-08-05,Seychelles,12,0,126,0,12,0,12,0
2020-08-06,Seychelles,0,0,126,0,12,0,12,0
2020-08-07,Seychelles,0,0,126,0,12,0,12,0
2020-08-08,Seychelles,0,0,126,0,12,0,12,0
2020-08-09,Seychelles,0,0,126,0,12,0,12,0
2020-08-10,Seychelles,0,0,126,0,12,0,12,0
2020-08-11,Seychelles,0,0,126,0,12,0,12,0
2020-08-12,Seychelles,1,0,127,0,1,0,13,0
2020-08-13,Seychelles,0,0,127,0,1,0,13,0
2020-08-14,Seychelles,0,0,127,0,1,0,13,0
2020-08-15,Seychelles,0,0,127,0,1,0,13,0
2020-08-16,Seychelles,0,0,127,0,1,0,13,0
2020-08-17,Seychelles,0,0,127,0,1,0,13,0
2020-08-18,Seychelles,0,0,127,0,1,0,13,0
2020-08-19,Seychelles,0,0,127,0,0,0,1,0
2020-08-20,Seychelles,5,0,132,0,5,0,6,0
2020-08-21,Seychelles,0,0,132,0,5,0,6,0
2020-08-22,Seychelles,0,0,132,0,5,0,6,0
2020-08-23,Seychelles,0,0,132,0,5,0,6,0
2020-08-24,Seychelles,0,0,132,0,5,0,6,0
2020-08-25,Seychelles,0,0,132,0,5,0,6,0
2020-08-26,Seychelles,4,0,136,0,9,0,9,0
2020-08-27,Seychelles,0,0,136,0,4,0,9,0
2020-08-28,Seychelles,0,0,136,0,4,0,9,0
2020-08-29,Seychelles,0,0,136,0,4,0,9,0
2020-08-30,Seychelles,0,0,136,0,4,0,9,0
2020-08-31,Seychelles,0,0,136,0,4,0,9,0
2020-04-01,Sierra Leone,1,0,1,0,0,0,0,0
2020-04-02,Sierra Leone,0,0,1,0,0,0,0,0
2020-04-03,Sierra Leone,1,0,2,0,0,0,0,0
2020-04-04,Sierra Leone,0,0,2,0,0,0,0,0
2020-04-05,Sierra Leone,2,0,4,0,0,0,0,0
2020-04-06,Sierra Leone,2,0,6,0,0,0,0,0
2020-04-07,Sierra Leone,0,0,6,0,6,0,0,0
2020-04-08,Sierra Leone,0,0,6,0,5,0,0,0
2020-04-09,Sierra Leone,1,0,7,0,6,0,0,0
2020-04-10,Sierra Leone,0,0,7,0,5,0,0,0
2020-04-11,Sierra Leone,1,0,8,0,6,0,0,0
2020-04-12,Sierra Leone,2,0,10,0,6,0,0,0
2020-04-13,Sierra Leone,0,0,10,0,4,0,0,0
2020-04-14,Sierra Leone,1,0,11,0,5,0,11,0
2020-04-15,Sierra Leone,0,0,11,0,5,0,10,0
2020-04-16,Sierra Leone,2,0,13,0,6,0,12,0
2020-04-17,Sierra Leone,2,0,15,0,8,0,13,0
2020-04-18,Sierra Leone,11,0,26,0,18,0,24,0
2020-04-19,Sierra Leone,4,0,30,0,20,0,26,0
2020-04-20,Sierra Leone,5,0,35,0,25,0,29,0
2020-04-21,Sierra Leone,8,0,43,0,32,0,37,0
2020-04-22,Sierra Leone,7,0,50,0,39,0,44,0
2020-04-23,Sierra Leone,11,0,61,0,48,0,54,0
2020-04-24,Sierra Leone,3,1,64,1,49,1,57,1
2020-04-25,Sierra Leone,18,2,82,3,56,3,74,3
2020-04-26,Sierra Leone,0,0,82,3,52,3,72,3
2020-04-27,Sierra Leone,11,1,93,4,58,4,83,4
2020-04-28,Sierra Leone,6,0,99,4,56,4,88,4
2020-04-29,Sierra Leone,5,0,104,4,54,4,93,4
2020-04-30,Sierra Leone,12,0,116,4,55,4,103,4
2020-05-01,Sierra Leone,8,3,124,7,60,6,109,7
2020-05-02,Sierra Leone,12,0,136,7,54,4,110,7
2020-05-03,Sierra Leone,19,1,155,8,73,5,125,8
2020-05-04,Sierra Leone,2,0,157,8,64,4,122,8
2020-05-05,Sierra Leone,21,1,178,9,79,5,135,9
2020-05-06,Sierra Leone,21,2,199,11,95,7,149,11
2020-05-07,Sierra Leone,26,3,225,14,109,10,164,14
2020-05-08,Sierra Leone,6,2,231,16,107,9,167,15
2020-05-09,Sierra Leone,26,1,257,17,121,10,175,14
2020-05-10,Sierra Leone,34,1,291,18,136,10,209,15
2020-05-11,Sierra Leone,16,0,307,18,150,10,214,14
2020-05-12,Sierra Leone,31,1,338,19,160,10,239,15
2020-05-13,Sierra Leone,0,1,338,20,139,9,234,16
2020-05-14,Sierra Leone,49,1,387,21,162,7,271,17
2020-05-15,Sierra Leone,21,5,408,26,177,10,284,19
2020-05-16,Sierra Leone,39,1,447,27,190,10,311,20
2020-05-17,Sierra Leone,15,2,462,29,171,11,307,21
2020-05-18,Sierra Leone,43,3,505,32,198,14,348,24
2020-05-19,Sierra Leone,14,1,519,33,181,14,341,24
2020-05-20,Sierra Leone,15,0,534,33,196,13,335,22
2020-05-21,Sierra Leone,36,1,570,34,183,13,345,20
2020-05-22,Sierra Leone,15,1,585,35,177,9,354,19
2020-05-23,Sierra Leone,21,3,606,38,159,11,349,21
2020-05-24,Sierra Leone,15,1,621,39,159,10,330,21
2020-05-25,Sierra Leone,86,1,707,40,202,8,400,22
2020-05-26,Sierra Leone,28,2,735,42,216,9,397,23
2020-05-27,Sierra Leone,19,2,754,44,220,11,416,24
2020-05-28,Sierra Leone,28,1,782,45,212,11,395,24
2020-05-29,Sierra Leone,30,0,812,45,227,10,404,19
2020-05-30,Sierra Leone,17,0,829,45,223,7,382,18
2020-05-31,Sierra Leone,23,1,852,46,231,7,390,17
2020-06-01,Sierra Leone,9,0,861,46,154,6,356,14
2020-06-02,Sierra Leone,0,0,861,46,126,4,342,13
2020-06-03,Sierra Leone,35,0,896,46,142,2,362,13
2020-06-04,Sierra Leone,13,1,909,47,127,2,339,13
2020-06-05,Sierra Leone,5,0,914,47,102,2,329,12
2020-06-06,Sierra Leone,15,0,929,47,100,2,323,9
2020-06-07,Sierra Leone,17,1,946,48,94,2,325,9
2020-06-08,Sierra Leone,23,0,969,48,108,2,262,8
2020-06-09,Sierra Leone,32,1,1001,49,140,3,266,7
2020-06-10,Sierra Leone,24,1,1025,50,129,4,271,6
2020-06-11,Sierra Leone,37,0,1062,50,153,3,280,5
2020-06-12,Sierra Leone,23,0,1085,50,171,3,273,5
2020-06-13,Sierra Leone,18,1,1103,51,174,4,274,6
2020-06-14,Sierra Leone,29,0,1132,51,186,3,280,5
2020-06-15,Sierra Leone,37,0,1169,51,200,3,308,5
2020-06-16,Sierra Leone,7,0,1176,51,175,2,315,5
2020-06-17,Sierra Leone,49,0,1225,51,200,1,329,5
2020-06-18,Sierra Leone,24,0,1249,51,187,1,340,4
2020-06-19,Sierra Leone,23,0,1272,51,187,1,358,4
2020-06-20,Sierra Leone,26,2,1298,53,195,2,369,6
2020-06-21,Sierra Leone,11,0,1309,53,177,2,363,5
2020-06-22,Sierra Leone,18,2,1327,55,158,4,358,7
2020-06-23,Sierra Leone,13,0,1340,55,164,4,339,6
2020-06-24,Sierra Leone,7,0,1347,55,122,4,322,5
2020-06-25,Sierra Leone,7,1,1354,56,105,5,292,6
2020-06-26,Sierra Leone,27,0,1381,56,109,5,296,6
2020-06-27,Sierra Leone,13,3,1394,59,96,6,291,8
2020-06-28,Sierra Leone,16,0,1410,59,101,6,278,8
2020-06-29,Sierra Leone,17,1,1427,60,100,5,258,9
2020-06-30,Sierra Leone,23,0,1450,60,110,5,274,9
2020-07-01,Sierra Leone,12,0,1462,60,115,5,237,9
2020-07-02,Sierra Leone,36,0,1498,60,144,4,249,9
2020-07-03,Sierra Leone,20,0,1518,60,137,4,246,9
2020-07-04,Sierra Leone,6,2,1524,62,130,3,226,9
2020-07-05,Sierra Leone,9,0,1533,62,123,3,224,9
2020-07-06,Sierra Leone,9,0,1542,62,115,2,215,7
2020-07-07,Sierra Leone,0,0,1542,62,92,2,202,7
2020-07-08,Sierra Leone,30,1,1572,63,110,3,225,8
2020-07-09,Sierra Leone,12,0,1584,63,86,3,230,7
2020-07-10,Sierra Leone,14,0,1598,63,80,3,217,7
2020-07-11,Sierra Leone,15,0,1613,63,89,1,219,4
2020-07-12,Sierra Leone,5,0,1618,63,85,1,208,4
2020-07-13,Sierra Leone,17,0,1635,63,93,1,208,3
2020-07-14,Sierra Leone,7,0,1642,63,100,1,192,3
2020-07-15,Sierra Leone,9,1,1651,64,79,1,189,4
2020-07-16,Sierra Leone,17,0,1668,64,84,1,170,4
2020-07-17,Sierra Leone,10,0,1678,64,80,1,160,4
2020-07-18,Sierra Leone,10,1,1688,65,75,2,164,3
2020-07-19,Sierra Leone,13,0,1701,65,83,2,168,3
2020-07-20,Sierra Leone,10,0,1711,65,76,2,169,3
2020-07-21,Sierra Leone,0,1,1711,66,69,3,169,4
2020-07-22,Sierra Leone,16,0,1727,66,76,2,155,3
2020-07-23,Sierra Leone,4,0,1731,66,63,2,147,3
2020-07-24,Sierra Leone,21,0,1752,66,74,2,154,3
2020-07-25,Sierra Leone,0,0,1752,66,64,1,139,3
2020-07-26,Sierra Leone,16,0,1768,66,67,1,150,3
2020-07-27,Sierra Leone,15,0,1783,66,72,1,148,3
2020-07-28,Sierra Leone,0,0,1783,66,72,0,141,3
2020-07-29,Sierra Leone,3,0,1786,66,59,0,135,2
2020-07-30,Sierra Leone,17,1,1803,67,72,1,135,3
2020-07-31,Sierra Leone,15,0,1818,67,66,1,140,3
2020-08-01,Sierra Leone,0,0,1818,67,66,1,130,2
2020-08-02,Sierra Leone,5,0,1823,67,55,1,122,2
2020-08-03,Sierra Leone,20,0,1843,67,60,1,132,2
2020-08-04,Sierra Leone,5,0,1848,67,65,1,137,1
2020-08-05,Sierra Leone,7,0,1855,67,69,1,128,1
2020-08-06,Sierra Leone,5,0,1860,67,57,0,129,1
2020-08-07,Sierra Leone,17,1,1877,68,59,1,125,2
2020-08-08,Sierra Leone,10,0,1887,68,69,1,135,2
2020-08-09,Sierra Leone,8,0,1895,68,72,1,127,2
2020-08-10,Sierra Leone,21,0,1916,68,73,1,133,2
2020-08-11,Sierra Leone,1,1,1917,69,69,2,134,3
2020-08-12,Sierra Leone,15,0,1932,69,77,2,146,3
2020-08-13,Sierra Leone,5,0,1937,69,77,2,134,2
2020-08-14,Sierra Leone,3,0,1940,69,63,1,122,2
2020-08-15,Sierra Leone,7,0,1947,69,60,1,129,2
2020-08-16,Sierra Leone,7,0,1954,69,59,1,131,2
2020-08-17,Sierra Leone,2,0,1956,69,40,1,113,2
2020-08-18,Sierra Leone,0,0,1956,69,39,0,108,2
2020-08-19,Sierra Leone,3,0,1959,69,27,0,104,2
2020-08-20,Sierra Leone,2,0,1961,69,24,0,101,2
2020-08-21,Sierra Leone,8,0,1969,69,29,0,92,1
2020-08-22,Sierra Leone,3,0,1972,69,25,0,85,1
2020-08-23,Sierra Leone,8,0,1980,69,26,0,85,1
2020-08-24,Sierra Leone,12,0,1992,69,36,0,76,1
2020-08-25,Sierra Leone,5,0,1997,69,41,0,80,0
2020-08-26,Sierra Leone,4,0,2001,69,42,0,69,0
2020-08-27,Sierra Leone,2,0,2003,69,42,0,66,0
2020-08-28,Sierra Leone,10,1,2013,70,44,1,73,1
2020-08-29,Sierra Leone,0,0,2013,70,41,1,66,1
2020-08-30,Sierra Leone,6,0,2019,70,39,1,65,1
2020-08-31,Sierra Leone,3,0,2022,70,30,1,66,1
2020-04-01,Singapore,35,0,879,3,321,1,613,3
2020-04-02,Singapore,121,1,1000,4,432,2,687,4
2020-04-03,Singapore,49,1,1049,5,455,3,704,5
2020-04-04,Singapore,65,0,1114,5,382,3,729,5
2020-04-05,Singapore,75,1,1189,6,386,3,757,4
2020-04-06,Singapore,120,0,1309,6,465,3,854,4
2020-04-07,Singapore,66,0,1375,6,531,3,866,4
2020-04-08,Singapore,106,0,1481,6,602,3,923,4
2020-04-09,Singapore,142,0,1623,6,623,2,1055,4
2020-04-10,Singapore,286,0,1909,6,860,1,1315,4
2020-04-11,Singapore,0,0,1909,6,795,1,1177,4
2020-04-12,Singapore,390,2,2299,8,1110,2,1496,5
2020-04-13,Singapore,233,0,2532,8,1223,2,1688,5
2020-04-14,Singapore,386,1,2918,9,1543,3,2074,6
2020-04-15,Singapore,334,1,3252,10,1771,4,2373,7
2020-04-16,Singapore,447,0,3699,10,2076,4,2699,6
2020-04-17,Singapore,728,0,4427,10,2518,4,3378,5
2020-04-18,Singapore,623,1,5050,11,3141,5,3936,6
2020-04-19,Singapore,942,0,5992,11,3693,3,4803,5
2020-04-20,Singapore,596,0,6588,11,4056,3,5279,5
2020-04-21,Singapore,1426,0,8014,11,5096,2,6639,5
2020-04-22,Singapore,1111,0,9125,11,5873,1,7644,5
2020-04-23,Singapore,1016,1,10141,12,6442,2,8518,6
2020-04-24,Singapore,1037,0,11178,12,6751,2,9269,6
2020-04-25,Singapore,897,0,12075,12,7025,1,10166,6
2020-04-26,Singapore,618,0,12693,12,6701,1,10394,4
2020-04-27,Singapore,931,0,13624,12,7036,1,11092,4
2020-04-28,Singapore,799,2,14423,14,6409,3,11505,5
2020-04-29,Singapore,528,0,14951,14,5826,3,11699,4
2020-04-30,Singapore,690,0,15641,14,5500,2,11942,4
2020-05-01,Singapore,528,1,16169,15,4991,3,11742,5
2020-05-02,Singapore,932,1,17101,16,5026,4,12051,5
2020-05-03,Singapore,447,1,17548,17,4855,5,11556,6
2020-05-04,Singapore,657,1,18205,18,4581,6,11617,7
2020-05-05,Singapore,573,0,18778,18,4355,4,10764,7
2020-05-06,Singapore,632,0,19410,18,4459,4,10285,7
2020-05-07,Singapore,788,2,20198,20,4557,6,10057,8
2020-05-08,Singapore,741,0,20939,20,4770,5,9761,8
2020-05-09,Singapore,768,0,21707,20,4606,4,9632,8
2020-05-10,Singapore,753,0,22460,20,4912,3,9767,8
2020-05-11,Singapore,876,0,23336,20,5131,2,9712,8
2020-05-12,Singapore,451,1,23787,21,5009,3,9364,7
2020-05-13,Singapore,884,0,24671,21,5261,3,9720,7
2020-05-14,Singapore,675,0,25346,21,5148,1,9705,7
2020-05-15,Singapore,752,0,26098,21,5159,1,9929,6
2020-05-16,Singapore,793,0,26891,21,5184,1,9790,5
2020-05-17,Singapore,465,1,27356,22,4896,2,9808,5
2020-05-18,Singapore,682,0,28038,22,4702,2,9833,4
2020-05-19,Singapore,305,0,28343,22,4556,1,9565,4
2020-05-20,Singapore,451,0,28794,22,4123,1,9384,4
2020-05-21,Singapore,570,0,29364,22,4018,1,9166,2
2020-05-22,Singapore,448,1,29812,23,3714,2,8873,3
2020-05-23,Singapore,614,0,30426,23,3535,2,8719,3
2020-05-24,Singapore,642,0,31068,23,3712,1,8608,3
2020-05-25,Singapore,548,0,31616,23,3578,1,8280,3
2020-05-26,Singapore,344,0,31960,23,3617,1,8173,2
2020-05-27,Singapore,383,0,32343,23,3549,1,7672,2
2020-05-28,Singapore,533,0,32876,23,3512,1,7530,2
2020-05-29,Singapore,373,0,33249,23,3437,0,7151,2
2020-05-30,Singapore,611,0,33860,23,3434,0,6969,2
2020-05-31,Singapore,506,0,34366,23,3298,0,7010,1
2020-06-01,Singapore,518,0,34884,23,3268,0,6846,1
2020-06-02,Singapore,408,1,35292,24,3332,1,6949,2
2020-06-03,Singapore,544,0,35836,24,3493,1,7042,2
2020-06-04,Singapore,569,0,36405,24,3529,1,7041,2
2020-06-05,Singapore,517,0,36922,24,3673,1,7110,1
2020-06-06,Singapore,261,0,37183,24,3323,1,6757,1
2020-06-07,Singapore,344,1,37527,25,3161,2,6459,2
2020-06-08,Singapore,383,0,37910,25,3026,2,6294,2
2020-06-09,Singapore,386,0,38296,25,3004,1,6336,2
2020-06-10,Singapore,218,0,38514,25,2678,1,6171,2
2020-06-11,Singapore,451,0,38965,25,2560,1,6089,2
2020-06-12,Singapore,422,0,39387,25,2465,1,6138,2
2020-06-13,Singapore,463,0,39850,25,2667,1,5990,2
2020-06-14,Singapore,347,1,40197,26,2670,1,5831,3
2020-06-15,Singapore,407,0,40604,26,2694,1,5720,3
2020-06-16,Singapore,214,0,40818,26,2522,1,5526,2
2020-06-17,Singapore,151,0,40969,26,2455,1,5133,2
2020-06-18,Singapore,247,0,41216,26,2251,1,4811,2
2020-06-19,Singapore,257,0,41473,26,2086,1,4551,2
2020-06-20,Singapore,142,0,41615,26,1765,1,4432,2
2020-06-21,Singapore,218,0,41833,26,1636,0,4306,1
2020-06-22,Singapore,262,0,42095,26,1491,0,4185,1
2020-06-23,Singapore,218,0,42313,26,1495,0,4017,1
2020-06-24,Singapore,119,0,42432,26,1463,0,3918,1
2020-06-25,Singapore,191,0,42623,26,1407,0,3658,1
2020-06-26,Singapore,113,0,42736,26,1263,0,3349,1
2020-06-27,Singapore,219,0,42955,26,1340,0,3105,1
2020-06-28,Singapore,291,0,43246,26,1413,0,3049,0
2020-06-29,Singapore,213,0,43459,26,1364,0,2855,0
2020-06-30,Singapore,202,0,43661,26,1348,0,2843,0
2020-07-01,Singapore,246,0,43907,26,1475,0,2938,0
2020-07-02,Singapore,215,0,44122,26,1499,0,2906,0
2020-07-03,Singapore,188,0,44310,26,1574,0,2837,0
2020-07-04,Singapore,169,0,44479,26,1524,0,2864,0
2020-07-05,Singapore,185,0,44664,26,1418,0,2831,0
2020-07-06,Singapore,0,0,44664,26,1205,0,2569,0
2020-07-07,Singapore,319,0,44983,26,1322,0,2670,0
2020-07-08,Singapore,157,0,45140,26,1233,0,2708,0
2020-07-09,Singapore,158,0,45298,26,1176,0,2675,0
2020-07-10,Singapore,124,0,45422,26,1112,0,2686,0
2020-07-11,Singapore,191,0,45613,26,1134,0,2658,0
2020-07-12,Singapore,170,0,45783,26,1119,0,2537,0
2020-07-13,Singapore,178,0,45961,26,1297,0,2502,0
2020-07-14,Singapore,322,0,46283,26,1300,0,2622,0
2020-07-15,Singapore,346,1,46629,27,1489,1,2722,1
2020-07-16,Singapore,249,0,46878,27,1580,1,2756,1
2020-07-17,Singapore,248,0,47126,27,1704,1,2816,1
2020-07-18,Singapore,327,0,47453,27,1840,1,2974,1
2020-07-19,Singapore,202,0,47655,27,1872,1,2991,1
2020-07-20,Singapore,257,0,47912,27,1951,1,3248,1
2020-07-21,Singapore,123,0,48035,27,1752,1,3052,1
2020-07-22,Singapore,399,0,48434,27,1805,0,3294,1
2020-07-23,Singapore,310,0,48744,27,1866,0,3446,1
2020-07-24,Singapore,354,0,49098,27,1972,0,3676,1
2020-07-25,Singapore,277,0,49375,27,1922,0,3762,1
2020-07-26,Singapore,513,0,49888,27,2233,0,4105,1
2020-07-27,Singapore,481,0,50369,27,2457,0,4408,1
2020-07-28,Singapore,469,0,50838,27,2803,0,4555,1
2020-07-29,Singapore,359,0,51197,27,2763,0,4568,0
2020-07-30,Singapore,334,0,51531,27,2787,0,4653,0
2020-07-31,Singapore,278,0,51809,27,2711,0,4683,0
2020-08-01,Singapore,396,0,52205,27,2830,0,4752,0
2020-08-02,Singapore,307,0,52512,27,2624,0,4857,0
2020-08-03,Singapore,313,0,52825,27,2456,0,4913,0
2020-08-04,Singapore,226,0,53051,27,2213,0,5016,0
2020-08-05,Singapore,295,0,53346,27,2149,0,4912,0
2020-08-06,Singapore,908,0,54254,27,2723,0,5510,0
2020-08-07,Singapore,301,0,54555,27,2746,0,5457,0
2020-08-08,Singapore,242,0,54797,27,2592,0,5422,0
2020-08-09,Singapore,132,0,54929,27,2417,0,5041,0
2020-08-10,Singapore,175,0,55104,27,2279,0,4735,0
2020-08-11,Singapore,188,0,55292,27,2241,0,4454,0
2020-08-12,Singapore,61,0,55353,27,2007,0,4156,0
2020-08-13,Singapore,42,0,55395,27,1141,0,3864,0
2020-08-14,Singapore,102,0,55497,27,942,0,3688,0
2020-08-15,Singapore,83,0,55580,27,783,0,3375,0
2020-08-16,Singapore,81,0,55661,27,732,0,3149,0
2020-08-17,Singapore,86,0,55747,27,643,0,2922,0
2020-08-18,Singapore,91,0,55838,27,546,0,2787,0
2020-08-19,Singapore,100,0,55938,27,585,0,2592,0
2020-08-20,Singapore,93,0,56031,27,636,0,1777,0
2020-08-21,Singapore,68,0,56099,27,602,0,1544,0
2020-08-22,Singapore,117,0,56216,27,636,0,1419,0
2020-08-23,Singapore,50,0,56266,27,605,0,1337,0
2020-08-24,Singapore,87,0,56353,27,606,0,1249,0
2020-08-25,Singapore,51,0,56404,27,566,0,1112,0
2020-08-26,Singapore,31,0,56435,27,497,0,1082,0
2020-08-27,Singapore,60,0,56495,27,464,0,1100,0
2020-08-28,Singapore,77,0,56572,27,473,0,1075,0
2020-08-29,Singapore,94,0,56666,27,450,0,1086,0
2020-08-30,Singapore,51,0,56717,27,451,0,1056,0
2020-08-31,Singapore,54,0,56771,27,418,0,1024,0
2020-04-01,Sint Maarten (Dutch part),3,0,6,0,5,0,5,0
2020-04-02,Sint Maarten (Dutch part),10,1,16,1,14,1,15,1
2020-04-03,Sint Maarten (Dutch part),7,1,23,2,21,2,22,2
2020-04-04,Sint Maarten (Dutch part),0,0,23,2,20,2,22,2
2020-04-05,Sint Maarten (Dutch part),0,0,23,2,20,2,22,2
2020-04-06,Sint Maarten (Dutch part),2,2,25,4,22,4,24,4
2020-04-07,Sint Maarten (Dutch part),0,0,25,4,22,4,24,4
2020-04-08,Sint Maarten (Dutch part),15,4,40,8,34,8,39,8
2020-04-09,Sint Maarten (Dutch part),0,0,40,8,24,7,38,8
2020-04-10,Sint Maarten (Dutch part),10,0,50,8,27,6,48,8
2020-04-11,Sint Maarten (Dutch part),0,1,50,9,27,7,47,9
2020-04-12,Sint Maarten (Dutch part),0,0,50,9,27,7,47,9
2020-04-13,Sint Maarten (Dutch part),0,0,50,9,25,5,47,9
2020-04-14,Sint Maarten (Dutch part),2,0,52,9,27,5,49,9
2020-04-15,Sint Maarten (Dutch part),0,0,52,9,12,1,46,9
2020-04-16,Sint Maarten (Dutch part),5,0,57,9,17,1,41,8
2020-04-17,Sint Maarten (Dutch part),0,0,57,9,7,1,34,7
2020-04-18,Sint Maarten (Dutch part),0,0,57,9,7,0,34,7
2020-04-19,Sint Maarten (Dutch part),7,0,64,9,14,0,41,7
2020-04-20,Sint Maarten (Dutch part),3,1,67,10,17,1,42,6
2020-04-21,Sint Maarten (Dutch part),1,0,68,10,16,1,43,6
2020-04-22,Sint Maarten (Dutch part),0,0,68,10,16,1,28,2
2020-04-23,Sint Maarten (Dutch part),5,2,73,12,16,3,33,4
2020-04-24,Sint Maarten (Dutch part),0,0,73,12,16,3,23,4
2020-04-25,Sint Maarten (Dutch part),0,0,73,12,16,3,23,3
2020-04-26,Sint Maarten (Dutch part),0,0,73,12,9,3,23,3
2020-04-27,Sint Maarten (Dutch part),1,1,74,13,7,3,24,4
2020-04-28,Sint Maarten (Dutch part),1,0,75,13,7,3,23,4
2020-04-29,Sint Maarten (Dutch part),0,0,75,13,7,3,23,4
2020-04-30,Sint Maarten (Dutch part),1,0,76,13,3,1,19,4
2020-05-01,Sint Maarten (Dutch part),0,0,76,13,3,1,19,4
2020-05-02,Sint Maarten (Dutch part),0,0,76,13,3,1,19,4
2020-05-03,Sint Maarten (Dutch part),0,0,76,13,3,1,12,4
2020-05-04,Sint Maarten (Dutch part),0,0,76,13,2,0,9,3
2020-05-05,Sint Maarten (Dutch part),0,0,76,13,1,0,8,3
2020-05-06,Sint Maarten (Dutch part),0,1,76,14,1,1,8,4
2020-05-07,Sint Maarten (Dutch part),0,0,76,14,0,1,3,2
2020-05-08,Sint Maarten (Dutch part),0,0,76,14,0,1,3,2
2020-05-09,Sint Maarten (Dutch part),0,1,76,15,0,2,3,3
2020-05-10,Sint Maarten (Dutch part),0,0,76,15,0,2,3,3
2020-05-11,Sint Maarten (Dutch part),0,0,76,15,0,2,2,2
2020-05-12,Sint Maarten (Dutch part),0,0,76,15,0,2,1,2
2020-05-13,Sint Maarten (Dutch part),1,0,77,15,1,1,2,2
2020-05-14,Sint Maarten (Dutch part),0,0,77,15,1,1,1,2
2020-05-15,Sint Maarten (Dutch part),0,0,77,15,1,1,1,2
2020-05-16,Sint Maarten (Dutch part),0,0,77,15,1,0,1,2
2020-05-17,Sint Maarten (Dutch part),0,0,77,15,1,0,1,2
2020-05-18,Sint Maarten (Dutch part),0,0,77,15,1,0,1,2
2020-05-19,Sint Maarten (Dutch part),0,0,77,15,1,0,1,2
2020-05-20,Sint Maarten (Dutch part),0,0,77,15,0,0,1,1
2020-05-21,Sint Maarten (Dutch part),0,0,77,15,0,0,1,1
2020-05-22,Sint Maarten (Dutch part),0,0,77,15,0,0,1,1
2020-05-23,Sint Maarten (Dutch part),0,0,77,15,0,0,1,0
2020-05-24,Sint Maarten (Dutch part),0,0,77,15,0,0,1,0
2020-05-25,Sint Maarten (Dutch part),0,0,77,15,0,0,1,0
2020-05-26,Sint Maarten (Dutch part),0,0,77,15,0,0,1,0
2020-05-27,Sint Maarten (Dutch part),0,0,77,15,0,0,0,0
2020-05-28,Sint Maarten (Dutch part),0,0,77,15,0,0,0,0
2020-05-29,Sint Maarten (Dutch part),0,0,77,15,0,0,0,0
2020-05-30,Sint Maarten (Dutch part),0,0,77,15,0,0,0,0
2020-05-31,Sint Maarten (Dutch part),0,0,77,15,0,0,0,0
2020-06-01,Sint Maarten (Dutch part),0,0,77,15,0,0,0,0
2020-06-02,Sint Maarten (Dutch part),0,0,77,15,0,0,0,0
2020-06-03,Sint Maarten (Dutch part),0,0,77,15,0,0,0,0
2020-06-04,Sint Maarten (Dutch part),0,0,77,15,0,0,0,0
2020-06-05,Sint Maarten (Dutch part),0,0,77,15,0,0,0,0
2020-06-06,Sint Maarten (Dutch part),0,0,77,15,0,0,0,0
2020-06-07,Sint Maarten (Dutch part),0,0,77,15,0,0,0,0
2020-06-08,Sint Maarten (Dutch part),0,0,77,15,0,0,0,0
2020-06-09,Sint Maarten (Dutch part),0,0,77,15,0,0,0,0
2020-06-10,Sint Maarten (Dutch part),0,0,77,15,0,0,0,0
2020-06-11,Sint Maarten (Dutch part),0,0,77,15,0,0,0,0
2020-06-12,Sint Maarten (Dutch part),0,0,77,15,0,0,0,0
2020-06-13,Sint Maarten (Dutch part),0,0,77,15,0,0,0,0
2020-06-14,Sint Maarten (Dutch part),0,0,77,15,0,0,0,0
2020-06-15,Sint Maarten (Dutch part),0,0,77,15,0,0,0,0
2020-06-16,Sint Maarten (Dutch part),0,0,77,15,0,0,0,0
2020-06-17,Sint Maarten (Dutch part),0,0,77,15,0,0,0,0
2020-06-18,Sint Maarten (Dutch part),0,0,77,15,0,0,0,0
2020-06-19,Sint Maarten (Dutch part),0,0,77,15,0,0,0,0
2020-06-20,Sint Maarten (Dutch part),0,0,77,15,0,0,0,0
2020-06-21,Sint Maarten (Dutch part),0,0,77,15,0,0,0,0
2020-06-22,Sint Maarten (Dutch part),0,0,77,15,0,0,0,0
2020-06-23,Sint Maarten (Dutch part),0,0,77,15,0,0,0,0
2020-06-24,Sint Maarten (Dutch part),0,0,77,15,0,0,0,0
2020-06-25,Sint Maarten (Dutch part),0,0,77,15,0,0,0,0
2020-06-26,Sint Maarten (Dutch part),0,0,77,15,0,0,0,0
2020-06-27,Sint Maarten (Dutch part),0,0,77,15,0,0,0,0
2020-06-28,Sint Maarten (Dutch part),0,0,77,15,0,0,0,0
2020-06-29,Sint Maarten (Dutch part),0,0,77,15,0,0,0,0
2020-06-30,Sint Maarten (Dutch part),0,0,77,15,0,0,0,0
2020-07-01,Sint Maarten (Dutch part),0,0,77,15,0,0,0,0
2020-07-02,Sint Maarten (Dutch part),0,0,77,15,0,0,0,0
2020-07-03,Sint Maarten (Dutch part),0,0,77,15,0,0,0,0
2020-07-04,Sint Maarten (Dutch part),0,0,77,15,0,0,0,0
2020-07-05,Sint Maarten (Dutch part),1,0,78,15,1,0,1,0
2020-07-06,Sint Maarten (Dutch part),0,0,78,15,1,0,1,0
2020-07-07,Sint Maarten (Dutch part),0,0,78,15,1,0,1,0
2020-07-08,Sint Maarten (Dutch part),0,0,78,15,1,0,1,0
2020-07-09,Sint Maarten (Dutch part),0,0,78,15,1,0,1,0
2020-07-10,Sint Maarten (Dutch part),0,0,78,15,1,0,1,0
2020-07-11,Sint Maarten (Dutch part),0,0,78,15,1,0,1,0
2020-07-12,Sint Maarten (Dutch part),0,0,78,15,0,0,1,0
2020-07-13,Sint Maarten (Dutch part),0,0,78,15,0,0,1,0
2020-07-14,Sint Maarten (Dutch part),0,0,78,15,0,0,1,0
2020-07-15,Sint Maarten (Dutch part),0,0,78,15,0,0,1,0
2020-07-16,Sint Maarten (Dutch part),0,0,78,15,0,0,1,0
2020-07-17,Sint Maarten (Dutch part),1,0,79,15,1,0,2,0
2020-07-18,Sint Maarten (Dutch part),0,0,79,15,1,0,2,0
2020-07-19,Sint Maarten (Dutch part),0,0,79,15,1,0,1,0
2020-07-20,Sint Maarten (Dutch part),0,0,79,15,1,0,1,0
2020-07-21,Sint Maarten (Dutch part),0,0,79,15,1,0,1,0
2020-07-22,Sint Maarten (Dutch part),0,0,79,15,1,0,1,0
2020-07-23,Sint Maarten (Dutch part),2,0,81,15,3,0,3,0
2020-07-24,Sint Maarten (Dutch part),3,0,84,15,5,0,6,0
2020-07-25,Sint Maarten (Dutch part),10,0,94,15,15,0,16,0
2020-07-26,Sint Maarten (Dutch part),0,0,94,15,15,0,16,0
2020-07-27,Sint Maarten (Dutch part),0,0,94,15,15,0,16,0
2020-07-28,Sint Maarten (Dutch part),20,0,114,15,35,0,36,0
2020-07-29,Sint Maarten (Dutch part),7,0,121,15,42,0,43,0
2020-07-30,Sint Maarten (Dutch part),0,0,121,15,40,0,43,0
2020-07-31,Sint Maarten (Dutch part),7,0,128,15,44,0,49,0
2020-08-01,Sint Maarten (Dutch part),0,0,128,15,34,0,49,0
2020-08-02,Sint Maarten (Dutch part),0,0,128,15,34,0,49,0
2020-08-03,Sint Maarten (Dutch part),18,1,146,16,52,1,67,1
2020-08-04,Sint Maarten (Dutch part),4,0,150,16,36,1,71,1
2020-08-05,Sint Maarten (Dutch part),6,0,156,16,35,1,77,1
2020-08-06,Sint Maarten (Dutch part),4,0,160,16,39,1,79,1
2020-08-07,Sint Maarten (Dutch part),16,0,176,16,48,1,92,1
2020-08-08,Sint Maarten (Dutch part),1,1,177,17,49,2,83,2
2020-08-09,Sint Maarten (Dutch part),12,0,189,17,61,2,95,2
2020-08-10,Sint Maarten (Dutch part),0,0,189,17,43,1,95,2
2020-08-11,Sint Maarten (Dutch part),0,0,189,17,39,1,75,2
2020-08-12,Sint Maarten (Dutch part),30,0,219,17,63,1,98,2
2020-08-13,Sint Maarten (Dutch part),29,0,248,17,88,1,127,2
2020-08-14,Sint Maarten (Dutch part),15,0,263,17,87,1,135,2
2020-08-15,Sint Maarten (Dutch part),6,0,269,17,92,0,141,2
2020-08-16,Sint Maarten (Dutch part),31,0,300,17,111,0,172,2
2020-08-17,Sint Maarten (Dutch part),17,0,317,17,128,0,171,1
2020-08-18,Sint Maarten (Dutch part),9,0,326,17,137,0,176,1
2020-08-19,Sint Maarten (Dutch part),0,0,326,17,107,0,170,1
2020-08-20,Sint Maarten (Dutch part),22,0,348,17,100,0,188,1
2020-08-21,Sint Maarten (Dutch part),5,0,353,17,90,0,177,1
2020-08-22,Sint Maarten (Dutch part),0,0,353,17,84,0,176,0
2020-08-23,Sint Maarten (Dutch part),15,0,368,17,68,0,179,0
2020-08-24,Sint Maarten (Dutch part),28,0,396,17,79,0,207,0
2020-08-25,Sint Maarten (Dutch part),12,0,408,17,82,0,219,0
2020-08-26,Sint Maarten (Dutch part),10,0,418,17,92,0,199,0
2020-08-27,Sint Maarten (Dutch part),24,0,442,17,94,0,194,0
2020-08-28,Sint Maarten (Dutch part),2,0,444,17,91,0,181,0
2020-08-29,Sint Maarten (Dutch part),0,0,444,17,91,0,175,0
2020-08-30,Sint Maarten (Dutch part),16,0,460,17,92,0,160,0
2020-08-31,Sint Maarten (Dutch part),3,0,463,17,67,0,146,0
2020-04-01,Slovakia,27,0,363,0,159,0,266,0
2020-04-02,Slovakia,37,0,400,0,184,0,293,0
2020-04-03,Slovakia,26,0,426,0,200,0,303,0
2020-04-04,Slovakia,24,0,450,0,155,0,313,0
2020-04-05,Slovakia,21,0,471,0,176,0,293,0
2020-04-06,Slovakia,14,0,485,0,149,0,300,0
2020-04-07,Slovakia,49,2,534,2,198,2,343,2
2020-04-08,Slovakia,47,0,581,2,218,2,377,2
2020-04-09,Slovakia,101,0,682,2,282,2,466,2
2020-04-10,Slovakia,19,0,701,2,275,2,475,2
2020-04-11,Slovakia,14,0,715,2,265,2,420,2
2020-04-12,Slovakia,13,0,728,2,257,2,433,2
2020-04-13,Slovakia,14,0,742,2,257,2,406,2
2020-04-14,Slovakia,27,0,769,2,235,0,433,2
2020-04-15,Slovakia,66,0,835,2,254,0,472,2
2020-04-16,Slovakia,28,4,863,6,181,4,463,6
2020-04-17,Slovakia,114,2,977,8,276,6,551,8
2020-04-18,Slovakia,72,1,1049,9,334,7,599,9
2020-04-19,Slovakia,40,2,1089,11,361,9,618,11
2020-04-20,Slovakia,72,1,1161,12,419,10,676,12
2020-04-21,Slovakia,12,1,1173,13,404,11,639,11
2020-04-22,Slovakia,26,1,1199,14,364,12,618,12
2020-04-23,Slovakia,45,0,1244,14,381,8,562,12
2020-04-24,Slovakia,81,1,1325,15,348,7,624,13
2020-04-25,Slovakia,35,2,1360,17,311,8,645,15
2020-04-26,Slovakia,13,0,1373,17,284,6,645,15
2020-04-27,Slovakia,6,1,1379,18,218,6,637,16
2020-04-28,Slovakia,2,0,1381,18,208,5,612,16
2020-04-29,Slovakia,3,2,1384,20,185,6,549,18
2020-04-30,Slovakia,7,2,1391,22,147,8,528,16
2020-05-01,Slovakia,5,1,1396,23,71,8,419,15
2020-05-02,Slovakia,7,0,1403,23,43,6,354,14
2020-05-03,Slovakia,4,1,1407,24,34,7,318,13
2020-05-04,Slovakia,1,0,1408,24,29,6,247,12
2020-05-05,Slovakia,5,1,1413,25,32,7,240,12
2020-05-06,Slovakia,8,0,1421,25,37,5,222,11
2020-05-07,Slovakia,8,0,1429,25,38,3,185,11
2020-05-08,Slovakia,16,1,1445,26,49,3,120,11
2020-05-09,Slovakia,10,0,1455,26,52,3,95,9
2020-05-10,Slovakia,0,0,1455,26,48,2,82,9
2020-05-11,Slovakia,2,0,1457,26,49,2,78,8
2020-05-12,Slovakia,0,0,1457,26,44,1,76,8
2020-05-13,Slovakia,8,1,1465,27,44,2,81,7
2020-05-14,Slovakia,4,0,1469,27,40,2,78,5
2020-05-15,Slovakia,8,0,1477,27,32,1,81,4
2020-05-16,Slovakia,3,0,1480,27,25,1,77,4
2020-05-17,Slovakia,13,1,1493,28,38,2,86,4
2020-05-18,Slovakia,1,0,1494,28,37,2,86,4
2020-05-19,Slovakia,1,0,1495,28,38,2,82,3
2020-05-20,Slovakia,0,0,1495,28,30,1,74,3
2020-05-21,Slovakia,1,0,1496,28,27,1,67,3
2020-05-22,Slovakia,6,0,1502,28,25,1,57,2
2020-05-23,Slovakia,1,0,1503,28,23,1,48,2
2020-05-24,Slovakia,1,0,1504,28,11,0,49,2
2020-05-25,Slovakia,5,0,1509,28,15,0,52,2
2020-05-26,Slovakia,2,0,1511,28,16,0,54,2
2020-05-27,Slovakia,2,0,1513,28,18,0,48,1
2020-05-28,Slovakia,2,0,1515,28,19,0,46,1
2020-05-29,Slovakia,5,0,1520,28,18,0,43,1
2020-05-30,Slovakia,0,0,1520,28,17,0,40,1
2020-05-31,Slovakia,1,0,1521,28,17,0,28,0
2020-06-01,Slovakia,1,0,1522,28,13,0,28,0
2020-06-02,Slovakia,0,0,1522,28,11,0,27,0
2020-06-03,Slovakia,0,0,1522,28,9,0,27,0
2020-06-04,Slovakia,3,0,1525,28,10,0,29,0
2020-06-05,Slovakia,1,0,1526,28,6,0,24,0
2020-06-06,Slovakia,0,0,1526,28,6,0,23,0
2020-06-07,Slovakia,2,0,1528,28,7,0,24,0
2020-06-08,Slovakia,0,0,1528,28,6,0,19,0
2020-06-09,Slovakia,2,0,1530,28,8,0,19,0
2020-06-10,Slovakia,1,0,1531,28,9,0,18,0
2020-06-11,Slovakia,2,0,1533,28,8,0,18,0
2020-06-12,Slovakia,8,0,1541,28,15,0,21,0
2020-06-13,Slovakia,1,0,1542,28,16,0,22,0
2020-06-14,Slovakia,3,0,1545,28,17,0,24,0
2020-06-15,Slovakia,3,0,1548,28,20,0,26,0
2020-06-16,Slovakia,4,0,1552,28,22,0,30,0
2020-06-17,Slovakia,0,0,1552,28,21,0,30,0
2020-06-18,Slovakia,9,0,1561,28,28,0,36,0
2020-06-19,Slovakia,1,0,1562,28,21,0,36,0
2020-06-20,Slovakia,14,0,1576,28,34,0,50,0
2020-06-21,Slovakia,10,0,1586,28,41,0,58,0
2020-06-22,Slovakia,1,0,1587,28,39,0,59,0
2020-06-23,Slovakia,1,0,1588,28,36,0,58,0
2020-06-24,Slovakia,1,0,1589,28,37,0,58,0
2020-06-25,Slovakia,18,0,1607,28,46,0,74,0
2020-06-26,Slovakia,23,0,1630,28,68,0,89,0
2020-06-27,Slovakia,13,0,1643,28,67,0,101,0
2020-06-28,Slovakia,14,0,1657,28,71,0,112,0
2020-06-29,Slovakia,7,0,1664,28,77,0,116,0
2020-06-30,Slovakia,1,0,1665,28,77,0,113,0
2020-07-01,Slovakia,2,0,1667,28,78,0,115,0
2020-07-02,Slovakia,20,0,1687,28,80,0,126,0
2020-07-03,Slovakia,13,0,1700,28,70,0,138,0
2020-07-04,Slovakia,20,0,1720,28,77,0,144,0
2020-07-05,Slovakia,29,0,1749,28,92,0,163,0
2020-07-06,Slovakia,15,0,1764,28,100,0,177,0
2020-07-07,Slovakia,1,0,1765,28,100,0,177,0
2020-07-08,Slovakia,2,0,1767,28,100,0,178,0
2020-07-09,Slovakia,31,0,1798,28,111,0,191,0
2020-07-10,Slovakia,53,0,1851,28,151,0,221,0
2020-07-11,Slovakia,19,0,1870,28,150,0,227,0
2020-07-12,Slovakia,23,0,1893,28,144,0,236,0
2020-07-13,Slovakia,8,0,1901,28,137,0,237,0
2020-07-14,Slovakia,1,0,1902,28,137,0,237,0
2020-07-15,Slovakia,6,0,1908,28,141,0,241,0
2020-07-16,Slovakia,19,0,1927,28,129,0,240,0
2020-07-17,Slovakia,24,0,1951,28,100,0,251,0
2020-07-18,Slovakia,14,0,1965,28,95,0,245,0
2020-07-19,Slovakia,11,0,1976,28,83,0,227,0
2020-07-20,Slovakia,3,0,1979,28,78,0,215,0
2020-07-21,Slovakia,1,0,1980,28,78,0,215,0
2020-07-22,Slovakia,41,0,2021,28,113,0,254,0
2020-07-23,Slovakia,37,0,2058,28,131,0,260,0
2020-07-24,Slovakia,31,0,2089,28,138,0,238,0
2020-07-25,Slovakia,29,0,2118,28,153,0,248,0
2020-07-26,Slovakia,23,0,2141,28,165,0,248,0
2020-07-27,Slovakia,38,0,2179,28,200,0,278,0
2020-07-28,Slovakia,2,0,2181,28,201,0,279,0
2020-07-29,Slovakia,23,0,2204,28,183,0,296,0
2020-07-30,Slovakia,41,0,2245,28,187,0,318,0
2020-07-31,Slovakia,20,0,2265,28,176,0,314,0
2020-08-01,Slovakia,27,1,2292,29,174,1,327,1
2020-08-02,Slovakia,45,0,2337,29,196,1,361,1
2020-08-03,Slovakia,7,0,2344,29,165,1,365,1
2020-08-04,Slovakia,10,0,2354,29,173,1,374,1
2020-08-05,Slovakia,14,0,2368,29,164,1,347,1
2020-08-06,Slovakia,49,0,2417,29,172,1,359,1
2020-08-07,Slovakia,63,0,2480,29,215,1,391,1
2020-08-08,Slovakia,43,2,2523,31,231,2,405,3
2020-08-09,Slovakia,43,0,2566,31,229,2,425,3
2020-08-10,Slovakia,30,0,2596,31,252,2,417,3
2020-08-11,Slovakia,3,0,2599,31,245,2,418,3
2020-08-12,Slovakia,16,0,2615,31,247,2,411,3
2020-08-13,Slovakia,75,0,2690,31,273,2,445,3
2020-08-14,Slovakia,49,0,2739,31,259,2,474,3
2020-08-15,Slovakia,62,0,2801,31,278,0,509,2
2020-08-16,Slovakia,54,0,2855,31,289,0,518,2
2020-08-17,Slovakia,47,0,2902,31,306,0,558,2
2020-08-18,Slovakia,5,0,2907,31,308,0,553,2
2020-08-19,Slovakia,15,0,2922,31,307,0,554,2
2020-08-20,Slovakia,100,2,3022,33,332,2,605,4
2020-08-21,Slovakia,80,0,3102,33,363,2,622,4
2020-08-22,Slovakia,123,0,3225,33,424,2,702,2
2020-08-23,Slovakia,91,0,3316,33,461,2,750,2
2020-08-24,Slovakia,40,0,3356,33,454,2,760,2
2020-08-25,Slovakia,68,0,3424,33,517,2,825,2
2020-08-26,Slovakia,28,0,3452,33,530,2,837,2
2020-08-27,Slovakia,84,0,3536,33,514,0,846,2
2020-08-28,Slovakia,90,0,3626,33,524,0,887,2
2020-08-29,Slovakia,102,0,3728,33,503,0,927,2
2020-08-30,Slovakia,114,0,3842,33,526,0,987,2
2020-08-31,Slovakia,34,0,3876,33,520,0,974,2
2020-04-01,Slovenia,51,2,814,13,334,10,539,12
2020-04-02,Slovenia,27,2,841,15,313,11,555,14
2020-04-03,Slovenia,56,1,897,16,320,11,578,15
2020-04-04,Slovenia,37,4,934,20,302,11,593,19
2020-04-05,Slovenia,43,2,977,22,286,13,594,21
2020-04-06,Slovenia,20,6,997,28,267,17,583,27
2020-04-07,Slovenia,24,2,1021,30,258,19,579,29
2020-04-08,Slovenia,34,6,1055,36,241,23,575,33
2020-04-09,Slovenia,36,4,1091,40,250,25,563,36
2020-04-10,Slovenia,33,3,1124,43,227,27,547,38
2020-04-11,Slovenia,36,2,1160,45,226,25,528,36
2020-04-12,Slovenia,28,5,1188,50,211,28,497,41
2020-04-13,Slovenia,17,3,1205,53,208,25,475,42
2020-04-14,Slovenia,7,2,1212,55,191,25,449,44
2020-04-15,Slovenia,8,1,1220,56,165,20,406,43
2020-04-16,Slovenia,28,5,1248,61,157,21,407,46
2020-04-17,Slovenia,20,0,1268,61,144,18,371,45
2020-04-18,Slovenia,36,5,1304,66,144,21,370,46
2020-04-19,Slovenia,13,4,1317,70,129,20,340,48
2020-04-20,Slovenia,13,4,1330,74,125,21,333,46
2020-04-21,Slovenia,5,0,1335,74,123,19,314,44
2020-04-22,Slovenia,5,3,1340,77,120,21,285,41
2020-04-23,Slovenia,13,2,1353,79,105,18,262,39
2020-04-24,Slovenia,13,0,1366,79,98,18,242,36
2020-04-25,Slovenia,7,1,1373,80,69,14,213,35
2020-04-26,Slovenia,15,1,1388,81,71,11,200,31
2020-04-27,Slovenia,19,1,1407,82,77,8,202,29
2020-04-28,Slovenia,0,1,1407,83,72,9,195,28
2020-04-29,Slovenia,1,3,1408,86,68,9,188,30
2020-04-30,Slovenia,10,3,1418,89,65,10,170,28
2020-05-01,Slovenia,11,2,1429,91,63,12,161,30
2020-05-02,Slovenia,5,2,1434,93,61,13,130,27
2020-05-03,Slovenia,5,1,1439,94,51,13,122,24
2020-05-04,Slovenia,0,2,1439,96,32,14,109,22
2020-05-05,Slovenia,6,1,1445,97,38,14,110,23
2020-05-06,Slovenia,3,1,1448,98,40,12,108,21
2020-05-07,Slovenia,1,1,1449,99,31,10,96,20
2020-05-08,Slovenia,1,0,1450,99,21,8,84,20
2020-05-09,Slovenia,4,1,1454,100,20,7,81,20
2020-05-10,Slovenia,3,1,1457,101,18,7,69,20
2020-05-11,Slovenia,3,1,1460,102,21,6,53,20
2020-05-12,Slovenia,1,0,1461,102,16,5,54,19
2020-05-13,Slovenia,2,0,1463,102,15,4,55,16
2020-05-14,Slovenia,1,1,1464,103,15,4,46,14
2020-05-15,Slovenia,1,0,1465,103,15,4,36,12
2020-05-16,Slovenia,0,0,1465,103,11,3,31,10
2020-05-17,Slovenia,1,0,1466,103,9,2,27,9
2020-05-18,Slovenia,0,1,1466,104,6,2,27,8
2020-05-19,Slovenia,1,0,1467,104,6,2,22,7
2020-05-20,Slovenia,1,0,1468,104,5,2,20,6
2020-05-21,Slovenia,0,2,1468,106,4,3,19,7
2020-05-22,Slovenia,0,0,1468,106,3,3,18,7
2020-05-23,Slovenia,0,0,1468,106,3,3,14,6
2020-05-24,Slovenia,0,0,1468,106,2,3,11,5
2020-05-25,Slovenia,1,0,1469,106,3,2,9,4
2020-05-26,Slovenia,0,0,1469,106,2,2,8,4
2020-05-27,Slovenia,0,0,1469,106,1,2,6,4
2020-05-28,Slovenia,2,1,1471,107,3,1,7,4
2020-05-29,Slovenia,2,1,1473,108,5,2,8,5
2020-05-30,Slovenia,0,0,1473,108,5,2,8,5
2020-05-31,Slovenia,0,0,1473,108,5,2,7,5
2020-06-01,Slovenia,0,0,1473,108,4,2,7,4
2020-06-02,Slovenia,2,0,1475,108,6,2,8,4
2020-06-03,Slovenia,0,0,1475,108,6,2,7,4
2020-06-04,Slovenia,2,0,1477,108,6,1,9,2
2020-06-05,Slovenia,2,0,1479,108,6,0,11,2
2020-06-06,Slovenia,5,0,1484,108,11,0,16,2
2020-06-07,Slovenia,1,0,1485,108,12,0,17,2
2020-06-08,Slovenia,0,0,1485,108,12,0,16,2
2020-06-09,Slovenia,0,0,1485,108,10,0,16,2
2020-06-10,Slovenia,1,0,1486,108,11,0,17,2
2020-06-11,Slovenia,2,1,1488,109,11,1,17,2
2020-06-12,Slovenia,0,0,1488,109,9,1,15,1
2020-06-13,Slovenia,2,0,1490,109,6,1,17,1
2020-06-14,Slovenia,2,0,1492,109,7,1,19,1
2020-06-15,Slovenia,3,0,1495,109,10,1,22,1
2020-06-16,Slovenia,1,0,1496,109,11,1,21,1
2020-06-17,Slovenia,3,0,1499,109,13,1,24,1
2020-06-18,Slovenia,4,0,1503,109,15,0,26,1
2020-06-19,Slovenia,8,0,1511,109,23,0,32,1
2020-06-20,Slovenia,2,0,1513,109,23,0,29,1
2020-06-21,Slovenia,6,0,1519,109,27,0,34,1
2020-06-22,Slovenia,1,0,1520,109,25,0,35,1
2020-06-23,Slovenia,1,0,1521,109,25,0,36,1
2020-06-24,Slovenia,13,2,1534,111,35,2,48,3
2020-06-25,Slovenia,7,0,1541,111,38,2,53,2
2020-06-26,Slovenia,6,0,1547,111,36,2,59,2
2020-06-27,Slovenia,11,0,1558,111,45,2,68,2
2020-06-28,Slovenia,14,0,1572,111,53,2,80,2
2020-06-29,Slovenia,9,0,1581,111,61,2,86,2
2020-06-30,Slovenia,4,0,1585,111,64,2,89,2
2020-07-01,Slovenia,15,0,1600,111,66,0,101,2
2020-07-02,Slovenia,13,0,1613,111,72,0,110,2
2020-07-03,Slovenia,20,0,1633,111,86,0,122,2
2020-07-04,Slovenia,16,0,1649,111,91,0,136,2
2020-07-05,Slovenia,30,0,1679,111,107,0,160,2
2020-07-06,Slovenia,21,0,1700,111,119,0,180,2
2020-07-07,Slovenia,16,0,1716,111,131,0,195,2
2020-07-08,Slovenia,23,0,1739,111,139,0,205,0
2020-07-09,Slovenia,24,0,1763,111,150,0,222,0
2020-07-10,Slovenia,13,0,1776,111,143,0,229,0
2020-07-11,Slovenia,17,0,1793,111,144,0,235,0
2020-07-12,Slovenia,34,0,1827,111,148,0,255,0
2020-07-13,Slovenia,14,0,1841,111,141,0,260,0
2020-07-14,Slovenia,8,0,1849,111,133,0,264,0
2020-07-15,Slovenia,10,0,1859,111,120,0,259,0
2020-07-16,Slovenia,19,0,1878,111,115,0,265,0
2020-07-17,Slovenia,19,0,1897,111,121,0,264,0
2020-07-18,Slovenia,19,0,1916,111,123,0,267,0
2020-07-19,Slovenia,24,0,1940,111,113,0,261,0
2020-07-20,Slovenia,6,0,1946,111,105,0,246,0
2020-07-21,Slovenia,7,0,1953,111,104,0,237,0
2020-07-22,Slovenia,24,0,1977,111,118,0,238,0
2020-07-23,Slovenia,38,4,2015,115,137,4,252,4
2020-07-24,Slovenia,18,0,2033,115,136,4,257,4
2020-07-25,Slovenia,19,0,2052,115,136,4,259,4
2020-07-26,Slovenia,14,0,2066,115,126,4,239,4
2020-07-27,Slovenia,16,0,2082,115,136,4,241,4
2020-07-28,Slovenia,5,2,2087,117,134,6,238,6
2020-07-29,Slovenia,14,0,2101,117,124,6,242,6
2020-07-30,Slovenia,14,0,2115,117,100,2,237,6
2020-07-31,Slovenia,24,0,2139,117,106,2,242,6
2020-08-01,Slovenia,26,0,2165,117,113,2,249,6
2020-08-02,Slovenia,6,0,2171,117,105,2,231,6
2020-08-03,Slovenia,9,0,2180,117,98,2,234,6
2020-08-04,Slovenia,1,0,2181,117,94,0,228,6
2020-08-05,Slovenia,9,1,2190,118,89,1,213,7
2020-08-06,Slovenia,18,0,2208,118,93,1,193,3
2020-08-07,Slovenia,15,0,2223,118,84,1,190,3
2020-08-08,Slovenia,10,1,2233,119,68,2,181,4
2020-08-09,Slovenia,14,1,2247,120,76,3,181,5
2020-08-10,Slovenia,2,0,2249,120,69,3,167,5
2020-08-11,Slovenia,6,0,2255,120,74,3,168,3
2020-08-12,Slovenia,17,0,2272,120,82,2,171,3
2020-08-13,Slovenia,31,3,2303,123,95,5,188,6
2020-08-14,Slovenia,29,1,2332,124,109,6,193,7
2020-08-15,Slovenia,37,0,2369,124,136,5,204,7
2020-08-16,Slovenia,32,0,2401,124,154,4,230,7
2020-08-17,Slovenia,15,0,2416,124,167,4,236,7
2020-08-18,Slovenia,22,0,2438,124,183,4,257,7
2020-08-19,Slovenia,18,0,2456,124,184,4,266,6
2020-08-20,Slovenia,37,1,2493,125,190,2,285,7
2020-08-21,Slovenia,43,0,2536,125,204,1,313,7
2020-08-22,Slovenia,38,2,2574,127,205,3,341,8
2020-08-23,Slovenia,43,0,2617,127,216,3,370,7
2020-08-24,Slovenia,34,0,2651,127,235,3,402,7
2020-08-25,Slovenia,14,1,2665,128,227,4,410,8
2020-08-26,Slovenia,21,0,2686,128,230,4,414,8
2020-08-27,Slovenia,36,0,2722,128,229,3,419,5
2020-08-28,Slovenia,33,0,2755,128,219,3,423,4
2020-08-29,Slovenia,42,0,2797,128,223,1,428,4
2020-08-30,Slovenia,37,0,2834,128,217,1,433,4
2020-08-31,Slovenia,31,0,2865,128,214,1,449,4
2020-04-01,Somalia,0,0,3,0,2,0,2,0
2020-04-02,Somalia,2,0,5,0,4,0,4,0
2020-04-03,Somalia,0,0,5,0,3,0,4,0
2020-04-04,Somalia,0,0,5,0,2,0,4,0
2020-04-05,Somalia,2,0,7,0,4,0,6,0
2020-04-06,Somalia,0,0,7,0,4,0,6,0
2020-04-07,Somalia,0,0,7,0,4,0,6,0
2020-04-08,Somalia,1,0,8,0,5,0,7,0
2020-04-09,Somalia,0,0,8,0,3,0,7,0
2020-04-10,Somalia,4,1,12,1,7,1,10,1
2020-04-11,Somalia,9,0,21,1,16,1,18,1
2020-04-12,Somalia,0,0,21,1,14,1,18,1
2020-04-13,Somalia,4,1,25,2,18,2,22,2
2020-04-14,Somalia,0,0,25,2,18,2,22,2
2020-04-15,Somalia,35,0,60,2,52,2,57,2
2020-04-16,Somalia,20,3,80,5,72,5,75,5
2020-04-17,Somalia,0,0,80,5,68,4,75,5
2020-04-18,Somalia,36,0,116,5,95,4,111,5
2020-04-19,Somalia,19,2,135,7,114,6,128,7
2020-04-20,Somalia,29,0,164,7,139,5,157,7
2020-04-21,Somalia,73,1,237,8,212,6,230,8
2020-04-22,Somalia,49,0,286,8,226,6,278,8
2020-04-23,Somalia,0,6,286,14,206,9,278,14
2020-04-24,Somalia,42,0,328,14,248,9,316,13
2020-04-25,Somalia,0,2,328,16,212,11,307,15
2020-04-26,Somalia,62,2,390,18,255,11,369,17
2020-04-27,Somalia,46,5,436,23,272,16,411,21
2020-04-28,Somalia,44,3,480,26,243,18,455,24
2020-04-29,Somalia,48,2,528,28,242,20,468,26
2020-04-30,Somalia,54,0,582,28,296,14,502,23
2020-05-01,Somalia,19,0,601,28,273,14,521,23
2020-05-02,Somalia,0,0,601,28,273,12,485,23
2020-05-03,Somalia,70,3,671,31,281,13,536,24
2020-05-04,Somalia,51,1,722,32,286,9,558,25
2020-05-05,Somalia,34,3,756,35,276,9,519,27
2020-05-06,Somalia,79,3,835,38,307,10,549,30
2020-05-07,Somalia,38,1,873,39,291,11,587,25
2020-05-08,Somalia,55,5,928,44,327,16,600,30
2020-05-09,Somalia,0,0,928,44,327,16,600,28
2020-05-10,Somalia,69,4,997,48,326,17,607,30
2020-05-11,Somalia,57,3,1054,51,332,19,618,28
2020-05-12,Somalia,35,1,1089,52,333,17,609,26
2020-05-13,Somalia,81,0,1170,52,335,14,642,24
2020-05-14,Somalia,49,0,1219,52,346,13,637,24
2020-05-15,Somalia,65,1,1284,53,356,9,683,25
2020-05-16,Somalia,0,0,1284,53,356,9,683,25
2020-05-17,Somalia,73,2,1357,55,360,7,686,24
2020-05-18,Somalia,64,1,1421,56,367,5,699,24
2020-05-19,Somalia,34,1,1455,57,366,5,699,22
2020-05-20,Somalia,47,2,1502,59,332,7,667,21
2020-05-21,Somalia,71,2,1573,61,354,9,700,22
2020-05-22,Somalia,21,0,1594,61,310,8,666,17
2020-05-23,Somalia,0,0,1594,61,310,8,666,17
2020-05-24,Somalia,0,0,1594,61,237,6,597,13
2020-05-25,Somalia,0,0,1594,61,173,5,540,10
2020-05-26,Somalia,95,5,1689,66,234,9,600,14
2020-05-27,Somalia,22,1,1711,67,209,8,541,15
2020-05-28,Somalia,20,0,1731,67,158,6,512,15
2020-05-29,Somalia,97,5,1828,72,234,11,544,19
2020-05-30,Somalia,0,0,1828,72,234,11,544,19
2020-05-31,Somalia,88,1,1916,73,322,12,559,18
2020-06-01,Somalia,60,5,1976,78,382,17,555,22
2020-06-02,Somalia,47,1,2023,79,334,13,568,22
2020-06-03,Somalia,66,0,2089,79,378,12,587,20
2020-06-04,Somalia,57,0,2146,79,415,12,573,18
2020-06-05,Somalia,58,0,2204,79,376,7,610,18
2020-06-06,Somalia,0,0,2204,79,376,7,610,18
2020-06-07,Somalia,85,3,2289,82,373,9,695,21
2020-06-08,Somalia,45,1,2334,83,358,5,740,22
2020-06-09,Somalia,34,1,2368,84,345,5,679,18
2020-06-10,Somalia,48,1,2416,85,327,6,705,18
2020-06-11,Somalia,36,0,2452,85,306,6,721,18
2020-06-12,Somalia,61,0,2513,85,309,6,685,13
2020-06-13,Somalia,0,0,2513,85,309,6,685,13
2020-06-14,Somalia,66,2,2579,87,290,5,663,14
2020-06-15,Somalia,24,1,2603,88,269,5,627,10
2020-06-16,Somalia,39,0,2642,88,274,4,619,9
2020-06-17,Somalia,16,0,2658,88,242,3,569,9
2020-06-18,Somalia,38,0,2696,88,244,3,550,9
2020-06-19,Somalia,23,0,2719,88,206,3,515,9
2020-06-20,Somalia,0,0,2719,88,206,3,515,9
2020-06-21,Somalia,36,0,2755,88,176,1,466,6
2020-06-22,Somalia,24,2,2779,90,176,2,445,7
2020-06-23,Somalia,33,0,2812,90,170,2,444,6
2020-06-24,Somalia,23,0,2835,90,177,2,419,5
2020-06-25,Somalia,25,0,2860,90,164,2,408,5
2020-06-26,Somalia,18,0,2878,90,159,2,365,5
2020-06-27,Somalia,0,0,2878,90,159,2,365,5
2020-06-28,Somalia,0,0,2878,90,123,2,299,3
2020-06-29,Somalia,16,0,2894,90,115,0,291,2
2020-06-30,Somalia,10,0,2904,90,92,0,262,2
2020-07-01,Somalia,20,0,2924,90,89,0,266,2
2020-07-02,Somalia,0,0,2924,90,64,0,228,2
2020-07-03,Somalia,20,0,2944,90,66,0,225,2
2020-07-04,Somalia,0,0,2944,90,66,0,225,2
2020-07-05,Somalia,17,2,2961,92,83,2,206,4
2020-07-06,Somalia,36,0,2997,92,103,2,218,2
2020-07-07,Somalia,9,0,3006,92,102,2,194,2
2020-07-08,Somalia,9,0,3015,92,91,2,180,2
2020-07-09,Somalia,13,0,3028,92,104,2,168,2
2020-07-10,Somalia,10,0,3038,92,94,2,160,2
2020-07-11,Somalia,0,0,3038,92,94,2,160,2
2020-07-12,Somalia,13,0,3051,92,90,0,173,2
2020-07-13,Somalia,8,1,3059,93,62,1,165,3
2020-07-14,Somalia,0,0,3059,93,53,1,155,3
2020-07-15,Somalia,17,0,3076,93,61,1,152,3
2020-07-16,Somalia,7,0,3083,93,55,1,159,3
2020-07-17,Somalia,0,0,3083,93,45,1,139,3
2020-07-18,Somalia,23,0,3106,93,68,1,162,3
2020-07-19,Somalia,5,0,3111,93,60,1,150,1
2020-07-20,Somalia,8,0,3119,93,60,0,122,1
2020-07-21,Somalia,11,0,3130,93,71,0,124,1
2020-07-22,Somalia,5,0,3135,93,59,0,120,1
2020-07-23,Somalia,26,0,3161,93,78,0,133,1
2020-07-24,Somalia,10,0,3171,93,88,0,133,1
2020-07-25,Somalia,0,0,3171,93,65,0,133,1
2020-07-26,Somalia,7,0,3178,93,67,0,127,1
2020-07-27,Somalia,0,0,3178,93,59,0,119,0
2020-07-28,Somalia,0,0,3178,93,48,0,119,0
2020-07-29,Somalia,18,0,3196,93,61,0,120,0
2020-07-30,Somalia,16,0,3212,93,51,0,129,0
2020-07-31,Somalia,0,0,3212,93,41,0,129,0
2020-08-01,Somalia,0,0,3212,93,41,0,106,0
2020-08-02,Somalia,0,0,3212,93,34,0,101,0
2020-08-03,Somalia,0,0,3212,93,34,0,93,0
2020-08-04,Somalia,8,0,3220,93,42,0,90,0
2020-08-05,Somalia,0,0,3220,93,24,0,85,0
2020-08-06,Somalia,1,0,3221,93,9,0,60,0
2020-08-07,Somalia,6,0,3227,93,15,0,56,0
2020-08-08,Somalia,0,0,3227,93,15,0,56,0
2020-08-09,Somalia,0,0,3227,93,15,0,49,0
2020-08-10,Somalia,0,0,3227,93,15,0,49,0
2020-08-11,Somalia,0,0,3227,93,7,0,49,0
2020-08-12,Somalia,0,0,3227,93,7,0,31,0
2020-08-13,Somalia,0,0,3227,93,6,0,15,0
2020-08-14,Somalia,0,0,3227,93,0,0,15,0
2020-08-15,Somalia,23,0,3250,93,23,0,38,0
2020-08-16,Somalia,6,0,3256,93,29,0,44,0
2020-08-17,Somalia,0,0,3256,93,29,0,44,0
2020-08-18,Somalia,1,0,3257,93,30,0,37,0
2020-08-19,Somalia,0,0,3257,93,30,0,37,0
2020-08-20,Somalia,8,0,3265,93,38,0,44,0
2020-08-21,Somalia,0,0,3265,93,38,0,38,0
2020-08-22,Somalia,0,0,3265,93,15,0,38,0
2020-08-23,Somalia,4,0,3269,93,13,0,42,0
2020-08-24,Somalia,0,0,3269,93,13,0,42,0
2020-08-25,Somalia,0,0,3269,93,12,0,42,0
2020-08-26,Somalia,6,2,3275,95,18,2,48,2
2020-08-27,Somalia,0,0,3275,95,10,2,48,2
2020-08-28,Somalia,0,0,3275,95,10,2,48,2
2020-08-29,Somalia,0,0,3275,95,10,2,25,2
2020-08-30,Somalia,35,2,3310,97,41,4,54,4
2020-08-31,Somalia,0,0,3310,97,41,4,54,4
2020-04-01,South Africa,27,2,1353,5,796,5,1268,5
2020-04-02,South Africa,27,0,1380,5,671,5,1264,5
2020-04-03,South Africa,82,0,1462,5,535,3,1312,5
2020-04-04,South Africa,43,2,1505,7,335,5,1300,7
2020-04-05,South Africa,80,2,1585,9,398,7,1345,9
2020-04-06,South Africa,70,2,1655,11,375,9,1381,11
2020-04-07,South Africa,31,1,1686,12,360,9,1284,12
2020-04-08,South Africa,63,1,1749,13,396,8,1192,13
2020-04-09,South Africa,96,5,1845,18,465,13,1136,18
2020-04-10,South Africa,89,0,1934,18,472,13,1007,16
2020-04-11,South Africa,69,6,2003,24,498,17,833,22
2020-04-12,South Africa,25,1,2028,25,443,16,841,23
2020-04-13,South Africa,145,0,2173,25,518,14,893,23
2020-04-14,South Africa,99,2,2272,27,586,15,946,24
2020-04-15,South Africa,143,0,2415,27,666,14,1062,22
2020-04-16,South Africa,91,7,2506,34,661,16,1126,29
2020-04-17,South Africa,99,14,2605,48,671,30,1143,43
2020-04-18,South Africa,178,2,2783,50,780,26,1278,43
2020-04-19,South Africa,251,2,3034,52,1006,27,1449,43
2020-04-20,South Africa,124,2,3158,54,985,29,1503,43
2020-04-21,South Africa,142,4,3300,58,1028,31,1614,46
2020-04-22,South Africa,165,0,3465,58,1050,31,1716,45
2020-04-23,South Africa,170,7,3635,65,1129,31,1790,47
2020-04-24,South Africa,318,10,3953,75,1348,27,2019,57
2020-04-25,South Africa,267,4,4220,79,1437,29,2217,55
2020-04-26,South Africa,141,7,4361,86,1327,34,2333,61
2020-04-27,South Africa,185,1,4546,87,1388,33,2373,62
2020-04-28,South Africa,247,3,4793,90,1493,32,2521,63
2020-04-29,South Africa,203,3,4996,93,1531,35,2581,66
2020-04-30,South Africa,354,10,5350,103,1715,38,2844,69
2020-05-01,South Africa,297,0,5647,103,1694,28,3042,55
2020-05-02,South Africa,304,13,5951,116,1731,37,3168,66
2020-05-03,South Africa,385,7,6336,123,1975,37,3302,71
2020-05-04,South Africa,447,8,6783,131,2237,44,3625,77
2020-05-05,South Africa,437,7,7220,138,2427,48,3920,80
2020-05-06,South Africa,352,10,7572,148,2576,55,4107,90
2020-05-07,South Africa,236,5,7808,153,2458,50,4173,88
2020-05-08,South Africa,424,8,8232,161,2585,58,4279,86
2020-05-09,South Africa,663,17,8895,178,2944,62,4675,99
2020-05-10,South Africa,525,8,9420,186,3084,63,5059,100
2020-05-11,South Africa,595,8,10015,194,3232,63,5469,107
2020-05-12,South Africa,637,12,10652,206,3432,68,5859,116
2020-05-13,South Africa,698,0,11350,206,3778,58,6354,113
2020-05-14,South Africa,724,13,12074,219,4266,66,6724,116
2020-05-15,South Africa,665,19,12739,238,4507,77,7092,135
2020-05-16,South Africa,785,9,13524,247,4629,69,7573,131
2020-05-17,South Africa,831,14,14355,261,4935,75,8019,138
2020-05-18,South Africa,1160,3,15515,264,5500,70,8732,133
2020-05-19,South Africa,918,22,16433,286,5781,80,9213,148
2020-05-20,South Africa,767,26,17200,312,5850,106,9628,164
2020-05-21,South Africa,803,27,18003,339,5929,120,10195,186
2020-05-22,South Africa,1134,30,19137,369,6398,131,10905,208
2020-05-23,South Africa,988,28,20125,397,6601,150,11230,219
2020-05-24,South Africa,1218,10,21343,407,6988,146,11923,221
2020-05-25,South Africa,1240,22,22583,429,7068,165,12568,235
2020-05-26,South Africa,1032,52,23615,481,7182,195,12963,275
2020-05-27,South Africa,649,43,24264,524,7064,212,12914,318
2020-05-28,South Africa,1673,28,25937,552,7934,213,13863,333
2020-05-29,South Africa,1466,25,27403,577,8266,208,14664,339
2020-05-30,South Africa,1837,34,29240,611,9115,214,15716,364
2020-05-31,South Africa,1727,32,30967,643,9624,236,16612,382
2020-06-01,South Africa,1716,40,32683,683,10100,254,17168,419
2020-06-02,South Africa,1674,22,34357,705,10742,224,17924,419
2020-06-03,South Africa,1455,50,35812,755,11548,231,18612,443
2020-06-04,South Africa,1713,37,37525,792,11588,240,19522,453
2020-06-05,South Africa,3267,56,40792,848,13389,271,21655,479
2020-06-06,South Africa,2642,60,43434,908,14194,297,23309,511
2020-06-07,South Africa,2539,44,45973,952,15006,309,24630,545
2020-06-08,South Africa,2312,46,48285,998,15602,315,25702,569
2020-06-09,South Africa,2594,82,50879,1080,16522,375,27264,599
2020-06-10,South Africa,2112,82,52991,1162,17179,407,28727,638
2020-06-11,South Africa,2430,48,55421,1210,17896,418,29484,658
2020-06-12,South Africa,3147,79,58568,1289,17776,441,31165,712
2020-06-13,South Africa,3359,65,61927,1354,18493,446,32687,743
2020-06-14,South Africa,3809,69,65736,1423,19763,471,34769,780
2020-06-15,South Africa,4302,57,70038,1480,21753,482,37355,797
2020-06-16,South Africa,3495,88,73533,1568,22654,488,39176,863
2020-06-17,South Africa,2801,57,76334,1625,23343,463,40522,870
2020-06-18,South Africa,4078,49,80412,1674,24991,464,42887,882
2020-06-19,South Africa,3478,63,83890,1737,25322,448,43098,889
2020-06-20,South Africa,3825,94,87715,1831,25788,477,44281,923
2020-06-21,South Africa,4966,46,92681,1877,26945,454,46708,925
2020-06-22,South Africa,4621,53,97302,1930,27264,450,49017,932
2020-06-23,South Africa,4288,61,101590,1991,28057,423,50711,911
2020-06-24,South Africa,4518,111,106108,2102,29774,477,53117,940
2020-06-25,South Africa,5688,103,111796,2205,31384,531,56375,995
2020-06-26,South Africa,6579,87,118375,2292,34485,555,59807,1003
2020-06-27,South Africa,6215,48,124590,2340,36875,509,62663,986
2020-06-28,South Africa,7210,73,131800,2413,39119,536,66064,990
2020-06-29,South Africa,6334,43,138134,2456,40832,526,68096,976
2020-06-30,South Africa,6130,73,144264,2529,42674,538,70731,961
2020-07-01,South Africa,6945,128,151209,2657,45101,555,74875,1032
2020-07-02,South Africa,8124,92,159333,2749,47537,544,78921,1075
2020-07-03,South Africa,8728,95,168061,2844,49686,552,84171,1107
2020-07-04,South Africa,9063,108,177124,2952,52534,612,89409,1121
2020-07-05,South Africa,10853,74,187977,3026,56177,613,95296,1149
2020-07-06,South Africa,8773,173,196750,3199,58616,743,99448,1269
2020-07-07,South Africa,8971,111,205721,3310,61457,781,104131,1319
2020-07-08,South Africa,10134,192,215855,3502,64646,845,109747,1400
2020-07-09,South Africa,8810,100,224665,3602,65332,853,112869,1397
2020-07-10,South Africa,13674,118,238339,3720,70278,876,119964,1428
2020-07-11,South Africa,12348,140,250687,3860,73563,908,126097,1520
2020-07-12,South Africa,13497,111,264184,3971,76207,945,132384,1558
2020-07-13,South Africa,12058,108,276242,4079,79492,880,138108,1623
2020-07-14,South Africa,11554,93,287796,4172,82075,862,143532,1643
2020-07-15,South Africa,10496,174,298292,4346,82437,844,147083,1689
2020-07-16,South Africa,12757,107,311049,4453,86384,851,151716,1704
2020-07-17,South Africa,13172,216,324221,4669,85882,949,156160,1825
2020-07-18,South Africa,13373,135,337594,4804,86907,944,160470,1852
2020-07-19,South Africa,13285,144,350879,4948,86695,977,162902,1922
2020-07-20,South Africa,13449,85,364328,5033,88086,954,167578,1834
2020-07-21,South Africa,9300,140,373628,5173,85832,1001,167907,1863
2020-07-22,South Africa,8170,195,381798,5368,83506,1022,165943,1866
2020-07-23,South Africa,13150,572,394948,5940,83899,1487,170283,2338
2020-07-24,South Africa,13104,153,408052,6093,83831,1424,169713,2373
2020-07-25,South Africa,13944,250,421996,6343,84402,1539,171309,2483
2020-07-26,South Africa,12204,312,434200,6655,83321,1707,170016,2684
2020-07-27,South Africa,11233,114,445433,6769,81105,1736,169191,2690
2020-07-28,South Africa,7096,298,452529,7067,78901,1894,164733,2895
2020-07-29,South Africa,7232,190,459761,7257,77963,1889,161469,2911
2020-07-30,South Africa,11362,240,471123,7497,76175,1557,160074,3044
2020-07-31,South Africa,11046,315,482169,7812,74117,1719,157948,3143
2020-08-01,South Africa,11014,193,493183,8005,71187,1662,155589,3201
2020-08-02,South Africa,10107,148,503290,8153,69090,1498,152411,3205
2020-08-03,South Africa,8195,213,511485,8366,66052,1597,147157,3333
2020-08-04,South Africa,5377,173,516862,8539,64333,1472,143234,3366
2020-08-05,South Africa,4456,345,521318,8884,61557,1627,139520,3516
2020-08-06,South Africa,8559,414,529877,9298,58754,1801,134929,3358
2020-08-07,South Africa,8307,306,538184,9604,56015,1792,130132,3511
2020-08-08,South Africa,7292,305,545476,9909,52293,1904,123480,3566
2020-08-09,South Africa,7712,301,553188,10210,49898,2057,118988,3555
2020-08-10,South Africa,6670,198,559858,10408,48373,2042,114425,3639
2020-08-11,South Africa,3740,213,563598,10621,46736,2082,111069,3554
2020-08-12,South Africa,2511,130,566109,10751,44791,1867,106348,3494
2020-08-13,South Africa,2810,259,568919,11010,39042,1712,97796,3513
2020-08-14,South Africa,3946,260,572865,11270,34681,1666,90696,3458
2020-08-15,South Africa,6275,286,579140,11556,33664,1647,85957,3551
2020-08-16,South Africa,4513,121,583653,11677,30465,1467,80363,3524
2020-08-17,South Africa,3692,162,587345,11839,27487,1431,75860,3473
2020-08-18,South Africa,2541,143,589886,11982,26288,1361,73024,3443
2020-08-19,South Africa,2258,282,592144,12264,26035,1513,70826,3380
2020-08-20,South Africa,3916,159,596060,12423,27141,1413,66183,3125
2020-08-21,South Africa,3880,195,599940,12618,27075,1348,61756,3014
2020-08-22,South Africa,3398,225,603338,12843,24198,1287,57862,2934
2020-08-23,South Africa,3707,144,607045,12987,23392,1310,53857,2777
2020-08-24,South Africa,2728,72,609773,13059,22428,1220,49915,2651
2020-08-25,South Africa,1677,100,611450,13159,21564,1177,47852,2538
2020-08-26,South Africa,1567,149,613017,13308,20873,1044,46908,2557
2020-08-27,South Africa,2684,194,615701,13502,19641,1079,46782,2492
2020-08-28,South Africa,2585,126,618286,13628,18346,1010,45421,2358
2020-08-29,South Africa,1837,115,620123,13743,16785,900,40983,2187
2020-08-30,South Africa,2428,238,622551,13981,15506,994,38898,2304
2020-08-31,South Africa,2505,47,625056,14028,15283,969,37711,2189
2020-04-01,South Korea,0,0,9786,163,649,37,1373,77
2020-04-02,South Korea,190,6,9976,169,735,38,1411,78
2020-04-03,South Korea,86,5,10062,174,730,35,1410,74
2020-04-04,South Korea,94,3,10156,177,678,33,1357,74
2020-04-05,South Korea,81,6,10237,183,654,31,1340,79
2020-04-06,South Korea,47,3,10284,186,623,28,1323,73
2020-04-07,South Korea,47,6,10331,192,545,29,1294,72
2020-04-08,South Korea,53,8,10384,200,598,37,1247,74
2020-04-09,South Korea,39,4,10423,204,447,35,1182,73
2020-04-10,South Korea,27,4,10450,208,388,34,1118,69
2020-04-11,South Korea,0,0,10450,208,294,31,972,64
2020-04-12,South Korea,62,6,10512,214,275,31,929,62
2020-04-13,South Korea,25,3,10537,217,253,31,876,59
2020-04-14,South Korea,27,5,10564,222,233,30,778,59
2020-04-15,South Korea,27,3,10591,225,207,25,805,62
2020-04-16,South Korea,22,4,10613,229,190,25,637,60
2020-04-17,South Korea,22,1,10635,230,185,22,573,56
2020-04-18,South Korea,18,2,10653,232,203,24,497,55
2020-04-19,South Korea,8,2,10661,234,149,20,424,51
2020-04-20,South Korea,13,2,10674,236,137,19,390,50
2020-04-21,South Korea,9,1,10683,237,119,15,352,45
2020-04-22,South Korea,11,1,10694,238,103,13,310,38
2020-04-23,South Korea,8,2,10702,240,89,11,279,36
2020-04-24,South Korea,6,0,10708,240,73,10,258,32
2020-04-25,South Korea,10,0,10718,240,65,8,268,32
2020-04-26,South Korea,10,2,10728,242,67,8,216,28
2020-04-27,South Korea,10,1,10738,243,64,7,201,26
2020-04-28,South Korea,14,1,10752,244,69,7,188,22
2020-04-29,South Korea,9,2,10761,246,67,8,170,21
2020-04-30,South Korea,4,1,10765,247,63,7,152,18
2020-05-01,South Korea,9,1,10774,248,66,8,139,18
2020-05-02,South Korea,6,2,10780,250,62,10,127,18
2020-05-03,South Korea,13,0,10793,250,65,8,132,16
2020-05-04,South Korea,8,2,10801,252,63,9,127,16
2020-05-05,South Korea,3,2,10804,254,52,10,121,17
2020-05-06,South Korea,2,1,10806,255,45,9,112,17
2020-05-07,South Korea,4,1,10810,256,45,9,108,16
2020-05-08,South Korea,12,0,10822,256,48,8,114,16
2020-05-09,South Korea,18,0,10840,256,60,6,122,16
2020-05-10,South Korea,34,0,10874,256,81,6,146,14
2020-05-11,South Korea,35,0,10909,256,108,4,171,13
2020-05-12,South Korea,27,2,10936,258,132,4,184,14
2020-05-13,South Korea,26,1,10962,259,156,4,201,13
2020-05-14,South Korea,29,1,10991,260,181,4,226,13
2020-05-15,South Korea,27,0,11018,260,196,4,244,12
2020-05-16,South Korea,19,2,11037,262,197,6,257,12
2020-05-17,South Korea,13,0,11050,262,176,6,257,12
2020-05-18,South Korea,15,1,11065,263,156,7,264,11
2020-05-19,South Korea,13,0,11078,263,142,5,274,9
2020-05-20,South Korea,32,0,11110,263,148,4,304,8
2020-05-21,South Korea,12,1,11122,264,131,4,312,8
2020-05-22,South Korea,20,0,11142,264,124,4,320,8
2020-05-23,South Korea,23,2,11165,266,128,4,325,10
2020-05-24,South Korea,25,0,11190,266,140,4,316,10
2020-05-25,South Korea,16,1,11206,267,141,4,297,11
2020-05-26,South Korea,19,2,11225,269,147,6,289,11
2020-05-27,South Korea,40,0,11265,269,155,6,303,10
2020-05-28,South Korea,79,0,11344,269,222,5,353,9
2020-05-29,South Korea,58,0,11402,269,260,5,384,9
2020-05-30,South Korea,39,0,11441,269,276,3,404,7
2020-05-31,South Korea,27,1,11468,270,278,4,418,8
2020-06-01,South Korea,35,1,11503,271,297,4,438,8
2020-06-02,South Korea,38,1,11541,272,316,3,463,9
2020-06-03,South Korea,49,1,11590,273,325,4,480,10
2020-06-04,South Korea,39,0,11629,273,285,4,507,9
2020-06-05,South Korea,39,0,11668,273,266,4,526,9
2020-06-06,South Korea,51,0,11719,273,278,4,554,7
2020-06-07,South Korea,57,0,11776,273,308,3,586,7
2020-06-08,South Korea,38,0,11814,273,311,2,608,6
2020-06-09,South Korea,38,1,11852,274,311,2,627,5
2020-06-10,South Korea,50,2,11902,276,312,3,637,7
2020-06-11,South Korea,45,0,11947,276,318,3,603,7
2020-06-12,South Korea,56,1,12003,277,335,4,601,8
2020-06-13,South Korea,48,0,12051,277,332,4,610,8
2020-06-14,South Korea,33,0,12084,277,308,4,616,7
2020-06-15,South Korea,37,0,12121,277,307,4,618,6
2020-06-16,South Korea,34,1,12155,278,303,4,614,6
2020-06-17,South Korea,43,1,12198,279,296,3,608,6
2020-06-18,South Korea,59,1,12257,280,310,4,628,7
2020-06-19,South Korea,49,0,12306,280,303,3,638,7
2020-06-20,South Korea,67,0,12373,280,322,3,654,7
2020-06-21,South Korea,48,0,12421,280,337,3,645,7
2020-06-22,South Korea,17,0,12438,280,317,3,624,7
2020-06-23,South Korea,46,1,12484,281,329,3,632,7
2020-06-24,South Korea,51,0,12535,281,337,2,633,5
2020-06-25,South Korea,28,1,12563,282,306,2,616,6
2020-06-26,South Korea,39,0,12602,282,296,2,599,5
2020-06-27,South Korea,51,0,12653,282,280,2,602,5
2020-06-28,South Korea,62,0,12715,282,294,2,631,5
2020-06-29,South Korea,42,0,12757,282,319,2,636,5
2020-06-30,South Korea,43,0,12800,282,316,1,645,4
2020-07-01,South Korea,50,0,12850,282,315,1,652,3
2020-07-02,South Korea,54,0,12904,282,341,0,647,2
2020-07-03,South Korea,63,0,12967,282,365,0,661,2
2020-07-04,South Korea,63,1,13030,283,377,1,657,3
2020-07-05,South Korea,61,0,13091,283,376,1,670,3
2020-07-06,South Korea,0,0,13091,283,334,1,653,3
2020-07-07,South Korea,90,2,13181,285,381,3,697,4
2020-07-08,South Korea,63,0,13244,285,394,3,709,4
2020-07-09,South Korea,49,2,13293,287,389,5,730,5
2020-07-10,South Korea,45,1,13338,288,371,6,736,6
2020-07-11,South Korea,35,0,13373,288,343,5,720,6
2020-07-12,South Korea,44,1,13417,289,326,6,702,7
2020-07-13,South Korea,62,0,13479,289,388,6,722,7
2020-07-14,South Korea,33,0,13512,289,331,4,712,7
2020-07-15,South Korea,39,0,13551,289,307,4,701,7
2020-07-16,South Korea,61,2,13612,291,319,4,708,9
2020-07-17,South Korea,60,2,13672,293,334,5,705,11
2020-07-18,South Korea,39,1,13711,294,338,6,681,11
2020-07-19,South Korea,34,1,13745,295,328,6,654,12
2020-07-20,South Korea,26,1,13771,296,292,7,680,13
2020-07-21,South Korea,45,0,13816,296,304,7,635,11
2020-07-22,South Korea,63,1,13879,297,328,8,635,12
2020-07-23,South Korea,59,0,13938,297,326,6,645,10
2020-07-24,South Korea,41,1,13979,298,307,5,641,10
2020-07-25,South Korea,113,0,14092,298,381,4,719,10
2020-07-26,South Korea,58,0,14150,298,405,3,733,9
2020-07-27,South Korea,25,1,14175,299,404,3,696,10
2020-07-28,South Korea,28,1,14203,300,387,4,691,11
2020-07-29,South Korea,48,0,14251,300,372,3,700,11
2020-07-30,South Korea,18,0,14269,300,331,3,657,9
2020-07-31,South Korea,36,1,14305,301,326,3,633,8
2020-08-01,South Korea,31,0,14336,301,244,3,625,7
2020-08-02,South Korea,0,0,14336,301,186,3,591,6
2020-08-03,South Korea,53,0,14389,301,214,2,618,5
2020-08-04,South Korea,34,0,14423,301,220,1,607,5
2020-08-05,South Korea,33,1,14456,302,205,2,577,5
2020-08-06,South Korea,43,0,14499,302,230,2,561,5
2020-08-07,South Korea,20,1,14519,303,214,2,540,5
2020-08-08,South Korea,43,1,14562,304,226,3,470,6
2020-08-09,South Korea,36,1,14598,305,262,4,448,7
2020-08-10,South Korea,28,0,14626,305,237,4,451,6
2020-08-11,South Korea,34,0,14660,305,237,4,457,5
2020-08-12,South Korea,54,0,14714,305,258,3,463,5
2020-08-13,South Korea,56,0,14770,305,271,3,501,5
2020-08-14,South Korea,103,0,14873,305,354,2,568,4
2020-08-15,South Korea,166,0,15039,305,477,1,703,4
2020-08-16,South Korea,279,0,15318,305,720,0,982,4
2020-08-17,South Korea,197,0,15515,305,889,0,1126,4
2020-08-18,South Korea,246,1,15761,306,1101,1,1338,5
2020-08-19,South Korea,297,0,16058,306,1344,1,1602,4
2020-08-20,South Korea,288,1,16346,307,1576,2,1847,5
2020-08-21,South Korea,324,2,16670,309,1797,4,2151,6
2020-08-22,South Korea,332,0,17002,309,1963,4,2440,5
2020-08-23,South Korea,397,0,17399,309,2081,4,2801,4
2020-08-24,South Korea,266,0,17665,309,2150,4,3039,4
2020-08-25,South Korea,280,1,17945,310,2184,4,3285,5
2020-08-26,South Korea,320,2,18265,312,2207,6,3551,7
2020-08-27,South Korea,441,1,18706,313,2360,6,3936,8
2020-08-28,South Korea,371,3,19077,316,2407,7,4204,11
2020-08-29,South Korea,323,5,19400,321,2398,12,4361,16
2020-08-30,South Korea,299,2,19699,323,2300,14,4381,18
2020-08-31,South Korea,248,1,19947,324,2282,15,4432,19
2020-04-01,South Sudan,0,0,0,0,0,0,0,0
2020-04-02,South Sudan,0,0,0,0,0,0,0,0
2020-04-03,South Sudan,0,0,0,0,0,0,0,0
2020-04-04,South Sudan,0,0,0,0,0,0,0,0
2020-04-05,South Sudan,0,0,0,0,0,0,0,0
2020-04-06,South Sudan,1,0,1,0,0,0,0,0
2020-04-07,South Sudan,0,0,1,0,0,0,0,0
2020-04-08,South Sudan,0,0,1,0,0,0,0,0
2020-04-09,South Sudan,1,0,2,0,0,0,0,0
2020-04-10,South Sudan,0,0,2,0,0,0,0,0
2020-04-11,South Sudan,1,0,3,0,0,0,0,0
2020-04-12,South Sudan,1,0,4,0,4,0,0,0
2020-04-13,South Sudan,0,0,4,0,3,0,0,0
2020-04-14,South Sudan,0,0,4,0,3,0,0,0
2020-04-15,South Sudan,0,0,4,0,3,0,0,0
2020-04-16,South Sudan,0,0,4,0,2,0,0,0
2020-04-17,South Sudan,0,0,4,0,2,0,0,0
2020-04-18,South Sudan,0,0,4,0,1,0,0,0
2020-04-19,South Sudan,0,0,4,0,0,0,4,0
2020-04-20,South Sudan,0,0,4,0,0,0,3,0
2020-04-21,South Sudan,0,0,4,0,0,0,3,0
2020-04-22,South Sudan,0,0,4,0,0,0,3,0
2020-04-23,South Sudan,0,0,4,0,0,0,2,0
2020-04-24,South Sudan,0,0,4,0,0,0,2,0
2020-04-25,South Sudan,1,0,5,0,1,0,2,0
2020-04-26,South Sudan,0,0,5,0,1,0,1,0
2020-04-27,South Sudan,1,0,6,0,2,0,2,0
2020-04-28,South Sudan,0,0,6,0,2,0,2,0
2020-04-29,South Sudan,28,0,34,0,30,0,30,0
2020-04-30,South Sudan,0,0,34,0,30,0,30,0
2020-05-01,South Sudan,1,0,35,0,31,0,31,0
2020-05-02,South Sudan,10,0,45,0,40,0,41,0
2020-05-03,South Sudan,0,0,45,0,40,0,41,0
2020-05-04,South Sudan,1,0,46,0,40,0,42,0
2020-05-05,South Sudan,0,0,46,0,40,0,42,0
2020-05-06,South Sudan,6,0,52,0,18,0,48,0
2020-05-07,South Sudan,22,0,74,0,40,0,70,0
2020-05-08,South Sudan,16,0,90,0,55,0,86,0
2020-05-09,South Sudan,30,0,120,0,75,0,115,0
2020-05-10,South Sudan,23,0,143,0,98,0,138,0
2020-05-11,South Sudan,13,0,156,0,110,0,150,0
2020-05-12,South Sudan,0,0,156,0,110,0,150,0
2020-05-13,South Sudan,38,0,194,0,142,0,160,0
2020-05-14,South Sudan,9,0,203,0,129,0,169,0
2020-05-15,South Sudan,28,1,231,1,141,1,196,1
2020-05-16,South Sudan,5,3,236,4,116,4,191,4
2020-05-17,South Sudan,0,0,236,4,93,4,191,4
2020-05-18,South Sudan,46,0,282,4,126,4,236,4
2020-05-19,South Sudan,0,0,282,4,126,4,236,4
2020-05-20,South Sudan,3,2,285,6,91,6,233,6
2020-05-21,South Sudan,0,0,285,6,82,6,211,6
2020-05-22,South Sudan,54,0,339,6,108,5,249,6
2020-05-23,South Sudan,0,0,339,6,103,2,219,6
2020-05-24,South Sudan,224,0,563,6,327,2,420,6
2020-05-25,South Sudan,0,0,563,6,281,2,407,6
2020-05-26,South Sudan,92,2,655,8,373,4,499,8
2020-05-27,South Sudan,151,0,806,8,521,2,612,8
2020-05-28,South Sudan,0,0,806,8,521,2,603,8
2020-05-29,South Sudan,0,0,806,8,467,2,575,7
2020-05-30,South Sudan,188,2,994,10,655,4,758,6
2020-05-31,South Sudan,0,0,994,10,431,4,758,6
2020-06-01,South Sudan,0,0,994,10,431,4,712,6
2020-06-02,South Sudan,0,0,994,10,339,2,712,6
2020-06-03,South Sudan,0,0,994,10,188,2,709,4
2020-06-04,South Sudan,0,0,994,10,188,2,709,4
2020-06-05,South Sudan,323,4,1317,14,511,6,978,8
2020-06-06,South Sudan,0,0,1317,14,323,4,978,8
2020-06-07,South Sudan,0,0,1317,14,323,4,754,8
2020-06-08,South Sudan,0,0,1317,14,323,4,754,8
2020-06-09,South Sudan,287,5,1604,19,610,9,949,11
2020-06-10,South Sudan,0,0,1604,19,610,9,798,11
2020-06-11,South Sudan,0,0,1604,19,610,9,798,11
2020-06-12,South Sudan,0,0,1604,19,287,5,798,11
2020-06-13,South Sudan,66,3,1670,22,353,8,676,12
2020-06-14,South Sudan,23,5,1693,27,376,13,699,17
2020-06-15,South Sudan,0,0,1693,27,376,13,699,17
2020-06-16,South Sudan,62,3,1755,30,151,11,761,20
2020-06-17,South Sudan,21,0,1776,30,172,11,782,20
2020-06-18,South Sudan,31,1,1807,31,203,12,813,21
2020-06-19,South Sudan,6,0,1813,31,209,12,496,17
2020-06-20,South Sudan,0,0,1813,31,143,9,496,17
2020-06-21,South Sudan,51,3,1864,34,171,7,547,20
2020-06-22,South Sudan,18,0,1882,34,189,7,565,20
2020-06-23,South Sudan,10,0,1892,34,137,4,288,15
2020-06-24,South Sudan,24,1,1916,35,140,5,312,16
2020-06-25,South Sudan,14,1,1930,36,123,5,326,17
2020-06-26,South Sudan,12,0,1942,36,129,5,338,17
2020-06-27,South Sudan,10,0,1952,36,139,5,282,14
2020-06-28,South Sudan,6,0,1958,36,94,2,265,9
2020-06-29,South Sudan,31,0,1989,36,107,2,296,9
2020-06-30,South Sudan,17,1,2006,37,114,3,251,7
2020-07-01,South Sudan,0,0,2006,37,90,2,230,7
2020-07-02,South Sudan,0,0,2006,37,76,1,199,6
2020-07-03,South Sudan,30,1,2036,38,94,2,223,7
2020-07-04,South Sudan,0,0,2036,38,84,2,223,7
2020-07-05,South Sudan,0,0,2036,38,78,2,172,4
2020-07-06,South Sudan,0,0,2036,38,47,2,154,4
2020-07-07,South Sudan,57,2,2093,40,87,3,201,6
2020-07-08,South Sudan,5,0,2098,40,92,3,182,5
2020-07-09,South Sudan,8,0,2106,40,100,3,176,4
2020-07-10,South Sudan,7,0,2113,40,77,2,171,4
2020-07-11,South Sudan,16,1,2129,41,93,3,177,5
2020-07-12,South Sudan,0,0,2129,41,93,3,171,5
2020-07-13,South Sudan,10,0,2139,41,103,3,150,5
2020-07-14,South Sudan,9,0,2148,41,55,1,142,4
2020-07-15,South Sudan,0,0,2148,41,50,1,142,4
2020-07-16,South Sudan,5,0,2153,41,47,1,147,4
2020-07-17,South Sudan,18,0,2171,41,58,1,135,3
2020-07-18,South Sudan,20,2,2191,43,62,2,155,5
2020-07-19,South Sudan,0,0,2191,43,62,2,155,5
2020-07-20,South Sudan,9,0,2200,43,61,2,164,5
2020-07-21,South Sudan,11,2,2211,45,63,4,118,5
2020-07-22,South Sudan,0,0,2211,45,63,4,113,5
2020-07-23,South Sudan,0,0,2211,45,58,4,105,5
2020-07-24,South Sudan,28,0,2239,45,68,4,126,5
2020-07-25,South Sudan,19,0,2258,45,67,2,129,4
2020-07-26,South Sudan,0,0,2258,45,67,2,129,4
2020-07-27,South Sudan,4,0,2262,45,62,2,123,4
2020-07-28,South Sudan,43,1,2305,46,94,1,157,5
2020-07-29,South Sudan,17,0,2322,46,111,1,174,5
2020-07-30,South Sudan,0,0,2322,46,111,1,169,5
2020-07-31,South Sudan,0,0,2322,46,83,1,151,5
2020-08-01,South Sudan,0,0,2322,46,64,1,131,3
2020-08-02,South Sudan,30,0,2352,46,94,1,161,3
2020-08-03,South Sudan,77,0,2429,46,167,1,229,3
2020-08-04,South Sudan,0,0,2429,46,124,0,218,1
2020-08-05,South Sudan,8,1,2437,47,115,1,226,2
2020-08-06,South Sudan,13,0,2450,47,128,1,239,2
2020-08-07,South Sudan,8,0,2458,47,136,1,219,2
2020-08-08,South Sudan,5,0,2463,47,141,1,205,2
2020-08-09,South Sudan,0,0,2463,47,111,1,205,2
2020-08-10,South Sudan,7,0,2470,47,41,1,208,2
2020-08-11,South Sudan,0,0,2470,47,41,1,165,1
2020-08-12,South Sudan,2,0,2472,47,35,0,150,1
2020-08-13,South Sudan,5,0,2477,47,27,0,155,1
2020-08-14,South Sudan,1,0,2478,47,20,0,156,1
2020-08-15,South Sudan,4,0,2482,47,19,0,160,1
2020-08-16,South Sudan,6,0,2488,47,25,0,136,1
2020-08-17,South Sudan,1,0,2489,47,19,0,60,1
2020-08-18,South Sudan,1,0,2490,47,20,0,61,1
2020-08-19,South Sudan,0,0,2490,47,18,0,53,0
2020-08-20,South Sudan,4,0,2494,47,17,0,44,0
2020-08-21,South Sudan,0,0,2494,47,16,0,36,0
2020-08-22,South Sudan,3,0,2497,47,15,0,34,0
2020-08-23,South Sudan,0,0,2497,47,9,0,34,0
2020-08-24,South Sudan,2,0,2499,47,10,0,29,0
2020-08-25,South Sudan,5,0,2504,47,14,0,34,0
2020-08-26,South Sudan,3,0,2507,47,17,0,35,0
2020-08-27,South Sudan,3,0,2510,47,16,0,33,0
2020-08-28,South Sudan,4,0,2514,47,20,0,36,0
2020-08-29,South Sudan,4,0,2518,47,21,0,36,0
2020-08-30,South Sudan,1,0,2519,47,22,0,31,0
2020-08-31,South Sudan,0,0,2519,47,20,0,30,0
2020-04-01,Spain,7413,849,111680,8189,54174,5493,93992,7698
2020-04-02,Spain,7583,864,119263,9053,52803,5619,97528,8455
2020-04-03,Spain,7272,950,126535,10003,50894,5914,100231,9236
2020-04-04,Spain,6663,932,133198,10935,49313,6077,101448,9933
2020-04-05,Spain,5533,809,138731,11744,48422,6054,102115,10418
2020-04-06,Spain,3667,674,142398,12418,46276,5890,101136,10698
2020-04-07,Spain,5209,637,147607,13055,43340,5715,98654,10873
2020-04-08,Spain,5583,743,153190,13798,41510,5609,95684,11102
2020-04-09,Spain,5745,757,158935,14555,39672,5502,92475,11121
2020-04-10,Spain,4537,683,163472,15238,36937,5235,87831,11149
2020-04-11,Spain,4550,605,168022,15843,34824,4908,84137,10985
2020-04-12,Spain,3899,510,171921,16353,33190,4609,81612,10663
2020-04-13,Spain,3030,619,174951,16972,32553,4554,78829,10444
2020-04-14,Spain,3116,517,178067,17489,30460,4434,73800,10149
2020-04-15,Spain,4424,787,182491,18276,29301,4478,70811,10087
2020-04-16,Spain,3820,617,186311,18893,27376,4338,67048,9840
2020-04-17,Spain,3818,585,190129,19478,26657,4240,63594,9475
2020-04-18,Spain,3836,565,193965,20043,25943,4200,60767,9108
2020-04-19,Spain,-713,410,193252,20453,21331,4100,54521,8709
2020-04-20,Spain,2218,399,195470,20852,20519,3880,53072,8434
2020-04-21,Spain,2951,430,198421,21282,20354,3793,50814,8227
2020-04-22,Spain,2312,435,200733,21717,18242,3441,47543,7919
2020-04-23,Spain,2916,440,203649,22157,17338,3264,44714,7602
2020-04-24,Spain,2114,367,205763,22524,15634,3046,42291,7286
2020-04-25,Spain,2506,378,208269,22902,14304,2859,40247,7059
2020-04-26,Spain,1641,288,209910,23190,16658,2737,37989,6837
2020-04-27,Spain,1660,0,211570,23190,16100,2338,36619,6218
2020-04-28,Spain,1525,632,213095,23822,14674,2540,35028,6333
2020-04-29,Spain,847,453,213942,24275,13209,2558,31451,5999
2020-04-30,Spain,1241,268,215183,24543,11534,2386,28872,5650
2020-05-01,Spain,1387,281,216570,24824,10807,2300,26441,5346
2020-05-02,Spain,1234,276,217804,25100,9535,2198,23839,5057
2020-05-03,Spain,935,164,218739,25264,8829,2074,25487,4811
2020-05-04,Spain,466,164,219205,25428,7635,2238,23735,4576
2020-05-05,Spain,1039,185,220244,25613,7149,1791,21823,4331
2020-05-06,Spain,880,244,221124,25857,7182,1582,20391,4140
2020-05-07,Spain,921,213,222045,26070,6862,1527,18396,3913
2020-05-08,Spain,1173,181,223218,26251,6648,1427,17455,3727
2020-05-09,Spain,743,227,223961,26478,6157,1378,15692,3576
2020-05-10,Spain,3416,143,227377,26621,8638,1357,17467,3431
2020-05-11,Spain,393,123,227770,26744,8565,1316,16200,3554
2020-05-12,Spain,482,176,228252,26920,8008,1307,15157,3098
2020-05-13,Spain,439,184,228691,27104,7567,1247,14749,2829
2020-05-14,Spain,849,217,229540,27321,7495,1251,14357,2778
2020-05-15,Spain,643,138,230183,27459,6965,1208,13613,2635
2020-05-16,Spain,515,104,230698,27563,6737,1085,12894,2463
2020-05-17,Spain,652,87,231350,27650,3973,1029,12611,2386
2020-05-18,Spain,256,59,231606,27709,3836,965,12401,2281
2020-05-19,Spain,431,69,232037,27778,3785,858,11793,2165
2020-05-20,Spain,518,110,232555,27888,3864,784,11431,2031
2020-05-21,Spain,482,52,233037,27940,3497,619,10992,1870
2020-05-22,Spain,1787,688,234824,28628,4641,1169,11606,2377
2020-05-23,Spain,466,50,235290,28678,4592,1115,11329,2200
2020-05-24,Spain,482,74,235772,28752,4422,1102,8395,2131
2020-05-25,Spain,-372,-1918,235400,26834,3794,-875,7630,90
2020-05-26,Spain,859,283,236259,27117,4222,-661,8007,197
2020-05-27,Spain,510,1,236769,27118,4214,-770,8078,14
2020-05-28,Spain,1137,1,237906,27119,4869,-821,8366,-202
2020-05-29,Spain,658,2,238564,27121,3740,-1507,8381,-338
2020-05-30,Spain,664,4,239228,27125,3938,-1553,8530,-438
2020-05-31,Spain,201,2,239429,27127,3657,-1625,8079,-523
2020-06-01,Spain,209,0,239638,27127,4238,293,8032,-582
2020-06-02,Spain,294,0,239932,27127,3673,10,7895,-651
2020-06-03,Spain,394,1,240326,27128,3557,10,7771,-760
2020-06-04,Spain,334,5,240660,27133,2754,14,7623,-807
2020-06-05,Spain,318,1,240978,27134,2414,13,6154,-1494
2020-06-06,Spain,332,1,241310,27135,2082,10,6020,-1543
2020-06-07,Spain,240,1,241550,27136,2121,9,5778,-1616
2020-06-08,Spain,167,0,241717,27136,2079,9,6317,302
2020-06-09,Spain,249,0,241966,27136,2034,9,5707,19
2020-06-10,Spain,314,0,242280,27136,1954,8,5511,18
2020-06-11,Spain,427,0,242707,27136,2047,3,4801,17
2020-06-12,Spain,502,0,243209,27136,2231,2,4645,15
2020-06-13,Spain,396,0,243605,27136,2295,1,4377,11
2020-06-14,Spain,323,0,243928,27136,2378,0,4499,9
2020-06-15,Spain,181,0,244109,27136,2392,0,4471,9
2020-06-16,Spain,219,0,244328,27136,2362,0,4396,9
2020-06-17,Spain,355,0,244683,27136,2403,0,4357,8
2020-06-18,Spain,585,0,245268,27136,2561,0,4608,3
2020-06-19,Spain,307,1179,245575,28315,2366,1179,4597,1181
2020-06-20,Spain,363,7,245938,28322,2333,1186,4628,1187
2020-06-21,Spain,334,1,246272,28323,2344,1187,4722,1187
2020-06-22,Spain,232,1,246504,28324,2395,1188,4787,1188
2020-06-23,Spain,248,1,246752,28325,2424,1189,4786,1189
2020-06-24,Spain,334,2,247086,28327,2403,1191,4806,1191
2020-06-25,Spain,400,3,247486,28330,2218,1194,4779,1194
2020-06-26,Spain,419,8,247905,28338,2330,23,4696,1202
2020-06-27,Spain,564,3,248469,28341,2531,19,4864,1205
2020-06-28,Spain,301,2,248770,28343,2498,20,4842,1207
2020-06-29,Spain,200,3,248970,28346,2466,22,4861,1210
2020-06-30,Spain,301,9,249271,28355,2519,30,4943,1219
2020-07-01,Spain,388,8,249659,28363,2573,36,4976,1227
2020-07-02,Spain,444,5,250103,28368,2617,38,4835,1232
2020-07-03,Spain,442,17,250545,28385,2640,47,4970,70
2020-07-04,Spain,0,0,250545,28385,2076,44,4607,63
2020-07-05,Spain,0,0,250545,28385,1775,42,4273,62
2020-07-06,Spain,1244,3,251789,28388,2819,42,5285,64
2020-07-07,Spain,341,4,252130,28392,2859,37,5378,67
2020-07-08,Spain,383,4,252513,28396,2854,33,5427,69
2020-07-09,Spain,543,5,253056,28401,2953,33,5570,71
2020-07-10,Spain,852,2,253908,28403,3363,18,6003,65
2020-07-11,Spain,0,0,253908,28403,3363,18,5439,62
2020-07-12,Spain,0,0,253908,28403,3363,18,5138,60
2020-07-13,Spain,2045,3,255953,28406,4164,18,6983,60
2020-07-14,Spain,666,3,256619,28409,4489,17,7348,54
2020-07-15,Spain,875,4,257494,28413,4981,17,7835,50
2020-07-16,Spain,1361,3,258855,28416,5799,15,8752,48
2020-07-17,Spain,1400,4,260255,28420,6347,17,9710,35
2020-07-18,Spain,0,0,260255,28420,6347,17,9710,35
2020-07-19,Spain,0,0,260255,28420,6347,17,9710,35
2020-07-20,Spain,4581,2,264836,28422,8883,16,13047,34
2020-07-21,Spain,1358,2,266194,28424,9575,15,14064,32
2020-07-22,Spain,1357,2,267551,28426,10057,13,15038,30
2020-07-23,Spain,2615,3,270166,28429,11311,13,17110,28
2020-07-24,Spain,2255,3,272421,28432,12166,12,18513,29
2020-07-25,Spain,0,0,272421,28432,12166,12,18513,29
2020-07-26,Spain,0,0,272421,28432,12166,12,18513,29
2020-07-27,Spain,6361,2,278782,28434,13946,12,22829,28
2020-07-28,Spain,1828,2,280610,28436,14416,12,23991,27
2020-07-29,Spain,2031,5,282641,28441,15090,15,25147,28
2020-07-30,Spain,2789,2,285430,28443,15264,14,26575,27
2020-07-31,Spain,3092,2,288522,28445,16101,13,28267,25
2020-08-01,Spain,0,0,288522,28445,16101,13,28267,25
2020-08-02,Spain,0,0,288522,28445,16101,13,28267,25
2020-08-03,Spain,8532,27,297054,28472,18272,38,32218,50
2020-08-04,Spain,5760,26,302814,28498,22204,62,36620,74
2020-08-05,Spain,2953,1,305767,28499,23126,58,38216,73
2020-08-06,Spain,4088,1,309855,28500,24425,57,39689,71
2020-08-07,Spain,4507,3,314362,28503,25840,58,41941,71
2020-08-08,Spain,0,0,314362,28503,25840,58,41941,71
2020-08-09,Spain,0,0,314362,28503,25840,58,41941,71
2020-08-10,Spain,8618,73,322980,28576,25926,104,44198,142
2020-08-11,Spain,3632,5,326612,28581,23798,83,46002,145
2020-08-12,Spain,3172,-2,329784,28579,24017,80,47143,138
2020-08-13,Spain,7550,26,337334,28605,27479,105,51904,162
2020-08-14,Spain,5479,12,342813,28617,28451,114,54291,172
2020-08-15,Spain,0,0,342813,28617,28451,114,54291,172
2020-08-16,Spain,0,0,342813,28617,28451,114,54291,172
2020-08-17,Spain,16269,29,359082,28646,36102,70,62028,174
2020-08-18,Spain,5114,24,364196,28670,37584,89,61382,172
2020-08-19,Spain,6671,127,370867,28797,41083,218,65100,298
2020-08-20,Spain,7039,16,377906,28813,40572,208,68051,313
2020-08-21,Spain,8148,25,386054,28838,43241,221,71692,335
2020-08-22,Spain,0,0,386054,28838,43241,221,71692,335
2020-08-23,Spain,0,0,386054,28838,43241,221,71692,335
2020-08-24,Spain,19382,34,405436,28872,46354,226,82456,296
2020-08-25,Spain,7117,52,412553,28924,48357,254,85941,343
2020-08-26,Spain,7296,47,419849,28971,48982,174,90065,392
2020-08-27,Spain,9658,25,429507,28996,51601,183,92173,391
2020-08-28,Spain,9779,15,439286,29011,53232,173,96473,394
2020-08-29,Spain,0,0,439286,29011,53232,173,96473,394
2020-08-30,Spain,0,0,439286,29011,53232,173,96473,394
2020-08-31,Spain,23572,83,462858,29094,57422,222,103776,448
2020-04-01,Sri Lanka,2,1,122,2,20,2,80,2
2020-04-02,Sri Lanka,21,0,143,2,41,2,101,2
2020-04-03,Sri Lanka,5,1,148,3,42,3,95,3
2020-04-04,Sri Lanka,3,1,151,4,45,4,85,4
2020-04-05,Sri Lanka,8,1,159,5,44,4,81,5
2020-04-06,Sri Lanka,7,0,166,5,46,4,79,5
2020-04-07,Sri Lanka,12,0,178,5,58,4,81,5
2020-04-08,Sri Lanka,7,1,185,6,63,4,83,6
2020-04-09,Sri Lanka,4,1,189,7,46,5,87,7
2020-04-10,Sri Lanka,1,0,190,7,42,4,84,7
2020-04-11,Sri Lanka,7,0,197,7,46,3,91,7
2020-04-12,Sri Lanka,2,0,199,7,40,2,84,6
2020-04-13,Sri Lanka,11,0,210,7,44,2,90,6
2020-04-14,Sri Lanka,8,0,218,7,40,2,98,6
2020-04-15,Sri Lanka,15,0,233,7,48,1,111,5
2020-04-16,Sri Lanka,4,0,237,7,48,0,94,5
2020-04-17,Sri Lanka,1,0,238,7,48,0,90,4
2020-04-18,Sri Lanka,6,0,244,7,47,0,93,3
2020-04-19,Sri Lanka,10,0,254,7,55,0,95,2
2020-04-20,Sri Lanka,41,0,295,7,85,0,129,2
2020-04-21,Sri Lanka,9,0,304,7,86,0,126,2
2020-04-22,Sri Lanka,6,0,310,7,77,0,125,1
2020-04-23,Sri Lanka,20,0,330,7,93,0,141,0
2020-04-24,Sri Lanka,38,0,368,7,130,0,178,0
2020-04-25,Sri Lanka,52,0,420,7,176,0,223,0
2020-04-26,Sri Lanka,42,0,462,7,208,0,263,0
2020-04-27,Sri Lanka,61,0,523,7,228,0,313,0
2020-04-28,Sri Lanka,65,0,588,7,284,0,370,0
2020-04-29,Sri Lanka,31,0,619,7,309,0,386,0
2020-04-30,Sri Lanka,30,0,649,7,319,0,412,0
2020-05-01,Sri Lanka,16,0,665,7,297,0,427,0
2020-05-02,Sri Lanka,25,0,690,7,270,0,446,0
2020-05-03,Sri Lanka,15,0,705,7,243,0,451,0
2020-05-04,Sri Lanka,13,0,718,7,195,0,423,0
2020-05-05,Sri Lanka,37,1,755,8,167,1,451,1
2020-05-06,Sri Lanka,16,1,771,9,152,2,461,2
2020-05-07,Sri Lanka,26,0,797,9,148,2,467,2
2020-05-08,Sri Lanka,27,0,824,9,159,2,456,2
2020-05-09,Sri Lanka,11,0,835,9,145,2,415,2
2020-05-10,Sri Lanka,12,0,847,9,142,2,385,2
2020-05-11,Sri Lanka,16,0,863,9,145,2,340,2
2020-05-12,Sri Lanka,6,0,869,9,114,1,281,2
2020-05-13,Sri Lanka,20,0,889,9,118,0,270,2
2020-05-14,Sri Lanka,26,0,915,9,118,0,266,2
2020-05-15,Sri Lanka,10,0,925,9,101,0,260,2
2020-05-16,Sri Lanka,10,0,935,9,100,0,245,2
2020-05-17,Sri Lanka,25,0,960,9,113,0,255,2
2020-05-18,Sri Lanka,21,0,981,9,118,0,263,2
2020-05-19,Sri Lanka,11,0,992,9,123,0,237,1
2020-05-20,Sri Lanka,35,0,1027,9,138,0,256,0
2020-05-21,Sri Lanka,1,0,1028,9,113,0,231,0
2020-05-22,Sri Lanka,27,0,1055,9,130,0,231,0
2020-05-23,Sri Lanka,13,0,1068,9,133,0,233,0
2020-05-24,Sri Lanka,21,0,1089,9,129,0,242,0
2020-05-25,Sri Lanka,52,0,1141,9,160,0,278,0
2020-05-26,Sri Lanka,41,1,1182,10,190,1,313,1
2020-05-27,Sri Lanka,137,0,1319,10,292,1,430,1
2020-05-28,Sri Lanka,150,0,1469,10,441,1,554,1
2020-05-29,Sri Lanka,61,0,1530,10,475,1,605,1
2020-05-30,Sri Lanka,28,0,1558,10,490,1,623,1
2020-05-31,Sri Lanka,62,0,1620,10,531,1,660,1
2020-06-01,Sri Lanka,13,0,1633,10,492,1,652,1
2020-06-02,Sri Lanka,10,1,1643,11,461,1,651,2
2020-06-03,Sri Lanka,40,0,1683,11,364,1,656,2
2020-06-04,Sri Lanka,66,0,1749,11,280,1,721,2
2020-06-05,Sri Lanka,48,0,1797,11,267,1,742,2
2020-06-06,Sri Lanka,4,0,1801,11,243,1,733,2
2020-06-07,Sri Lanka,13,0,1814,11,194,1,725,2
2020-06-08,Sri Lanka,21,0,1835,11,202,1,694,2
2020-06-09,Sri Lanka,22,0,1857,11,214,0,675,1
2020-06-10,Sri Lanka,2,0,1859,11,176,0,540,1
2020-06-11,Sri Lanka,10,0,1869,11,120,0,400,1
2020-06-12,Sri Lanka,8,0,1877,11,80,0,347,1
2020-06-13,Sri Lanka,3,0,1880,11,79,0,322,1
2020-06-14,Sri Lanka,4,0,1884,11,70,0,264,1
2020-06-15,Sri Lanka,5,0,1889,11,54,0,256,1
2020-06-16,Sri Lanka,16,0,1905,11,48,0,262,0
2020-06-17,Sri Lanka,10,0,1915,11,56,0,232,0
2020-06-18,Sri Lanka,9,0,1924,11,55,0,175,0
2020-06-19,Sri Lanka,23,0,1947,11,70,0,150,0
2020-06-20,Sri Lanka,3,0,1950,11,70,0,149,0
2020-06-21,Sri Lanka,0,0,1950,11,66,0,136,0
2020-06-22,Sri Lanka,0,0,1950,11,61,0,115,0
2020-06-23,Sri Lanka,1,0,1951,11,46,0,94,0
2020-06-24,Sri Lanka,40,0,1991,11,76,0,132,0
2020-06-25,Sri Lanka,10,0,2001,11,77,0,132,0
2020-06-26,Sri Lanka,9,0,2010,11,63,0,133,0
2020-06-27,Sri Lanka,4,0,2014,11,64,0,134,0
2020-06-28,Sri Lanka,19,0,2033,11,83,0,149,0
2020-06-29,Sri Lanka,4,0,2037,11,87,0,148,0
2020-06-30,Sri Lanka,5,0,2042,11,91,0,137,0
2020-07-01,Sri Lanka,5,0,2047,11,56,0,132,0
2020-07-02,Sri Lanka,7,0,2054,11,53,0,130,0
2020-07-03,Sri Lanka,12,0,2066,11,56,0,119,0
2020-07-04,Sri Lanka,3,0,2069,11,55,0,119,0
2020-07-05,Sri Lanka,5,0,2074,11,41,0,124,0
2020-07-06,Sri Lanka,2,0,2076,11,39,0,126,0
2020-07-07,Sri Lanka,2,0,2078,11,36,0,127,0
2020-07-08,Sri Lanka,3,0,2081,11,34,0,90,0
2020-07-09,Sri Lanka,13,0,2094,11,40,0,93,0
2020-07-10,Sri Lanka,256,0,2350,11,284,0,340,0
2020-07-11,Sri Lanka,104,0,2454,11,385,0,440,0
2020-07-12,Sri Lanka,57,0,2511,11,437,0,478,0
2020-07-13,Sri Lanka,106,0,2617,11,541,0,580,0
2020-07-14,Sri Lanka,29,0,2646,11,568,0,604,0
2020-07-15,Sri Lanka,19,0,2665,11,584,0,618,0
2020-07-16,Sri Lanka,9,0,2674,11,580,0,620,0
2020-07-17,Sri Lanka,13,0,2687,11,337,0,621,0
2020-07-18,Sri Lanka,10,0,2697,11,243,0,628,0
2020-07-19,Sri Lanka,7,0,2704,11,193,0,630,0
2020-07-20,Sri Lanka,20,0,2724,11,107,0,648,0
2020-07-21,Sri Lanka,6,0,2730,11,84,0,652,0
2020-07-22,Sri Lanka,0,0,2730,11,65,0,649,0
2020-07-23,Sri Lanka,22,0,2752,11,78,0,658,0
2020-07-24,Sri Lanka,1,0,2753,11,66,0,403,0
2020-07-25,Sri Lanka,11,0,2764,11,67,0,310,0
2020-07-26,Sri Lanka,6,0,2770,11,66,0,259,0
2020-07-27,Sri Lanka,12,0,2782,11,58,0,165,0
2020-07-28,Sri Lanka,23,0,2805,11,75,0,159,0
2020-07-29,Sri Lanka,5,0,2810,11,80,0,145,0
2020-07-30,Sri Lanka,1,0,2811,11,59,0,137,0
2020-07-31,Sri Lanka,3,0,2814,11,61,0,127,0
2020-08-01,Sri Lanka,1,0,2815,11,51,0,118,0
2020-08-02,Sri Lanka,0,0,2815,11,45,0,111,0
2020-08-03,Sri Lanka,8,0,2823,11,41,0,99,0
2020-08-04,Sri Lanka,5,0,2828,11,23,0,98,0
2020-08-05,Sri Lanka,6,0,2834,11,24,0,104,0
2020-08-06,Sri Lanka,5,0,2839,11,28,0,87,0
2020-08-07,Sri Lanka,0,0,2839,11,25,0,86,0
2020-08-08,Sri Lanka,0,0,2839,11,24,0,75,0
2020-08-09,Sri Lanka,2,0,2841,11,26,0,71,0
2020-08-10,Sri Lanka,3,0,2844,11,21,0,62,0
2020-08-11,Sri Lanka,27,0,2871,11,43,0,66,0
2020-08-12,Sri Lanka,9,0,2880,11,46,0,70,0
2020-08-13,Sri Lanka,1,0,2881,11,42,0,70,0
2020-08-14,Sri Lanka,1,0,2882,11,43,0,68,0
2020-08-15,Sri Lanka,4,0,2886,11,47,0,71,0
2020-08-16,Sri Lanka,4,0,2890,11,49,0,75,0
2020-08-17,Sri Lanka,3,0,2893,11,49,0,70,0
2020-08-18,Sri Lanka,7,0,2900,11,29,0,72,0
2020-08-19,Sri Lanka,2,0,2902,11,22,0,68,0
2020-08-20,Sri Lanka,0,0,2902,11,21,0,63,0
2020-08-21,Sri Lanka,16,0,2918,11,36,0,79,0
2020-08-22,Sri Lanka,23,0,2941,11,55,0,102,0
2020-08-23,Sri Lanka,6,1,2947,12,57,1,106,1
2020-08-24,Sri Lanka,6,0,2953,12,60,1,109,1
2020-08-25,Sri Lanka,6,0,2959,12,59,1,88,1
2020-08-26,Sri Lanka,12,0,2971,12,69,1,91,1
2020-08-27,Sri Lanka,13,0,2984,12,82,1,103,1
2020-08-28,Sri Lanka,2,0,2986,12,68,1,104,1
2020-08-29,Sri Lanka,3,0,2989,12,48,1,103,1
2020-08-30,Sri Lanka,6,0,2995,12,48,0,105,1
2020-08-31,Sri Lanka,17,0,3012,12,59,0,119,1
2020-04-01,Sudan,1,0,7,2,4,1,6,1
2020-04-02,Sudan,0,0,7,2,4,1,5,1
2020-04-03,Sudan,0,0,7,2,4,1,5,1
2020-04-04,Sudan,0,0,7,2,4,1,5,1
2020-04-05,Sudan,3,0,10,2,5,1,8,1
2020-04-06,Sudan,2,0,12,2,7,1,10,1
2020-04-07,Sudan,0,0,12,2,6,0,10,1
2020-04-08,Sudan,2,0,14,2,7,0,11,1
2020-04-09,Sudan,0,0,14,2,7,0,11,1
2020-04-10,Sudan,0,0,14,2,7,0,11,1
2020-04-11,Sudan,1,0,15,2,8,0,12,1
2020-04-12,Sudan,4,0,19,2,9,0,14,1
2020-04-13,Sudan,0,0,19,2,7,0,14,1
2020-04-14,Sudan,10,2,29,4,17,2,23,2
2020-04-15,Sudan,3,1,32,5,18,3,25,3
2020-04-16,Sudan,0,0,32,5,18,3,25,3
2020-04-17,Sudan,0,0,32,5,18,3,25,3
2020-04-18,Sudan,0,0,32,5,17,3,25,3
2020-04-19,Sudan,34,5,66,10,47,8,56,8
2020-04-20,Sudan,0,0,66,10,47,8,54,8
2020-04-21,Sudan,26,2,92,12,63,8,80,10
2020-04-22,Sudan,15,0,107,12,75,7,93,10
2020-04-23,Sudan,33,1,140,13,108,8,126,11
2020-04-24,Sudan,22,0,162,13,130,8,148,11
2020-04-25,Sudan,12,3,174,16,142,11,159,14
2020-04-26,Sudan,39,1,213,17,147,7,194,15
2020-04-27,Sudan,24,4,237,21,171,11,218,19
2020-04-28,Sudan,38,1,275,22,183,10,246,18
2020-04-29,Sudan,43,3,318,25,211,13,286,20
2020-04-30,Sudan,57,3,375,28,235,15,343,23
2020-05-01,Sudan,67,3,442,31,280,18,410,26
2020-05-02,Sudan,0,0,442,31,268,15,410,26
2020-05-03,Sudan,150,10,592,41,379,24,526,31
2020-05-04,Sudan,86,0,678,41,441,20,612,31
2020-05-05,Sudan,0,0,678,41,403,19,586,29
2020-05-06,Sudan,100,4,778,45,460,20,671,33
2020-05-07,Sudan,74,4,852,49,477,21,712,36
2020-05-08,Sudan,78,3,930,52,488,21,768,39
2020-05-09,Sudan,181,7,1111,59,669,28,937,43
2020-05-10,Sudan,53,5,1164,64,572,23,951,47
2020-05-11,Sudan,199,6,1363,70,685,29,1126,49
2020-05-12,Sudan,163,4,1526,74,848,33,1251,52
2020-05-13,Sudan,135,6,1661,80,883,35,1343,55
2020-05-14,Sudan,157,10,1818,90,966,41,1443,62
2020-05-15,Sudan,146,1,1964,91,1034,39,1522,60
2020-05-16,Sudan,0,0,1964,91,853,32,1522,60
2020-05-17,Sudan,0,0,1964,91,800,27,1372,50
2020-05-18,Sudan,325,6,2289,97,926,27,1611,56
2020-05-19,Sudan,302,8,2591,105,1065,31,1913,64
2020-05-20,Sudan,0,0,2591,105,930,25,1813,60
2020-05-21,Sudan,137,6,2728,111,910,21,1876,62
2020-05-22,Sudan,410,10,3138,121,1174,30,2208,69
2020-05-23,Sudan,240,16,3378,137,1414,46,2267,78
2020-05-24,Sudan,250,9,3628,146,1664,55,2464,82
2020-05-25,Sudan,6,0,3634,146,1345,49,2271,76
2020-05-26,Sudan,192,19,3826,165,1235,60,2300,91
2020-05-27,Sudan,150,5,3976,170,1385,65,2315,90
2020-05-28,Sudan,170,14,4146,184,1418,73,2328,94
2020-05-29,Sudan,200,11,4346,195,1208,74,2382,104
2020-05-30,Sudan,175,38,4521,233,1143,96,2557,142
2020-05-31,Sudan,279,29,4800,262,1172,116,2836,171
2020-06-01,Sudan,226,24,5026,286,1392,140,2737,189
2020-06-02,Sudan,147,12,5173,298,1347,133,2582,193
2020-06-03,Sudan,137,9,5310,307,1334,137,2719,202
2020-06-04,Sudan,0,0,5310,307,1164,123,2582,196
2020-06-05,Sudan,189,7,5499,314,1153,119,2361,193
2020-06-06,Sudan,215,19,5714,333,1193,100,2336,196
2020-06-07,Sudan,151,14,5865,347,1065,85,2237,201
2020-06-08,Sudan,218,12,6083,359,1057,73,2449,213
2020-06-09,Sudan,159,13,6242,372,1069,74,2416,207
2020-06-10,Sudan,0,0,6242,372,932,65,2266,202
2020-06-11,Sudan,185,17,6427,389,1117,82,2281,205
2020-06-12,Sudan,303,24,6730,413,1231,99,2384,218
2020-06-13,Sudan,149,20,6879,433,1165,100,2358,200
2020-06-14,Sudan,0,0,6879,433,1014,86,2079,171
2020-06-15,Sudan,341,26,7220,459,1137,100,2194,173
2020-06-16,Sudan,0,0,7220,459,978,87,2047,161
2020-06-17,Sudan,520,18,7740,477,1498,105,2430,170
2020-06-18,Sudan,280,10,8020,487,1593,98,2710,180
2020-06-19,Sudan,0,0,8020,487,1290,74,2521,173
2020-06-20,Sudan,296,19,8316,506,1437,73,2602,173
2020-06-21,Sudan,264,15,8580,521,1701,88,2715,174
2020-06-22,Sudan,0,0,8580,521,1360,62,2497,162
2020-06-23,Sudan,118,12,8698,533,1478,74,2456,161
2020-06-24,Sudan,191,15,8889,548,1149,71,2647,176
2020-06-25,Sudan,0,0,8889,548,869,61,2462,159
2020-06-26,Sudan,95,8,8984,556,964,69,2254,143
2020-06-27,Sudan,273,16,9257,572,941,66,2378,139
2020-06-28,Sudan,1,0,9258,572,678,51,2379,139
2020-06-29,Sudan,0,0,9258,572,678,51,2038,113
2020-06-30,Sudan,0,0,9258,572,560,39,2038,113
2020-07-01,Sudan,0,0,9258,572,369,24,1518,95
2020-07-02,Sudan,315,30,9573,602,684,54,1553,115
2020-07-03,Sudan,0,0,9573,602,589,46,1553,115
2020-07-04,Sudan,90,2,9663,604,406,32,1347,98
2020-07-05,Sudan,0,0,9663,604,405,32,1083,83
2020-07-06,Sudan,104,4,9767,608,509,36,1187,87
2020-07-07,Sudan,0,0,9767,608,509,36,1069,75
2020-07-08,Sudan,230,14,9997,622,739,50,1108,74
2020-07-09,Sudan,87,14,10084,636,511,34,1195,88
2020-07-10,Sudan,74,5,10158,641,585,39,1174,85
2020-07-11,Sudan,46,8,10204,649,541,45,947,77
2020-07-12,Sudan,46,1,10250,650,587,46,992,78
2020-07-13,Sudan,0,0,10250,650,483,42,992,78
2020-07-14,Sudan,66,7,10316,657,549,49,1058,85
2020-07-15,Sudan,0,0,10316,657,319,35,1058,85
2020-07-16,Sudan,211,11,10527,668,443,32,954,66
2020-07-17,Sudan,0,0,10527,668,369,27,954,66
2020-07-18,Sudan,0,0,10527,668,323,19,864,64
2020-07-19,Sudan,155,5,10682,673,432,23,1019,69
2020-07-20,Sudan,80,7,10762,680,512,30,995,72
2020-07-21,Sudan,230,13,10992,693,676,36,1225,85
2020-07-22,Sudan,135,13,11127,706,811,49,1130,84
2020-07-23,Sudan,0,0,11127,706,600,38,1043,70
2020-07-24,Sudan,110,2,11237,708,710,40,1079,67
2020-07-25,Sudan,0,0,11237,708,710,40,1033,59
2020-07-26,Sudan,65,7,11302,715,620,42,1052,65
2020-07-27,Sudan,83,2,11385,717,623,37,1135,67
2020-07-28,Sudan,39,3,11424,720,432,27,1108,63
2020-07-29,Sudan,72,5,11496,725,369,19,1180,68
2020-07-30,Sudan,0,0,11496,725,369,19,969,57
2020-07-31,Sudan,0,0,11496,725,259,17,969,57
2020-08-01,Sudan,148,21,11644,746,407,38,1117,78
2020-08-02,Sudan,0,0,11644,746,342,31,962,73
2020-08-03,Sudan,94,6,11738,752,353,35,976,72
2020-08-04,Sudan,0,0,11738,752,314,32,746,59
2020-08-05,Sudan,42,11,11780,763,284,38,653,57
2020-08-06,Sudan,0,0,11780,763,284,38,653,57
2020-08-07,Sudan,0,0,11780,763,284,38,543,55
2020-08-08,Sudan,70,6,11850,769,206,23,613,61
2020-08-09,Sudan,44,4,11894,773,250,27,592,58
2020-08-10,Sudan,0,0,11894,773,156,21,509,56
2020-08-11,Sudan,62,8,11956,781,218,29,532,61
2020-08-12,Sudan,77,5,12033,786,253,23,537,61
2020-08-13,Sudan,82,6,12115,792,335,29,619,67
2020-08-14,Sudan,0,0,12115,792,335,29,619,67
2020-08-15,Sudan,47,1,12162,793,312,24,518,47
2020-08-16,Sudan,152,5,12314,798,420,25,670,52
2020-08-17,Sudan,96,5,12410,803,516,30,672,51
2020-08-18,Sudan,0,0,12410,803,454,22,672,51
2020-08-19,Sudan,75,2,12485,805,452,19,705,42
2020-08-20,Sudan,61,3,12546,808,431,16,766,45
2020-08-21,Sudan,40,4,12586,812,471,20,806,49
2020-08-22,Sudan,37,0,12623,812,461,19,773,43
2020-08-23,Sudan,0,0,12623,812,309,14,729,39
2020-08-24,Sudan,213,3,12836,815,426,12,942,42
2020-08-25,Sudan,0,0,12836,815,426,12,880,34
2020-08-26,Sudan,138,4,12974,819,489,14,941,33
2020-08-27,Sudan,0,0,12974,819,428,11,859,27
2020-08-28,Sudan,71,4,13045,823,459,11,930,31
2020-08-29,Sudan,0,0,13045,823,422,11,883,30
2020-08-30,Sudan,144,0,13189,823,566,11,875,25
2020-08-31,Sudan,0,0,13189,823,353,8,779,20
2020-04-01,Suriname,2,0,10,0,2,0,9,0
2020-04-02,Suriname,0,0,10,0,2,0,9,0
2020-04-03,Suriname,0,0,10,0,2,0,9,0
2020-04-04,Suriname,0,1,10,1,2,1,9,1
2020-04-05,Suriname,0,0,10,1,2,1,5,1
2020-04-06,Suriname,0,0,10,1,2,1,5,1
2020-04-07,Suriname,0,0,10,1,2,1,4,1
2020-04-08,Suriname,0,0,10,1,0,1,2,1
2020-04-09,Suriname,0,0,10,1,0,1,2,1
2020-04-10,Suriname,0,0,10,1,0,1,2,1
2020-04-11,Suriname,0,0,10,1,0,0,2,1
2020-04-12,Suriname,0,0,10,1,0,0,2,1
2020-04-13,Suriname,0,0,10,1,0,0,2,1
2020-04-14,Suriname,0,0,10,1,0,0,2,1
2020-04-15,Suriname,0,0,10,1,0,0,0,1
2020-04-16,Suriname,0,0,10,1,0,0,0,1
2020-04-17,Suriname,0,0,10,1,0,0,0,1
2020-04-18,Suriname,0,0,10,1,0,0,0,0
2020-04-19,Suriname,0,0,10,1,0,0,0,0
2020-04-20,Suriname,0,0,10,1,0,0,0,0
2020-04-21,Suriname,0,0,10,1,0,0,0,0
2020-04-22,Suriname,0,0,10,1,0,0,0,0
2020-04-23,Suriname,0,0,10,1,0,0,0,0
2020-04-24,Suriname,0,0,10,1,0,0,0,0
2020-04-25,Suriname,0,0,10,1,0,0,0,0
2020-04-26,Suriname,0,0,10,1,0,0,0,0
2020-04-27,Suriname,0,0,10,1,0,0,0,0
2020-04-28,Suriname,0,0,10,1,0,0,0,0
2020-04-29,Suriname,0,0,10,1,0,0,0,0
2020-04-30,Suriname,0,0,10,1,0,0,0,0
2020-05-01,Suriname,0,0,10,1,0,0,0,0
2020-05-02,Suriname,0,0,10,1,0,0,0,0
2020-05-03,Suriname,0,0,10,1,0,0,0,0
2020-05-04,Suriname,0,0,10,1,0,0,0,0
2020-05-05,Suriname,0,0,10,1,0,0,0,0
2020-05-06,Suriname,0,0,10,1,0,0,0,0
2020-05-07,Suriname,0,0,10,1,0,0,0,0
2020-05-08,Suriname,0,0,10,1,0,0,0,0
2020-05-09,Suriname,0,0,10,1,0,0,0,0
2020-05-10,Suriname,0,0,10,1,0,0,0,0
2020-05-11,Suriname,0,0,10,1,0,0,0,0
2020-05-12,Suriname,0,0,10,1,0,0,0,0
2020-05-13,Suriname,0,0,10,1,0,0,0,0
2020-05-14,Suriname,0,0,10,1,0,0,0,0
2020-05-15,Suriname,0,0,10,1,0,0,0,0
2020-05-16,Suriname,0,0,10,1,0,0,0,0
2020-05-17,Suriname,0,0,10,1,0,0,0,0
2020-05-18,Suriname,0,0,10,1,0,0,0,0
2020-05-19,Suriname,1,0,11,1,1,0,1,0
2020-05-20,Suriname,0,0,11,1,1,0,1,0
2020-05-21,Suriname,0,0,11,1,1,0,1,0
2020-05-22,Suriname,0,0,11,1,1,0,1,0
2020-05-23,Suriname,0,0,11,1,1,0,1,0
2020-05-24,Suriname,0,0,11,1,1,0,1,0
2020-05-25,Suriname,0,0,11,1,1,0,1,0
2020-05-26,Suriname,0,0,11,1,0,0,1,0
2020-05-27,Suriname,0,0,11,1,0,0,1,0
2020-05-28,Suriname,1,0,12,1,1,0,2,0
2020-05-29,Suriname,0,0,12,1,1,0,2,0
2020-05-30,Suriname,0,0,12,1,1,0,2,0
2020-05-31,Suriname,2,0,14,1,3,0,4,0
2020-06-01,Suriname,9,0,23,1,12,0,13,0
2020-06-02,Suriname,21,0,44,1,33,0,33,0
2020-06-03,Suriname,10,0,54,1,43,0,43,0
2020-06-04,Suriname,20,0,74,1,62,0,63,0
2020-06-05,Suriname,8,0,82,1,70,0,71,0
2020-06-06,Suriname,9,0,91,1,79,0,80,0
2020-06-07,Suriname,9,0,100,1,86,0,89,0
2020-06-08,Suriname,22,0,122,1,99,0,111,0
2020-06-09,Suriname,8,1,130,2,86,1,119,1
2020-06-10,Suriname,7,0,137,2,83,1,126,1
2020-06-11,Suriname,0,0,137,2,63,1,125,1
2020-06-12,Suriname,31,0,168,2,86,1,156,1
2020-06-13,Suriname,19,1,187,3,96,2,175,2
2020-06-14,Suriname,9,0,196,3,96,2,182,2
2020-06-15,Suriname,12,0,208,3,86,2,185,2
2020-06-16,Suriname,21,2,229,5,99,3,185,4
2020-06-17,Suriname,7,1,236,6,99,4,182,5
2020-06-18,Suriname,25,0,261,6,124,4,187,5
2020-06-19,Suriname,16,1,277,7,109,5,195,6
2020-06-20,Suriname,16,1,293,8,106,5,202,7
2020-06-21,Suriname,9,0,302,8,106,5,202,7
2020-06-22,Suriname,12,0,314,8,106,5,192,7
2020-06-23,Suriname,5,0,319,8,90,3,189,6
2020-06-24,Suriname,0,1,319,9,83,3,182,7
2020-06-25,Suriname,38,1,357,10,96,4,220,8
2020-06-26,Suriname,16,0,373,10,96,3,205,8
2020-06-27,Suriname,18,0,391,10,98,2,204,7
2020-06-28,Suriname,0,0,391,10,89,2,195,7
2020-06-29,Suriname,99,1,490,11,176,3,282,8
2020-06-30,Suriname,11,2,501,13,182,5,272,8
2020-07-01,Suriname,16,0,517,13,198,4,281,7
2020-07-02,Suriname,18,0,535,13,178,3,274,7
2020-07-03,Suriname,12,0,547,13,174,3,270,6
2020-07-04,Suriname,14,0,561,13,170,3,268,5
2020-07-05,Suriname,4,1,565,14,174,4,263,6
2020-07-06,Suriname,29,0,594,14,104,3,280,6
2020-07-07,Suriname,20,0,614,14,113,1,295,6
2020-07-08,Suriname,0,0,614,14,97,1,295,5
2020-07-09,Suriname,51,3,665,17,130,4,308,7
2020-07-10,Suriname,29,0,694,17,147,4,321,7
2020-07-11,Suriname,32,1,726,18,165,5,335,8
2020-07-12,Suriname,15,0,741,18,176,4,350,8
2020-07-13,Suriname,0,0,741,18,147,4,251,7
2020-07-14,Suriname,39,0,780,18,166,4,279,5
2020-07-15,Suriname,21,0,801,18,187,4,284,5
2020-07-16,Suriname,48,0,849,18,184,1,314,5
2020-07-17,Suriname,69,0,918,18,224,1,371,5
2020-07-18,Suriname,25,1,943,19,217,1,382,6
2020-07-19,Suriname,58,1,1001,20,260,2,436,6
2020-07-20,Suriname,28,1,1029,21,288,3,435,7
2020-07-21,Suriname,50,0,1079,21,299,3,465,7
2020-07-22,Suriname,52,0,1131,21,330,3,517,7
2020-07-23,Suriname,45,0,1176,21,327,3,511,4
2020-07-24,Suriname,58,2,1234,23,316,5,540,6
2020-07-25,Suriname,71,0,1305,23,362,4,579,5
2020-07-26,Suriname,76,0,1381,23,380,3,640,5
2020-07-27,Suriname,58,0,1439,23,410,2,698,5
2020-07-28,Suriname,44,1,1483,24,404,3,703,6
2020-07-29,Suriname,27,0,1510,24,379,3,709,6
2020-07-30,Suriname,97,2,1607,26,431,5,758,8
2020-07-31,Suriname,43,0,1650,26,416,3,732,8
2020-08-01,Suriname,56,0,1706,26,401,3,763,7
2020-08-02,Suriname,54,0,1760,26,379,3,759,6
2020-08-03,Suriname,89,1,1849,27,410,4,820,6
2020-08-04,Suriname,44,0,1893,27,410,3,814,6
2020-08-05,Suriname,88,0,1981,27,471,3,850,6
2020-08-06,Suriname,69,0,2050,27,443,1,874,6
2020-08-07,Suriname,46,2,2096,29,446,3,862,6
2020-08-08,Suriname,107,0,2203,29,497,3,898,6
2020-08-09,Suriname,103,0,2306,29,546,3,925,6
2020-08-10,Suriname,85,0,2391,29,542,2,952,6
2020-08-11,Suriname,98,1,2489,30,596,3,1006,6
2020-08-12,Suriname,70,9,2559,39,578,12,1049,15
2020-08-13,Suriname,94,0,2653,39,603,12,1046,13
2020-08-14,Suriname,108,1,2761,40,665,11,1111,14
2020-08-15,Suriname,77,1,2838,41,635,12,1132,15
2020-08-16,Suriname,123,1,2961,42,655,13,1201,16
2020-08-17,Suriname,55,5,3016,47,625,18,1167,20
2020-08-18,Suriname,61,1,3077,48,588,18,1184,21
2020-08-19,Suriname,139,6,3216,54,657,15,1235,27
2020-08-20,Suriname,79,0,3295,54,642,15,1245,27
2020-08-21,Suriname,71,1,3366,55,605,15,1270,26
2020-08-22,Suriname,94,1,3460,56,622,15,1257,27
2020-08-23,Suriname,109,1,3569,57,608,15,1263,28
2020-08-24,Suriname,38,1,3607,58,591,11,1216,29
2020-08-25,Suriname,25,2,3632,60,555,12,1143,30
2020-08-26,Suriname,66,1,3698,61,482,7,1139,22
2020-08-27,Suriname,26,1,3724,62,429,8,1071,23
2020-08-28,Suriname,69,4,3793,66,427,11,1032,26
2020-08-29,Suriname,55,0,3848,66,388,10,1010,25
2020-08-30,Suriname,106,1,3954,67,385,10,993,25
2020-08-31,Suriname,55,0,4009,67,402,9,993,20
2020-04-01,Swaziland,0,0,9,0,5,0,8,0
2020-04-02,Swaziland,0,0,9,0,5,0,8,0
2020-04-03,Swaziland,0,0,9,0,3,0,8,0
2020-04-04,Swaziland,0,0,9,0,0,0,8,0
2020-04-05,Swaziland,0,0,9,0,0,0,8,0
2020-04-06,Swaziland,0,0,9,0,0,0,5,0
2020-04-07,Swaziland,1,0,10,0,1,0,6,0
2020-04-08,Swaziland,0,0,10,0,1,0,6,0
2020-04-09,Swaziland,2,0,12,0,3,0,8,0
2020-04-10,Swaziland,0,0,12,0,3,0,6,0
2020-04-11,Swaziland,0,0,12,0,3,0,3,0
2020-04-12,Swaziland,2,0,14,0,5,0,5,0
2020-04-13,Swaziland,0,0,14,0,5,0,5,0
2020-04-14,Swaziland,1,0,15,0,5,0,6,0
2020-04-15,Swaziland,0,0,15,0,5,0,6,0
2020-04-16,Swaziland,1,0,16,0,4,0,7,0
2020-04-17,Swaziland,0,0,16,0,4,0,7,0
2020-04-18,Swaziland,3,1,19,1,7,1,10,1
2020-04-19,Swaziland,0,0,19,1,5,1,10,1
2020-04-20,Swaziland,3,0,22,1,8,1,13,1
2020-04-21,Swaziland,2,0,24,1,9,1,14,1
2020-04-22,Swaziland,0,0,24,1,9,1,14,1
2020-04-23,Swaziland,7,0,31,1,15,1,19,1
2020-04-24,Swaziland,1,0,32,1,16,1,20,1
2020-04-25,Swaziland,8,0,40,1,21,0,28,1
2020-04-26,Swaziland,0,0,40,1,21,0,26,1
2020-04-27,Swaziland,19,0,59,1,37,0,45,1
2020-04-28,Swaziland,6,0,65,1,41,0,50,1
2020-04-29,Swaziland,6,0,71,1,47,0,56,1
2020-04-30,Swaziland,20,0,91,1,60,0,75,1
2020-05-01,Swaziland,9,0,100,1,68,0,84,1
2020-05-02,Swaziland,6,0,106,1,66,0,87,0
2020-05-03,Swaziland,2,0,108,1,68,0,89,0
2020-05-04,Swaziland,4,0,112,1,53,0,90,0
2020-05-05,Swaziland,4,0,116,1,51,0,92,0
2020-05-06,Swaziland,0,0,116,1,45,0,92,0
2020-05-07,Swaziland,7,1,123,2,32,1,92,1
2020-05-08,Swaziland,30,0,153,2,53,1,121,1
2020-05-09,Swaziland,6,0,159,2,53,1,119,1
2020-05-10,Swaziland,4,0,163,2,55,1,123,1
2020-05-11,Swaziland,9,0,172,2,60,1,113,1
2020-05-12,Swaziland,3,0,175,2,59,1,110,1
2020-05-13,Swaziland,9,0,184,2,68,1,113,1
2020-05-14,Swaziland,3,0,187,2,64,0,96,1
2020-05-15,Swaziland,0,0,187,2,34,0,87,1
2020-05-16,Swaziland,3,0,190,2,31,0,84,1
2020-05-17,Swaziland,12,0,202,2,39,0,94,1
2020-05-18,Swaziland,1,0,203,2,31,0,91,1
2020-05-19,Swaziland,0,0,203,2,28,0,87,1
2020-05-20,Swaziland,5,0,208,2,24,0,92,1
2020-05-21,Swaziland,9,0,217,2,30,0,94,0
2020-05-22,Swaziland,3,0,220,2,33,0,67,0
2020-05-23,Swaziland,0,0,220,2,30,0,61,0
2020-05-24,Swaziland,18,0,238,2,36,0,75,0
2020-05-25,Swaziland,12,0,250,2,47,0,78,0
2020-05-26,Swaziland,6,0,256,2,53,0,81,0
2020-05-27,Swaziland,5,0,261,2,53,0,77,0
2020-05-28,Swaziland,11,0,272,2,55,0,85,0
2020-05-29,Swaziland,7,0,279,2,59,0,92,0
2020-05-30,Swaziland,0,0,279,2,59,0,89,0
2020-05-31,Swaziland,4,0,283,2,45,0,81,0
2020-06-01,Swaziland,2,0,285,2,35,0,82,0
2020-06-02,Swaziland,8,1,293,3,37,1,90,1
2020-06-03,Swaziland,0,0,293,3,32,1,85,1
2020-06-04,Swaziland,2,0,295,3,23,1,78,1
2020-06-05,Swaziland,5,0,300,3,21,1,80,1
2020-06-06,Swaziland,5,0,305,3,26,1,85,1
2020-06-07,Swaziland,17,0,322,3,39,1,84,1
2020-06-08,Swaziland,11,0,333,3,48,1,83,1
2020-06-09,Swaziland,7,0,340,3,47,0,84,1
2020-06-10,Swaziland,31,0,371,3,78,0,110,1
2020-06-11,Swaziland,27,0,398,3,103,0,126,1
2020-06-12,Swaziland,51,0,449,3,149,0,170,1
2020-06-13,Swaziland,23,0,472,3,167,0,193,1
2020-06-14,Swaziland,14,0,486,3,164,0,203,1
2020-06-15,Swaziland,4,1,490,4,157,1,205,2
2020-06-16,Swaziland,16,0,506,4,166,1,213,1
2020-06-17,Swaziland,14,0,520,4,149,1,227,1
2020-06-18,Swaziland,43,0,563,4,165,1,268,1
2020-06-19,Swaziland,23,0,586,4,137,1,286,1
2020-06-20,Swaziland,37,0,623,4,151,1,318,1
2020-06-21,Swaziland,4,1,627,5,141,2,305,2
2020-06-22,Swaziland,8,0,635,5,145,1,302,2
2020-06-23,Swaziland,8,1,643,6,137,2,303,3
2020-06-24,Swaziland,31,1,674,7,154,3,303,4
2020-06-25,Swaziland,16,0,690,7,127,3,292,4
2020-06-26,Swaziland,16,1,706,8,120,4,257,5
2020-06-27,Swaziland,22,0,728,8,105,4,256,5
2020-06-28,Swaziland,17,0,745,8,118,3,259,5
2020-06-29,Swaziland,36,3,781,11,146,6,291,7
2020-06-30,Swaziland,14,0,795,11,152,5,289,7
2020-07-01,Swaziland,17,0,812,11,138,4,292,7
2020-07-02,Swaziland,28,0,840,11,150,4,277,7
2020-07-03,Swaziland,33,0,873,11,167,3,287,7
2020-07-04,Swaziland,36,2,909,13,181,5,286,9
2020-07-05,Swaziland,45,0,954,13,209,5,327,8
2020-07-06,Swaziland,34,0,988,13,207,2,353,8
2020-07-07,Swaziland,23,0,1011,13,216,2,368,7
2020-07-08,Swaziland,45,1,1056,14,244,3,382,7
2020-07-09,Swaziland,82,0,1138,14,298,3,448,7
2020-07-10,Swaziland,75,3,1213,17,340,6,507,9
2020-07-11,Swaziland,44,1,1257,18,348,5,529,10
2020-07-12,Swaziland,54,0,1311,18,357,5,566,10
2020-07-13,Swaziland,40,2,1351,20,363,7,570,9
2020-07-14,Swaziland,38,0,1389,20,378,7,594,9
2020-07-15,Swaziland,45,0,1434,20,378,6,622,9
2020-07-16,Swaziland,55,0,1489,20,351,6,649,9
2020-07-17,Swaziland,63,1,1552,21,339,4,679,10
2020-07-18,Swaziland,67,0,1619,21,362,3,710,8
2020-07-19,Swaziland,110,0,1729,21,418,3,775,8
2020-07-20,Swaziland,64,0,1793,21,442,1,805,8
2020-07-21,Swaziland,33,2,1826,23,437,3,815,10
2020-07-22,Swaziland,68,1,1894,24,460,4,838,10
2020-07-23,Swaziland,44,1,1938,25,449,5,800,11
2020-07-24,Swaziland,83,3,2021,28,469,7,808,11
2020-07-25,Swaziland,52,0,2073,28,454,7,816,10
2020-07-26,Swaziland,69,0,2142,28,413,7,831,10
2020-07-27,Swaziland,65,4,2207,32,414,11,856,12
2020-07-28,Swaziland,109,2,2316,34,490,11,927,14
2020-07-29,Swaziland,88,5,2404,39,510,15,970,19
2020-07-30,Swaziland,147,1,2551,40,613,15,1062,20
2020-07-31,Swaziland,26,0,2577,40,556,12,1025,19
2020-08-01,Swaziland,71,1,2648,41,575,13,1029,20
2020-08-02,Swaziland,58,2,2706,43,564,15,977,22
2020-08-03,Swaziland,69,0,2775,43,568,11,982,22
2020-08-04,Swaziland,63,2,2838,45,522,11,1012,22
2020-08-05,Swaziland,18,4,2856,49,452,10,962,25
2020-08-06,Swaziland,53,4,2909,53,358,13,971,28
2020-08-07,Swaziland,59,2,2968,55,391,15,947,27
2020-08-08,Swaziland,68,1,3036,56,388,15,963,28
2020-08-09,Swaziland,92,0,3128,56,422,13,986,28
2020-08-10,Swaziland,108,2,3236,58,461,15,1029,26
2020-08-11,Swaziland,73,3,3309,61,471,16,993,27
2020-08-12,Swaziland,101,2,3410,63,554,14,1006,24
2020-08-13,Swaziland,115,0,3525,63,616,10,974,23
2020-08-14,Swaziland,74,2,3599,65,631,10,1022,25
2020-08-15,Swaziland,71,3,3670,68,634,12,1022,27
2020-08-16,Swaziland,75,1,3745,69,617,13,1039,26
2020-08-17,Swaziland,94,1,3839,70,603,12,1064,27
2020-08-18,Swaziland,55,3,3894,73,585,12,1056,28
2020-08-19,Swaziland,95,3,3989,76,579,13,1133,27
2020-08-20,Swaziland,69,3,4058,79,533,16,1149,26
2020-08-21,Swaziland,52,2,4110,81,511,16,1142,26
2020-08-22,Swaziland,18,0,4128,81,458,13,1092,25
2020-08-23,Swaziland,61,2,4189,83,444,14,1061,27
2020-08-24,Swaziland,36,2,4225,85,386,15,989,27
2020-08-25,Swaziland,79,0,4304,85,410,12,995,24
2020-08-26,Swaziland,23,1,4327,86,338,10,917,23
2020-08-27,Swaziland,60,2,4387,88,329,9,862,25
2020-08-28,Swaziland,46,1,4433,89,323,8,834,24
2020-08-29,Swaziland,28,2,4461,91,333,10,791,23
2020-08-30,Swaziland,49,0,4510,91,321,8,765,22
2020-08-31,Swaziland,51,0,4561,91,336,6,722,21
2020-04-01,Sweden,475,48,4835,337,2436,251,3570,324
2020-04-02,Sweden,486,53,5321,390,2608,282,3911,371
2020-04-03,Sweden,554,70,5875,460,2876,321,4322,434
2020-04-04,Sweden,601,80,6476,540,3112,369,4743,505
2020-04-05,Sweden,357,70,6833,610,3169,404,4964,567
2020-04-06,Sweden,340,85,7173,695,3229,451,5186,641
2020-04-07,Sweden,389,90,7562,785,3202,496,5393,720
2020-04-08,Sweden,738,84,8300,869,3465,532,5901,783
2020-04-09,Sweden,655,115,8955,984,3634,594,6242,876
2020-04-10,Sweden,645,86,9600,1070,3725,610,6601,931
2020-04-11,Sweden,454,90,10054,1160,3578,620,6690,989
2020-04-12,Sweden,395,103,10449,1263,3616,653,6785,1057
2020-04-13,Sweden,464,97,10913,1360,3740,665,6969,1116
2020-04-14,Sweden,437,85,11350,1445,3788,660,6990,1156
2020-04-15,Sweden,479,91,11829,1536,3529,667,6994,1199
2020-04-16,Sweden,604,115,12433,1651,3478,667,7112,1261
2020-04-17,Sweden,623,111,13056,1762,3456,692,7181,1302
2020-04-18,Sweden,688,82,13744,1844,3690,684,7268,1304
2020-04-19,Sweden,532,86,14276,1930,3827,667,7443,1320
2020-04-20,Sweden,388,88,14664,2018,3751,658,7491,1323
2020-04-21,Sweden,461,84,15125,2102,3775,657,7563,1317
2020-04-22,Sweden,707,62,15832,2164,4003,628,7532,1295
2020-04-23,Sweden,722,77,16554,2241,4121,590,7599,1257
2020-04-24,Sweden,758,86,17312,2327,4256,565,7712,1257
2020-04-25,Sweden,780,89,18092,2416,4348,572,8038,1256
2020-04-26,Sweden,473,73,18565,2489,4289,559,8116,1226
2020-04-27,Sweden,300,75,18865,2564,4201,546,7952,1204
2020-04-28,Sweden,563,73,19428,2637,4303,535,8078,1192
2020-04-29,Sweden,742,82,20170,2719,4338,555,8341,1183
2020-04-30,Sweden,798,84,20968,2803,4414,562,8535,1152
2020-05-01,Sweden,635,78,21603,2881,4291,554,8547,1119
2020-05-02,Sweden,532,78,22135,2959,4043,543,8391,1115
2020-05-03,Sweden,299,73,22434,3032,3869,543,8158,1102
2020-05-04,Sweden,261,75,22695,3107,3830,543,8031,1089
2020-05-05,Sweden,476,84,23171,3191,3743,554,8046,1089
2020-05-06,Sweden,657,72,23828,3263,3658,544,7996,1099
2020-05-07,Sweden,745,73,24573,3336,3605,533,8019,1095
2020-05-08,Sweden,784,80,25357,3416,3754,535,8045,1089
2020-05-09,Sweden,700,60,26057,3476,3922,517,7965,1060
2020-05-10,Sweden,509,69,26566,3545,4132,513,8001,1056
2020-05-11,Sweden,278,74,26844,3619,4149,512,7979,1055
2020-05-12,Sweden,455,64,27299,3683,4128,492,7871,1046
2020-05-13,Sweden,754,61,28053,3744,4225,481,7883,1025
2020-05-14,Sweden,698,50,28751,3794,4178,458,7783,991
2020-05-15,Sweden,657,46,29408,3840,4051,424,7805,959
2020-05-16,Sweden,688,58,30096,3898,4039,422,7961,939
2020-05-17,Sweden,358,49,30454,3947,3888,402,8020,915
2020-05-18,Sweden,259,53,30713,4000,3869,381,8018,893
2020-05-19,Sweden,430,61,31143,4061,3844,378,7972,870
2020-05-20,Sweden,666,40,31809,4101,3756,357,7981,838
2020-05-21,Sweden,808,54,32617,4155,3866,361,8044,819
2020-05-22,Sweden,610,54,33227,4209,3819,369,7870,793
2020-05-23,Sweden,532,56,33759,4265,3663,367,7702,789
2020-05-24,Sweden,403,56,34162,4321,3708,374,7596,776
2020-05-25,Sweden,210,44,34372,4365,3659,365,7528,746
2020-05-26,Sweden,491,42,34863,4407,3720,346,7564,724
2020-05-27,Sweden,746,28,35609,4435,3800,334,7556,691
2020-05-28,Sweden,800,39,36409,4474,3792,319,7658,680
2020-05-29,Sweden,774,40,37183,4514,3956,305,7775,674
2020-05-30,Sweden,773,40,37956,4554,4197,289,7860,656
2020-05-31,Sweden,432,39,38388,4593,4226,272,7934,646
2020-06-01,Sweden,265,45,38653,4638,4281,273,7940,638
2020-06-02,Sweden,648,40,39301,4678,4438,271,8158,617
2020-06-03,Sweden,901,37,40202,4715,4593,280,8393,614
2020-06-04,Sweden,1046,26,41248,4741,4839,267,8631,586
2020-06-05,Sweden,1039,45,42287,4786,5104,272,9060,577
2020-06-06,Sweden,1146,38,43433,4824,5477,270,9674,559
2020-06-07,Sweden,780,31,44213,4855,5825,262,10051,534
2020-06-08,Sweden,462,33,44675,4888,6022,250,10303,523
2020-06-09,Sweden,677,38,45352,4926,6051,248,10489,519
2020-06-10,Sweden,936,33,46288,4959,6086,244,10679,524
2020-06-11,Sweden,1437,40,47725,4999,6477,258,11316,525
2020-06-12,Sweden,1293,36,49018,5035,6731,249,11835,521
2020-06-13,Sweden,1329,30,50347,5065,6914,241,12391,511
2020-06-14,Sweden,1032,33,51379,5098,7166,243,12991,505
2020-06-15,Sweden,418,27,51797,5125,7122,237,13144,487
2020-06-16,Sweden,684,31,52481,5156,7129,230,13180,478
2020-06-17,Sweden,1209,28,53690,5184,7402,225,13488,469
2020-06-18,Sweden,1457,33,55147,5217,7422,218,13899,476
2020-06-19,Sweden,1494,29,56641,5246,7623,211,14354,460
2020-06-20,Sweden,1209,29,57850,5275,7503,210,14417,451
2020-06-21,Sweden,698,29,58548,5304,7169,206,14335,449
2020-06-22,Sweden,321,21,58869,5325,7072,200,14194,437
2020-06-23,Sweden,800,21,59669,5346,7188,190,14317,420
2020-06-24,Sweden,1310,25,60979,5371,7289,187,14691,412
2020-06-25,Sweden,1698,22,62677,5393,7530,176,14952,394
2020-06-26,Sweden,1279,24,63956,5417,7315,171,14938,382
2020-06-27,Sweden,1204,12,65160,5429,7310,154,14813,364
2020-06-28,Sweden,755,14,65915,5443,7367,139,14536,345
2020-06-29,Sweden,415,22,66330,5465,7461,140,14533,340
2020-06-30,Sweden,727,18,67057,5483,7388,137,14576,327
2020-07-01,Sweden,803,20,67860,5503,6881,132,14170,319
2020-07-02,Sweden,684,17,68544,5520,5867,127,13397,303
2020-07-03,Sweden,687,15,69231,5535,5275,118,12590,289
2020-07-04,Sweden,694,8,69925,5543,4765,114,12075,268
2020-07-05,Sweden,364,15,70289,5558,4374,115,11741,254
2020-07-06,Sweden,315,9,70604,5567,4274,102,11735,242
2020-07-07,Sweden,251,16,70855,5583,3798,100,11186,237
2020-07-08,Sweden,278,12,71133,5595,3273,92,10154,224
2020-07-09,Sweden,533,11,71666,5606,3122,86,8989,213
2020-07-10,Sweden,334,15,72000,5621,2769,86,8044,204
2020-07-11,Sweden,369,14,72369,5635,2444,92,7209,206
2020-07-12,Sweden,308,10,72677,5645,2388,87,6762,202
2020-07-13,Sweden,106,9,72783,5654,2179,87,6453,189
2020-07-14,Sweden,170,14,72953,5668,2098,85,5896,185
2020-07-15,Sweden,312,8,73265,5676,2132,81,5405,173
2020-07-16,Sweden,287,6,73552,5682,1886,76,5008,162
2020-07-17,Sweden,268,7,73820,5689,1820,68,4589,154
2020-07-18,Sweden,284,7,74104,5696,1735,61,4179,153
2020-07-19,Sweden,191,11,74295,5707,1618,62,4006,149
2020-07-20,Sweden,110,8,74405,5715,1622,61,3801,148
2020-07-21,Sweden,131,7,74536,5722,1583,54,3681,139
2020-07-22,Sweden,226,7,74762,5729,1497,53,3629,134
2020-07-23,Sweden,297,6,75059,5735,1507,53,3393,129
2020-07-24,Sweden,220,5,75279,5740,1459,51,3279,119
2020-07-25,Sweden,262,3,75541,5743,1437,47,3172,108
2020-07-26,Sweden,138,1,75679,5744,1384,37,3002,99
2020-07-27,Sweden,42,2,75721,5746,1316,31,2938,92
2020-07-28,Sweden,71,6,75792,5752,1256,30,2839,84
2020-07-29,Sweden,283,5,76075,5757,1313,28,2810,81
2020-07-30,Sweden,301,2,76376,5759,1317,24,2824,77
2020-07-31,Sweden,302,0,76678,5759,1399,19,2858,70
2020-08-01,Sweden,258,3,76936,5762,1395,19,2832,66
2020-08-02,Sweden,303,3,77239,5765,1560,21,2944,58
2020-08-03,Sweden,38,1,77277,5766,1556,20,2872,51
2020-08-04,Sweden,165,4,77442,5770,1650,18,2906,48
2020-08-05,Sweden,333,2,77775,5772,1700,15,3013,43
2020-08-06,Sweden,425,3,78200,5775,1824,16,3141,40
2020-08-07,Sweden,378,4,78578,5779,1900,20,3299,39
2020-08-08,Sweden,380,3,78958,5782,2022,20,3417,39
2020-08-09,Sweden,260,1,79218,5783,1979,18,3539,39
2020-08-10,Sweden,73,4,79291,5787,2014,21,3570,41
2020-08-11,Sweden,196,2,79487,5789,2045,19,3695,37
2020-08-12,Sweden,417,4,79904,5793,2129,21,3829,36
2020-08-13,Sweden,444,3,80348,5796,2148,21,3972,37
2020-08-14,Sweden,362,6,80710,5802,2132,23,4032,43
2020-08-15,Sweden,344,1,81054,5803,2096,21,4118,41
2020-08-16,Sweden,226,1,81280,5804,2062,21,4041,39
2020-08-17,Sweden,63,0,81343,5804,2052,17,4066,38
2020-08-18,Sweden,174,3,81517,5807,2030,18,4075,37
2020-08-19,Sweden,314,5,81831,5812,1927,19,4056,40
2020-08-20,Sweden,351,1,82182,5813,1834,17,3982,38
2020-08-21,Sweden,333,2,82515,5815,1805,13,3937,36
2020-08-22,Sweden,298,5,82813,5820,1759,17,3855,38
2020-08-23,Sweden,160,1,82973,5821,1693,17,3755,38
2020-08-24,Sweden,57,3,83030,5824,1687,20,3739,37
2020-08-25,Sweden,174,1,83204,5825,1687,18,3717,36
2020-08-26,Sweden,223,1,83427,5826,1596,14,3523,33
2020-08-27,Sweden,244,2,83671,5828,1489,15,3323,32
2020-08-28,Sweden,202,0,83873,5828,1358,13,3163,26
2020-08-29,Sweden,179,1,84052,5829,1239,9,2998,26
2020-08-30,Sweden,131,1,84183,5830,1210,9,2903,26
2020-08-31,Sweden,48,2,84231,5832,1201,8,2888,28
2020-04-01,Switzerland,696,78,16108,373,7319,287,13458,354
2020-04-02,Switzerland,962,5,17070,378,7356,275,14067,353
2020-04-03,Switzerland,1124,54,18194,432,7480,271,14331,399
2020-04-04,Switzerland,1033,52,19227,484,7123,287,14421,441
2020-04-05,Switzerland,974,56,20201,540,7049,305,14124,484
2020-04-06,Switzerland,821,19,21022,559,6748,302,14051,499
2020-04-07,Switzerland,552,25,21574,584,6162,289,13559,518
2020-04-08,Switzerland,590,57,22164,641,6056,268,13375,555
2020-04-09,Switzerland,546,64,22710,705,5640,327,12996,602
2020-04-10,Switzerland,785,51,23495,756,5301,324,12781,595
2020-04-11,Switzerland,733,49,24228,805,5001,321,12124,608
2020-04-12,Switzerland,592,26,24820,831,4619,291,11668,596
2020-04-13,Switzerland,400,27,25220,858,4198,299,10946,601
2020-04-14,Switzerland,279,0,25499,858,3925,274,10087,563
2020-04-15,Switzerland,254,42,25753,900,3589,259,9645,527
2020-04-16,Switzerland,583,73,26336,973,3626,268,9266,595
2020-04-17,Switzerland,315,43,26651,1016,3156,260,8457,584
2020-04-18,Switzerland,346,42,26997,1058,2769,253,7770,574
2020-04-19,Switzerland,325,52,27322,1110,2502,279,7121,570
2020-04-20,Switzerland,336,24,27658,1134,2438,276,6636,575
2020-04-21,Switzerland,168,7,27826,1141,2327,283,6252,557
2020-04-22,Switzerland,155,45,27981,1186,2228,286,5817,545
2020-04-23,Switzerland,205,30,28186,1216,1850,243,5476,511
2020-04-24,Switzerland,228,51,28414,1267,1763,251,4919,511
2020-04-25,Switzerland,181,41,28595,1308,1598,250,4367,503
2020-04-26,Switzerland,216,20,28811,1328,1489,218,3991,497
2020-04-27,Switzerland,167,8,28978,1336,1320,202,3758,478
2020-04-28,Switzerland,103,16,29081,1352,1255,211,3582,494
2020-04-29,Switzerland,100,27,29181,1379,1200,193,3428,479
2020-04-30,Switzerland,143,28,29324,1407,1138,191,2988,434
2020-05-01,Switzerland,179,15,29503,1422,1089,155,2852,406
2020-05-02,Switzerland,119,12,29622,1434,1027,126,2625,376
2020-05-03,Switzerland,112,32,29734,1466,923,138,2412,356
2020-05-04,Switzerland,88,6,29822,1472,844,136,2164,338
2020-05-05,Switzerland,76,4,29898,1476,817,124,2072,335
2020-05-06,Switzerland,28,6,29926,1482,745,103,1945,296
2020-05-07,Switzerland,51,22,29977,1504,653,97,1791,288
2020-05-08,Switzerland,66,13,30043,1517,540,95,1629,250
2020-05-09,Switzerland,81,8,30124,1525,502,91,1529,217
2020-05-10,Switzerland,44,6,30168,1531,434,65,1357,203
2020-05-11,Switzerland,54,6,30222,1537,400,65,1244,201
2020-05-12,Switzerland,39,5,30261,1542,363,66,1180,190
2020-05-13,Switzerland,36,18,30297,1560,371,78,1116,181
2020-05-14,Switzerland,33,3,30330,1563,353,59,1006,156
2020-05-15,Switzerland,50,25,30380,1588,337,71,877,166
2020-05-16,Switzerland,51,6,30431,1594,307,69,809,160
2020-05-17,Switzerland,58,7,30489,1601,321,70,755,135
2020-05-18,Switzerland,15,1,30504,1602,282,65,682,130
2020-05-19,Switzerland,10,0,30514,1602,253,60,616,126
2020-05-20,Switzerland,21,11,30535,1613,238,53,609,131
2020-05-21,Switzerland,40,16,30575,1629,245,66,598,125
2020-05-22,Switzerland,36,8,30611,1637,231,49,568,120
2020-05-23,Switzerland,13,0,30624,1637,193,43,500,112
2020-05-24,Switzerland,18,4,30642,1641,153,40,474,110
2020-05-25,Switzerland,11,0,30653,1641,149,39,431,104
2020-05-26,Switzerland,10,0,30663,1641,149,39,402,99
2020-05-27,Switzerland,15,6,30678,1647,143,34,381,87
2020-05-28,Switzerland,0,0,30678,1647,103,18,348,84
2020-05-29,Switzerland,35,7,30713,1654,102,17,333,66
2020-05-30,Switzerland,32,2,30745,1656,121,19,314,62
2020-05-31,Switzerland,17,0,30762,1656,120,15,273,55
2020-06-01,Switzerland,17,0,30779,1656,126,15,275,54
2020-06-02,Switzerland,9,0,30788,1656,125,15,274,54
2020-06-03,Switzerland,3,0,30791,1656,113,9,256,43
2020-06-04,Switzerland,19,3,30810,1659,132,12,235,30
2020-06-05,Switzerland,20,0,30830,1659,117,5,219,22
2020-06-06,Switzerland,23,0,30853,1659,108,3,229,22
2020-06-07,Switzerland,20,1,30873,1660,111,4,231,19
2020-06-08,Switzerland,9,0,30882,1660,103,4,229,19
2020-06-09,Switzerland,7,0,30889,1660,101,4,226,19
2020-06-10,Switzerland,16,2,30905,1662,114,6,227,15
2020-06-11,Switzerland,23,12,30928,1674,118,15,250,27
2020-06-12,Switzerland,33,0,30961,1674,131,15,248,20
2020-06-13,Switzerland,19,2,30980,1676,127,17,235,20
2020-06-14,Switzerland,31,0,31011,1676,138,16,249,20
2020-06-15,Switzerland,23,0,31034,1676,152,16,255,20
2020-06-16,Switzerland,14,0,31048,1676,159,16,260,20
2020-06-17,Switzerland,15,1,31063,1677,158,15,272,21
2020-06-18,Switzerland,37,0,31100,1677,172,3,290,18
2020-06-19,Switzerland,17,0,31117,1677,156,3,287,18
2020-06-20,Switzerland,92,0,31209,1677,229,1,356,18
2020-06-21,Switzerland,0,0,31209,1677,198,1,336,17
2020-06-22,Switzerland,0,2,31209,1679,175,3,327,19
2020-06-23,Switzerland,18,0,31227,1679,179,3,338,19
2020-06-24,Switzerland,22,0,31249,1679,186,2,344,17
2020-06-25,Switzerland,44,2,31293,1681,193,4,365,7
2020-06-26,Switzerland,52,0,31345,1681,228,4,384,7
2020-06-27,Switzerland,58,0,31403,1681,194,4,423,5
2020-06-28,Switzerland,69,0,31472,1681,263,4,461,5
2020-06-29,Switzerland,62,0,31534,1681,325,2,500,5
2020-06-30,Switzerland,35,0,31569,1681,342,2,521,5
2020-07-01,Switzerland,62,2,31631,1683,382,4,568,6
2020-07-02,Switzerland,220,1,31851,1684,558,3,751,7
2020-07-03,Switzerland,33,1,31884,1685,539,4,767,8
2020-07-04,Switzerland,133,0,32017,1685,614,4,808,8
2020-07-05,Switzerland,97,0,32114,1685,642,4,905,8
2020-07-06,Switzerland,70,0,32184,1685,650,4,975,6
2020-07-07,Switzerland,46,0,32230,1685,661,4,1003,6
2020-07-08,Switzerland,54,0,32284,1685,653,2,1035,6
2020-07-09,Switzerland,129,0,32413,1685,562,1,1120,4
2020-07-10,Switzerland,88,0,32501,1685,617,0,1156,4
2020-07-11,Switzerland,104,0,32605,1685,588,0,1202,4
2020-07-12,Switzerland,108,0,32713,1685,599,0,1241,4
2020-07-13,Switzerland,85,0,32798,1685,614,0,1264,4
2020-07-14,Switzerland,63,0,32861,1685,631,0,1292,4
2020-07-15,Switzerland,70,2,32931,1687,647,2,1300,4
2020-07-16,Switzerland,132,0,33063,1687,650,2,1212,3
2020-07-17,Switzerland,142,0,33205,1687,704,2,1321,2
2020-07-18,Switzerland,91,0,33296,1687,691,2,1279,2
2020-07-19,Switzerland,110,0,33406,1687,693,2,1292,2
2020-07-20,Switzerland,98,0,33504,1687,706,2,1320,2
2020-07-21,Switzerland,43,0,33547,1687,686,2,1317,2
2020-07-22,Switzerland,108,3,33655,1690,724,3,1371,5
2020-07-23,Switzerland,141,2,33796,1692,733,5,1383,7
2020-07-24,Switzerland,117,1,33913,1693,708,6,1412,8
2020-07-25,Switzerland,154,6,34067,1699,771,12,1462,14
2020-07-26,Switzerland,148,0,34215,1699,809,12,1502,14
2020-07-27,Switzerland,110,1,34325,1700,821,13,1527,15
2020-07-28,Switzerland,65,0,34390,1700,843,13,1529,15
2020-07-29,Switzerland,132,2,34522,1702,867,12,1591,15
2020-07-30,Switzerland,192,0,34714,1702,918,10,1651,15
2020-07-31,Switzerland,219,1,34933,1703,1020,10,1728,16
2020-08-01,Switzerland,137,0,35070,1703,1003,4,1774,16
2020-08-02,Switzerland,342,2,35412,1705,1197,6,2006,18
2020-08-03,Switzerland,49,0,35461,1705,1136,5,1957,18
2020-08-04,Switzerland,66,0,35527,1705,1137,5,1980,18
2020-08-05,Switzerland,130,0,35657,1705,1135,3,2002,15
2020-08-06,Switzerland,181,0,35838,1705,1124,3,2042,13
2020-08-07,Switzerland,181,3,36019,1708,1086,5,2106,15
2020-08-08,Switzerland,161,3,36180,1711,1110,8,2113,12
2020-08-09,Switzerland,182,0,36362,1711,950,6,2147,12
2020-08-10,Switzerland,152,0,36514,1711,1053,6,2189,11
2020-08-11,Switzerland,105,0,36619,1711,1092,6,2229,11
2020-08-12,Switzerland,187,1,36806,1712,1149,7,2284,10
2020-08-13,Switzerland,273,1,37079,1713,1241,8,2365,11
2020-08-14,Switzerland,233,1,37312,1714,1293,6,2379,11
2020-08-15,Switzerland,268,0,37580,1714,1400,3,2510,11
2020-08-16,Switzerland,251,0,37831,1714,1469,3,2419,9
2020-08-17,Switzerland,200,1,38031,1715,1517,4,2570,10
2020-08-18,Switzerland,125,0,38156,1715,1537,4,2629,10
2020-08-19,Switzerland,196,1,38352,1716,1546,4,2695,11
2020-08-20,Switzerland,310,2,38662,1718,1583,5,2824,13
2020-08-21,Switzerland,264,0,38926,1718,1614,4,2907,10
2020-08-22,Switzerland,306,0,39232,1718,1652,4,3052,7
2020-08-23,Switzerland,294,1,39526,1719,1695,5,3164,8
2020-08-24,Switzerland,276,0,39802,1719,1771,4,3288,8
2020-08-25,Switzerland,157,1,39959,1720,1803,5,3340,9
2020-08-26,Switzerland,202,2,40161,1722,1809,6,3355,10
2020-08-27,Switzerland,379,0,40540,1722,1878,4,3461,9
2020-08-28,Switzerland,360,1,40900,1723,1974,5,3588,9
2020-08-29,Switzerland,340,1,41240,1724,2008,6,3660,10
2020-08-30,Switzerland,375,0,41615,1724,2089,5,3784,10
2020-08-31,Switzerland,291,0,41906,1724,2104,5,3875,9
2020-04-01,Syria,0,0,10,2,9,2,0,0
2020-04-02,Syria,0,0,10,2,9,2,0,0
2020-04-03,Syria,6,0,16,2,11,2,0,0
2020-04-04,Syria,0,0,16,2,11,2,0,0
2020-04-05,Syria,0,0,16,2,11,2,16,2
2020-04-06,Syria,3,0,19,2,10,1,18,2
2020-04-07,Syria,0,0,19,2,9,0,18,2
2020-04-08,Syria,0,0,19,2,9,0,18,2
2020-04-09,Syria,0,0,19,2,9,0,18,2
2020-04-10,Syria,0,0,19,2,3,0,14,2
2020-04-11,Syria,0,0,19,2,3,0,14,2
2020-04-12,Syria,6,0,25,2,9,0,20,2
2020-04-13,Syria,0,0,25,2,6,0,16,1
2020-04-14,Syria,0,0,25,2,6,0,15,0
2020-04-15,Syria,4,0,29,2,10,0,19,0
2020-04-16,Syria,4,0,33,2,14,0,23,0
2020-04-17,Syria,0,0,33,2,14,0,17,0
2020-04-18,Syria,5,0,38,2,19,0,22,0
2020-04-19,Syria,0,0,38,2,13,0,22,0
2020-04-20,Syria,1,1,39,3,14,1,20,1
2020-04-21,Syria,0,0,39,3,14,1,20,1
2020-04-22,Syria,3,0,42,3,13,1,23,1
2020-04-23,Syria,0,0,42,3,9,1,23,1
2020-04-24,Syria,0,0,42,3,9,1,23,1
2020-04-25,Syria,0,0,42,3,4,1,23,1
2020-04-26,Syria,0,0,42,3,4,1,17,1
2020-04-27,Syria,1,0,43,3,4,0,18,1
2020-04-28,Syria,0,0,43,3,4,0,18,1
2020-04-29,Syria,0,0,43,3,1,0,14,1
2020-04-30,Syria,0,0,43,3,1,0,10,1
2020-05-01,Syria,0,0,43,3,1,0,10,1
2020-05-02,Syria,1,0,44,3,2,0,6,1
2020-05-03,Syria,0,0,44,3,2,0,6,1
2020-05-04,Syria,0,0,44,3,1,0,5,0
2020-05-05,Syria,0,0,44,3,1,0,5,0
2020-05-06,Syria,0,0,44,3,1,0,2,0
2020-05-07,Syria,1,0,45,3,2,0,3,0
2020-05-08,Syria,0,0,45,3,2,0,3,0
2020-05-09,Syria,2,0,47,3,3,0,5,0
2020-05-10,Syria,0,0,47,3,3,0,5,0
2020-05-11,Syria,0,0,47,3,3,0,4,0
2020-05-12,Syria,0,0,47,3,3,0,4,0
2020-05-13,Syria,0,0,47,3,3,0,4,0
2020-05-14,Syria,1,0,48,3,3,0,5,0
2020-05-15,Syria,0,0,48,3,3,0,5,0
2020-05-16,Syria,2,0,50,3,3,0,6,0
2020-05-17,Syria,1,0,51,3,4,0,7,0
2020-05-18,Syria,7,0,58,3,11,0,14,0
2020-05-19,Syria,0,0,58,3,11,0,14,0
2020-05-20,Syria,0,0,58,3,11,0,14,0
2020-05-21,Syria,0,0,58,3,10,0,13,0
2020-05-22,Syria,0,0,58,3,10,0,13,0
2020-05-23,Syria,1,1,59,4,9,1,12,1
2020-05-24,Syria,11,0,70,4,19,1,23,1
2020-05-25,Syria,16,0,86,4,28,1,39,1
2020-05-26,Syria,20,0,106,4,48,1,59,1
2020-05-27,Syria,15,0,121,4,63,1,74,1
2020-05-28,Syria,0,0,121,4,63,1,73,1
2020-05-29,Syria,0,0,121,4,63,1,73,1
2020-05-30,Syria,1,0,122,4,63,0,72,1
2020-05-31,Syria,0,0,122,4,52,0,71,1
2020-06-01,Syria,0,0,122,4,36,0,64,1
2020-06-02,Syria,1,1,123,5,17,1,65,2
2020-06-03,Syria,0,1,123,6,2,2,65,3
2020-06-04,Syria,0,0,123,6,2,2,65,3
2020-06-05,Syria,1,0,124,6,3,2,66,3
2020-06-06,Syria,0,0,124,6,2,2,65,2
2020-06-07,Syria,0,0,124,6,2,2,54,2
2020-06-08,Syria,17,0,141,6,19,2,55,2
2020-06-09,Syria,3,0,144,6,21,1,38,2
2020-06-10,Syria,2,0,146,6,23,0,25,2
2020-06-11,Syria,6,0,152,6,29,0,31,2
2020-06-12,Syria,12,0,164,6,40,0,43,2
2020-06-13,Syria,0,0,164,6,40,0,42,2
2020-06-14,Syria,6,0,170,6,46,0,48,2
2020-06-15,Syria,7,0,177,6,36,0,55,2
2020-06-16,Syria,0,0,177,6,33,0,54,1
2020-06-17,Syria,0,0,177,6,31,0,54,0
2020-06-18,Syria,1,1,178,7,26,1,55,1
2020-06-19,Syria,9,0,187,7,23,1,63,1
2020-06-20,Syria,0,0,187,7,23,1,63,1
2020-06-21,Syria,11,0,198,7,28,1,74,1
2020-06-22,Syria,6,0,204,7,27,1,63,1
2020-06-23,Syria,15,0,219,7,42,1,75,1
2020-06-24,Syria,12,0,231,7,54,1,85,1
2020-06-25,Syria,0,0,231,7,53,0,79,1
2020-06-26,Syria,11,0,242,7,55,0,78,1
2020-06-27,Syria,13,1,255,8,68,1,91,2
2020-06-28,Syria,1,1,256,9,58,2,86,3
2020-06-29,Syria,0,0,256,9,52,2,79,3
2020-06-30,Syria,13,0,269,9,50,2,92,3
2020-07-01,Syria,10,0,279,9,48,2,102,3
2020-07-02,Syria,14,0,293,9,62,2,115,2
2020-07-03,Syria,19,0,312,9,70,2,125,2
2020-07-04,Syria,16,1,328,10,73,2,141,3
2020-07-05,Syria,10,0,338,10,82,1,140,3
2020-07-06,Syria,20,3,358,13,102,4,154,6
2020-07-07,Syria,14,1,372,14,103,5,153,7
2020-07-08,Syria,0,0,372,14,93,5,141,7
2020-07-09,Syria,0,0,372,14,79,5,141,7
2020-07-10,Syria,0,0,372,14,60,5,130,7
2020-07-11,Syria,22,2,394,16,66,6,139,8
2020-07-12,Syria,0,0,394,16,56,6,138,7
2020-07-13,Syria,0,0,394,16,36,3,138,7
2020-07-14,Syria,23,3,417,19,45,5,148,10
2020-07-15,Syria,22,2,439,21,67,7,160,12
2020-07-16,Syria,19,1,458,22,86,8,165,13
2020-07-17,Syria,19,0,477,22,105,8,165,13
2020-07-18,Syria,19,3,496,25,102,9,168,15
2020-07-19,Syria,0,0,496,25,102,9,158,15
2020-07-20,Syria,0,0,496,25,102,9,138,12
2020-07-21,Syria,26,4,522,29,105,10,150,15
2020-07-22,Syria,18,2,540,31,101,10,168,17
2020-07-23,Syria,21,1,561,32,103,10,189,18
2020-07-24,Syria,23,3,584,35,107,13,212,21
2020-07-25,Syria,0,0,584,35,88,10,190,19
2020-07-26,Syria,43,1,627,36,131,11,233,20
2020-07-27,Syria,23,2,650,38,154,13,256,22
2020-07-28,Syria,24,2,674,40,152,11,257,21
2020-07-29,Syria,20,0,694,40,154,9,255,19
2020-07-30,Syria,23,0,717,40,156,8,259,18
2020-07-31,Syria,21,1,738,41,154,6,261,19
2020-08-01,Syria,0,0,738,41,154,6,242,16
2020-08-02,Syria,19,2,757,43,130,7,261,18
2020-08-03,Syria,52,1,809,44,159,6,313,19
2020-08-04,Syria,38,2,847,46,173,6,325,17
2020-08-05,Syria,45,0,892,46,198,6,352,15
2020-08-06,Syria,52,2,944,48,227,8,383,16
2020-08-07,Syria,0,0,944,48,206,7,360,13
2020-08-08,Syria,116,0,1060,48,322,7,476,13
2020-08-09,Syria,65,2,1125,50,368,7,498,14
2020-08-10,Syria,63,2,1188,52,379,8,538,14
2020-08-11,Syria,0,0,1188,52,341,6,514,12
2020-08-12,Syria,139,1,1327,53,435,7,633,13
2020-08-13,Syria,5,0,1332,53,388,5,615,13
2020-08-14,Syria,100,2,1432,55,488,7,694,14
2020-08-15,Syria,83,3,1515,58,455,10,777,17
2020-08-16,Syria,78,2,1593,60,468,10,836,17
2020-08-17,Syria,84,4,1677,64,489,12,868,20
2020-08-18,Syria,87,4,1764,68,576,16,917,22
2020-08-19,Syria,0,0,1764,68,437,15,872,22
2020-08-20,Syria,163,10,1927,78,595,25,983,30
2020-08-21,Syria,81,4,2008,82,576,27,1064,34
2020-08-22,Syria,65,1,2073,83,558,25,1013,35
2020-08-23,Syria,70,2,2143,85,550,25,1018,35
2020-08-24,Syria,0,0,2143,85,466,21,955,33
2020-08-25,Syria,150,7,2293,92,529,24,1105,40
2020-08-26,Syria,0,0,2293,92,529,24,966,39
2020-08-27,Syria,147,6,2440,98,513,20,1108,45
2020-08-28,Syria,64,2,2504,100,496,18,1072,45
2020-08-29,Syria,59,3,2563,103,490,20,1048,45
2020-08-30,Syria,65,3,2628,106,485,21,1035,46
2020-08-31,Syria,75,3,2703,109,560,24,1026,45
2020-04-01,Taiwan,16,0,322,5,106,3,245,4
2020-04-02,Taiwan,17,0,339,5,104,3,231,4
2020-04-03,Taiwan,0,0,339,5,87,3,231,4
2020-04-04,Taiwan,16,0,355,5,88,3,220,3
2020-04-05,Taiwan,8,0,363,5,80,3,210,3
2020-04-06,Taiwan,0,0,363,5,57,0,198,3
2020-04-07,Taiwan,10,0,373,5,67,0,178,3
2020-04-08,Taiwan,3,0,376,5,54,0,160,3
2020-04-09,Taiwan,3,0,379,5,40,0,144,3
2020-04-10,Taiwan,1,0,380,5,41,0,128,3
2020-04-11,Taiwan,0,0,380,5,25,0,113,3
2020-04-12,Taiwan,5,1,385,6,22,1,102,4
2020-04-13,Taiwan,3,0,388,6,25,1,82,1
2020-04-14,Taiwan,5,0,393,6,20,1,87,1
2020-04-15,Taiwan,2,0,395,6,19,1,73,1
2020-04-16,Taiwan,0,0,395,6,16,1,56,1
2020-04-17,Taiwan,0,0,395,6,15,1,56,1
2020-04-18,Taiwan,0,0,395,6,15,1,40,1
2020-04-19,Taiwan,3,0,398,6,13,0,35,1
2020-04-20,Taiwan,22,0,420,6,32,0,57,1
2020-04-21,Taiwan,2,0,422,6,29,0,49,1
2020-04-22,Taiwan,3,0,425,6,30,0,49,1
2020-04-23,Taiwan,1,0,426,6,31,0,47,1
2020-04-24,Taiwan,1,0,427,6,32,0,47,1
2020-04-25,Taiwan,1,0,428,6,33,0,48,1
2020-04-26,Taiwan,1,0,429,6,31,0,44,0
2020-04-27,Taiwan,0,0,429,6,9,0,41,0
2020-04-28,Taiwan,0,0,429,6,7,0,36,0
2020-04-29,Taiwan,0,0,429,6,4,0,34,0
2020-04-30,Taiwan,0,0,429,6,3,0,34,0
2020-05-01,Taiwan,0,0,429,6,2,0,34,0
2020-05-02,Taiwan,0,0,429,6,1,0,34,0
2020-05-03,Taiwan,3,0,432,6,3,0,34,0
2020-05-04,Taiwan,4,0,436,6,7,0,16,0
2020-05-05,Taiwan,2,0,438,6,9,0,16,0
2020-05-06,Taiwan,0,0,438,6,9,0,13,0
2020-05-07,Taiwan,1,0,439,6,10,0,13,0
2020-05-08,Taiwan,1,0,440,6,11,0,13,0
2020-05-09,Taiwan,0,0,440,6,11,0,12,0
2020-05-10,Taiwan,0,0,440,6,8,0,11,0
2020-05-11,Taiwan,0,0,440,6,4,0,11,0
2020-05-12,Taiwan,0,1,440,7,2,1,11,1
2020-05-13,Taiwan,0,0,440,7,2,1,11,1
2020-05-14,Taiwan,0,0,440,7,1,1,11,1
2020-05-15,Taiwan,0,0,440,7,0,1,11,1
2020-05-16,Taiwan,0,0,440,7,0,1,11,1
2020-05-17,Taiwan,0,0,440,7,0,1,8,1
2020-05-18,Taiwan,0,0,440,7,0,1,4,1
2020-05-19,Taiwan,0,0,440,7,0,0,2,1
2020-05-20,Taiwan,0,0,440,7,0,0,2,1
2020-05-21,Taiwan,1,0,441,7,1,0,2,1
2020-05-22,Taiwan,0,0,441,7,1,0,1,1
2020-05-23,Taiwan,0,0,441,7,1,0,1,1
2020-05-24,Taiwan,0,0,441,7,1,0,1,1
2020-05-25,Taiwan,0,0,441,7,1,0,1,1
2020-05-26,Taiwan,0,0,441,7,1,0,1,0
2020-05-27,Taiwan,0,0,441,7,1,0,1,0
2020-05-28,Taiwan,0,0,441,7,0,0,1,0
2020-05-29,Taiwan,0,0,441,7,0,0,1,0
2020-05-30,Taiwan,1,0,442,7,1,0,2,0
2020-05-31,Taiwan,0,0,442,7,1,0,2,0
2020-06-01,Taiwan,0,0,442,7,1,0,2,0
2020-06-02,Taiwan,1,0,443,7,2,0,3,0
2020-06-03,Taiwan,0,0,443,7,2,0,3,0
2020-06-04,Taiwan,0,0,443,7,2,0,2,0
2020-06-05,Taiwan,0,0,443,7,2,0,2,0
2020-06-06,Taiwan,0,0,443,7,1,0,2,0
2020-06-07,Taiwan,0,0,443,7,1,0,2,0
2020-06-08,Taiwan,0,0,443,7,1,0,2,0
2020-06-09,Taiwan,0,0,443,7,0,0,2,0
2020-06-10,Taiwan,0,0,443,7,0,0,2,0
2020-06-11,Taiwan,0,0,443,7,0,0,2,0
2020-06-12,Taiwan,0,0,443,7,0,0,2,0
2020-06-13,Taiwan,0,0,443,7,0,0,1,0
2020-06-14,Taiwan,0,0,443,7,0,0,1,0
2020-06-15,Taiwan,0,0,443,7,0,0,1,0
2020-06-16,Taiwan,2,0,445,7,2,0,2,0
2020-06-17,Taiwan,0,0,445,7,2,0,2,0
2020-06-18,Taiwan,0,0,445,7,2,0,2,0
2020-06-19,Taiwan,1,0,446,7,3,0,3,0
2020-06-20,Taiwan,0,0,446,7,3,0,3,0
2020-06-21,Taiwan,0,0,446,7,3,0,3,0
2020-06-22,Taiwan,0,0,446,7,3,0,3,0
2020-06-23,Taiwan,0,0,446,7,1,0,3,0
2020-06-24,Taiwan,0,0,446,7,1,0,3,0
2020-06-25,Taiwan,0,0,446,7,1,0,3,0
2020-06-26,Taiwan,1,0,447,7,1,0,4,0
2020-06-27,Taiwan,0,0,447,7,1,0,4,0
2020-06-28,Taiwan,0,0,447,7,1,0,4,0
2020-06-29,Taiwan,0,0,447,7,1,0,4,0
2020-06-30,Taiwan,0,0,447,7,1,0,2,0
2020-07-01,Taiwan,0,0,447,7,1,0,2,0
2020-07-02,Taiwan,1,0,448,7,2,0,3,0
2020-07-03,Taiwan,1,0,449,7,2,0,3,0
2020-07-04,Taiwan,0,0,449,7,2,0,3,0
2020-07-05,Taiwan,0,0,449,7,2,0,3,0
2020-07-06,Taiwan,0,0,449,7,2,0,3,0
2020-07-07,Taiwan,0,0,449,7,2,0,3,0
2020-07-08,Taiwan,0,0,449,7,2,0,3,0
2020-07-09,Taiwan,0,0,449,7,1,0,3,0
2020-07-10,Taiwan,2,0,451,7,2,0,4,0
2020-07-11,Taiwan,0,0,451,7,2,0,4,0
2020-07-12,Taiwan,0,0,451,7,2,0,4,0
2020-07-13,Taiwan,0,0,451,7,2,0,4,0
2020-07-14,Taiwan,0,0,451,7,2,0,4,0
2020-07-15,Taiwan,0,0,451,7,2,0,4,0
2020-07-16,Taiwan,1,0,452,7,3,0,4,0
2020-07-17,Taiwan,2,0,454,7,3,0,5,0
2020-07-18,Taiwan,0,0,454,7,3,0,5,0
2020-07-19,Taiwan,1,0,455,7,4,0,6,0
2020-07-20,Taiwan,0,0,455,7,4,0,6,0
2020-07-21,Taiwan,0,0,455,7,4,0,6,0
2020-07-22,Taiwan,0,0,455,7,4,0,6,0
2020-07-23,Taiwan,0,0,455,7,3,0,6,0
2020-07-24,Taiwan,3,0,458,7,4,0,7,0
2020-07-25,Taiwan,0,0,458,7,4,0,7,0
2020-07-26,Taiwan,0,0,458,7,3,0,7,0
2020-07-27,Taiwan,4,0,462,7,7,0,11,0
2020-07-28,Taiwan,5,0,467,7,12,0,16,0
2020-07-29,Taiwan,0,0,467,7,12,0,16,0
2020-07-30,Taiwan,0,0,467,7,12,0,15,0
2020-07-31,Taiwan,0,0,467,7,9,0,13,0
2020-08-01,Taiwan,7,0,474,7,16,0,20,0
2020-08-02,Taiwan,0,0,474,7,16,0,19,0
2020-08-03,Taiwan,1,0,475,7,13,0,20,0
2020-08-04,Taiwan,1,0,476,7,9,0,21,0
2020-08-05,Taiwan,0,0,476,7,9,0,21,0
2020-08-06,Taiwan,1,0,477,7,10,0,22,0
2020-08-07,Taiwan,0,0,477,7,10,0,19,0
2020-08-08,Taiwan,2,0,479,7,5,0,21,0
2020-08-09,Taiwan,1,0,480,7,6,0,22,0
2020-08-10,Taiwan,0,0,480,7,5,0,18,0
2020-08-11,Taiwan,0,0,480,7,4,0,13,0
2020-08-12,Taiwan,1,0,481,7,5,0,14,0
2020-08-13,Taiwan,0,0,481,7,4,0,14,0
2020-08-14,Taiwan,0,0,481,7,4,0,14,0
2020-08-15,Taiwan,1,0,482,7,3,0,8,0
2020-08-16,Taiwan,2,0,484,7,4,0,10,0
2020-08-17,Taiwan,1,0,485,7,5,0,10,0
2020-08-18,Taiwan,0,0,485,7,5,0,9,0
2020-08-19,Taiwan,1,0,486,7,5,0,10,0
2020-08-20,Taiwan,0,0,486,7,5,0,9,0
2020-08-21,Taiwan,0,0,486,7,5,0,9,0
2020-08-22,Taiwan,1,0,487,7,5,0,8,0
2020-08-23,Taiwan,0,0,487,7,3,0,7,0
2020-08-24,Taiwan,0,0,487,7,2,0,7,0
2020-08-25,Taiwan,0,0,487,7,2,0,7,0
2020-08-26,Taiwan,0,0,487,7,1,0,6,0
2020-08-27,Taiwan,0,0,487,7,1,0,6,0
2020-08-28,Taiwan,0,0,487,7,1,0,6,0
2020-08-29,Taiwan,1,0,488,7,1,0,6,0
2020-08-30,Taiwan,0,0,488,7,1,0,4,0
2020-08-31,Taiwan,0,0,488,7,1,0,3,0
2020-04-01,Tajikistan,0,0,0,0,0,0,0,0
2020-04-02,Tajikistan,0,0,0,0,0,0,0,0
2020-04-03,Tajikistan,0,0,0,0,0,0,0,0
2020-04-04,Tajikistan,0,0,0,0,0,0,0,0
2020-04-05,Tajikistan,0,0,0,0,0,0,0,0
2020-04-06,Tajikistan,0,0,0,0,0,0,0,0
2020-04-07,Tajikistan,0,0,0,0,0,0,0,0
2020-04-08,Tajikistan,0,0,0,0,0,0,0,0
2020-04-09,Tajikistan,0,0,0,0,0,0,0,0
2020-04-10,Tajikistan,0,0,0,0,0,0,0,0
2020-04-11,Tajikistan,0,0,0,0,0,0,0,0
2020-04-12,Tajikistan,0,0,0,0,0,0,0,0
2020-04-13,Tajikistan,0,0,0,0,0,0,0,0
2020-04-14,Tajikistan,0,0,0,0,0,0,0,0
2020-04-15,Tajikistan,0,0,0,0,0,0,0,0
2020-04-16,Tajikistan,0,0,0,0,0,0,0,0
2020-04-17,Tajikistan,0,0,0,0,0,0,0,0
2020-04-18,Tajikistan,0,0,0,0,0,0,0,0
2020-04-19,Tajikistan,0,0,0,0,0,0,0,0
2020-04-20,Tajikistan,0,0,0,0,0,0,0,0
2020-04-21,Tajikistan,0,0,0,0,0,0,0,0
2020-04-22,Tajikistan,0,0,0,0,0,0,0,0
2020-04-23,Tajikistan,0,0,0,0,0,0,0,0
2020-04-24,Tajikistan,0,0,0,0,0,0,0,0
2020-04-25,Tajikistan,0,0,0,0,0,0,0,0
2020-04-26,Tajikistan,0,0,0,0,0,0,0,0
2020-04-27,Tajikistan,0,0,0,0,0,0,0,0
2020-04-28,Tajikistan,0,0,0,0,0,0,0,0
2020-04-29,Tajikistan,0,0,0,0,0,0,0,0
2020-04-30,Tajikistan,0,0,0,0,0,0,0,0
2020-05-01,Tajikistan,15,0,15,0,0,0,0,0
2020-05-02,Tajikistan,0,0,15,0,0,0,0,0
2020-05-03,Tajikistan,17,0,32,0,0,0,0,0
2020-05-04,Tajikistan,44,2,76,2,0,0,0,0
2020-05-05,Tajikistan,154,1,230,3,0,0,0,0
2020-05-06,Tajikistan,63,2,293,5,0,0,0,0
2020-05-07,Tajikistan,86,3,379,8,379,8,0,0
2020-05-08,Tajikistan,82,4,461,12,446,12,0,0
2020-05-09,Tajikistan,61,0,522,12,507,12,0,0
2020-05-10,Tajikistan,90,8,612,20,580,20,0,0
2020-05-11,Tajikistan,0,0,612,20,536,18,0,0
2020-05-12,Tajikistan,49,1,661,21,431,18,0,0
2020-05-13,Tajikistan,68,2,729,23,436,18,0,0
2020-05-14,Tajikistan,72,0,801,23,422,15,801,23
2020-05-15,Tajikistan,106,6,907,29,446,17,892,29
2020-05-16,Tajikistan,211,4,1118,33,596,21,1103,33
2020-05-17,Tajikistan,204,3,1322,36,710,16,1290,36
2020-05-18,Tajikistan,202,3,1524,39,912,19,1448,37
2020-05-19,Tajikistan,205,2,1729,41,1068,20,1499,38
2020-05-20,Tajikistan,0,0,1729,41,1000,18,1436,36
2020-05-21,Tajikistan,207,3,1936,44,1135,21,1557,36
2020-05-22,Tajikistan,204,0,2140,44,1233,15,1679,32
2020-05-23,Tajikistan,210,0,2350,44,1232,11,1828,32
2020-05-24,Tajikistan,201,0,2551,44,1229,8,1939,24
2020-05-25,Tajikistan,187,0,2738,44,1214,5,2126,24
2020-05-26,Tajikistan,362,2,3100,46,1371,5,2439,25
2020-05-27,Tajikistan,0,0,3100,46,1371,5,2371,23
2020-05-28,Tajikistan,0,0,3100,46,1164,2,2299,23
2020-05-29,Tajikistan,463,1,3563,47,1423,3,2656,18
2020-05-30,Tajikistan,0,0,3563,47,1213,3,2445,14
2020-05-31,Tajikistan,244,0,3807,47,1256,3,2485,11
2020-06-01,Tajikistan,0,0,3807,47,1069,3,2283,8
2020-06-02,Tajikistan,123,0,3930,47,830,1,2201,6
2020-06-03,Tajikistan,83,0,4013,47,913,1,2284,6
2020-06-04,Tajikistan,87,0,4100,47,1000,1,2164,3
2020-06-05,Tajikistan,189,1,4289,48,726,1,2149,4
2020-06-06,Tajikistan,81,0,4370,48,807,1,2020,4
2020-06-07,Tajikistan,83,0,4453,48,646,1,1902,4
2020-06-08,Tajikistan,76,0,4529,48,722,1,1791,4
2020-06-09,Tajikistan,80,0,4609,48,679,1,1509,2
2020-06-10,Tajikistan,81,0,4690,48,677,1,1590,2
2020-06-11,Tajikistan,73,0,4763,48,663,1,1663,2
2020-06-12,Tajikistan,71,1,4834,49,545,1,1271,2
2020-06-13,Tajikistan,68,0,4902,49,532,1,1339,2
2020-06-14,Tajikistan,69,1,4971,50,518,2,1164,3
2020-06-15,Tajikistan,64,0,5035,50,506,2,1228,3
2020-06-16,Tajikistan,62,0,5097,50,488,2,1167,3
2020-06-17,Tajikistan,63,0,5160,50,470,2,1147,3
2020-06-18,Tajikistan,61,1,5221,51,458,3,1121,4
2020-06-19,Tajikistan,58,0,5279,51,445,2,990,3
2020-06-20,Tajikistan,59,0,5338,51,436,2,968,3
2020-06-21,Tajikistan,61,1,5399,52,428,2,946,4
2020-06-22,Tajikistan,58,0,5457,52,422,2,928,4
2020-06-23,Tajikistan,56,0,5513,52,416,2,904,4
2020-06-24,Tajikistan,54,0,5567,52,407,2,877,4
2020-06-25,Tajikistan,63,0,5630,52,409,1,867,4
2020-06-26,Tajikistan,61,0,5691,52,412,1,857,3
2020-06-27,Tajikistan,56,0,5747,52,409,1,845,3
2020-06-28,Tajikistan,52,0,5799,52,400,0,828,2
2020-06-29,Tajikistan,50,0,5849,52,392,0,814,2
2020-06-30,Tajikistan,51,0,5900,52,387,0,803,2
2020-07-01,Tajikistan,54,0,5954,52,387,0,794,2
2020-07-02,Tajikistan,51,0,6005,52,375,0,784,1
2020-07-03,Tajikistan,53,0,6058,52,367,0,779,1
2020-07-04,Tajikistan,50,0,6108,52,361,0,770,1
2020-07-05,Tajikistan,51,0,6159,52,360,0,760,0
2020-07-06,Tajikistan,54,1,6213,53,364,1,756,1
2020-07-07,Tajikistan,49,0,6262,53,362,1,749,1
2020-07-08,Tajikistan,53,0,6315,53,361,1,748,1
2020-07-09,Tajikistan,49,1,6364,54,359,2,734,2
2020-07-10,Tajikistan,46,0,6410,54,352,2,719,2
2020-07-11,Tajikistan,47,1,6457,55,349,3,710,3
2020-07-12,Tajikistan,49,0,6506,55,347,3,707,3
2020-07-13,Tajikistan,46,0,6552,55,339,2,703,3
2020-07-14,Tajikistan,43,0,6595,55,333,2,695,3
2020-07-15,Tajikistan,48,1,6643,56,328,3,689,4
2020-07-16,Tajikistan,52,0,6695,56,331,2,690,4
2020-07-17,Tajikistan,46,0,6741,56,331,2,683,4
2020-07-18,Tajikistan,45,0,6786,56,329,1,678,4
2020-07-19,Tajikistan,48,1,6834,57,328,2,675,5
2020-07-20,Tajikistan,44,0,6878,57,326,2,665,4
2020-07-21,Tajikistan,43,0,6921,57,326,2,659,4
2020-07-22,Tajikistan,46,0,6967,57,324,1,652,4
2020-07-23,Tajikistan,48,1,7015,58,320,2,651,4
2020-07-24,Tajikistan,45,0,7060,58,319,2,650,4
2020-07-25,Tajikistan,44,0,7104,58,318,2,647,3
2020-07-26,Tajikistan,46,1,7150,59,316,2,644,4
2020-07-27,Tajikistan,42,0,7192,59,314,2,640,4
2020-07-28,Tajikistan,43,1,7235,60,314,3,640,5
2020-07-29,Tajikistan,41,0,7276,60,309,3,633,4
2020-07-30,Tajikistan,44,0,7320,60,305,2,625,4
2020-07-31,Tajikistan,46,0,7366,60,306,2,625,4
2020-08-01,Tajikistan,43,0,7409,60,305,2,623,4
2020-08-02,Tajikistan,42,0,7451,60,301,1,617,3
2020-08-03,Tajikistan,44,1,7495,61,303,2,617,4
2020-08-04,Tajikistan,43,0,7538,61,303,1,617,4
2020-08-05,Tajikistan,45,0,7583,61,307,1,616,4
2020-08-06,Tajikistan,42,0,7625,61,305,1,610,3
2020-08-07,Tajikistan,40,1,7665,62,299,2,605,4
2020-08-08,Tajikistan,41,0,7706,62,297,2,602,4
2020-08-09,Tajikistan,0,0,7706,62,255,2,556,3
2020-08-10,Tajikistan,39,0,7745,62,250,1,553,3
2020-08-11,Tajikistan,82,0,7827,62,289,1,592,2
2020-08-12,Tajikistan,44,1,7871,63,288,2,595,3
2020-08-13,Tajikistan,41,0,7912,63,287,2,592,3
2020-08-14,Tajikistan,38,0,7950,63,285,1,584,3
2020-08-15,Tajikistan,39,0,7989,63,283,1,580,3
2020-08-16,Tajikistan,40,1,8029,64,323,2,578,4
2020-08-17,Tajikistan,36,0,8065,64,320,2,570,3
2020-08-18,Tajikistan,34,0,8099,64,272,2,561,3
2020-08-19,Tajikistan,32,1,8131,65,260,2,548,4
2020-08-20,Tajikistan,35,0,8166,65,254,2,541,4
2020-08-21,Tajikistan,37,1,8203,66,253,3,538,4
2020-08-22,Tajikistan,38,0,8241,66,252,3,535,4
2020-08-23,Tajikistan,36,0,8277,66,248,2,571,4
2020-08-24,Tajikistan,34,0,8311,66,246,2,566,4
2020-08-25,Tajikistan,35,1,8346,67,247,3,519,5
2020-08-26,Tajikistan,33,0,8379,67,248,2,508,4
2020-08-27,Tajikistan,34,0,8413,67,247,2,501,4
2020-08-28,Tajikistan,36,1,8449,68,246,2,499,5
2020-08-29,Tajikistan,32,0,8481,68,240,2,492,5
2020-08-30,Tajikistan,0,0,8481,68,204,2,452,4
2020-08-31,Tajikistan,69,0,8550,68,239,2,485,4
2020-04-01,Tanzania,0,0,19,1,7,1,18,1
2020-04-02,Tanzania,1,0,20,1,8,1,17,1
2020-04-03,Tanzania,1,0,21,1,8,1,18,1
2020-04-04,Tanzania,0,0,21,1,8,1,18,1
2020-04-05,Tanzania,0,0,21,1,8,0,15,1
2020-04-06,Tanzania,1,0,22,1,8,0,10,1
2020-04-07,Tanzania,2,0,24,1,5,0,12,1
2020-04-08,Tanzania,0,0,24,1,5,0,12,1
2020-04-09,Tanzania,1,0,25,1,5,0,13,1
2020-04-10,Tanzania,0,0,25,1,4,0,12,1
2020-04-11,Tanzania,7,2,32,3,11,2,19,3
2020-04-12,Tanzania,0,0,32,3,11,2,19,2
2020-04-13,Tanzania,0,0,32,3,10,2,18,2
2020-04-14,Tanzania,14,0,46,3,22,2,27,2
2020-04-15,Tanzania,7,0,53,3,29,2,34,2
2020-04-16,Tanzania,35,1,88,4,63,3,68,3
2020-04-17,Tanzania,6,0,94,4,69,3,73,3
2020-04-18,Tanzania,53,1,147,5,115,2,126,4
2020-04-19,Tanzania,1,0,148,5,116,2,127,4
2020-04-20,Tanzania,22,0,170,5,138,2,148,4
2020-04-21,Tanzania,0,0,170,5,124,2,146,4
2020-04-22,Tanzania,84,3,254,8,201,5,230,7
2020-04-23,Tanzania,31,2,285,10,197,6,260,9
2020-04-24,Tanzania,0,0,285,10,191,6,260,9
2020-04-25,Tanzania,15,0,300,10,153,5,268,7
2020-04-26,Tanzania,0,0,300,10,152,5,268,7
2020-04-27,Tanzania,0,0,300,10,130,5,268,7
2020-04-28,Tanzania,0,0,300,10,130,5,254,7
2020-04-29,Tanzania,6,0,306,10,52,2,253,7
2020-04-30,Tanzania,174,6,480,16,195,6,392,12
2020-05-01,Tanzania,0,0,480,16,195,6,386,12
2020-05-02,Tanzania,0,0,480,16,180,6,333,11
2020-05-03,Tanzania,0,0,480,16,180,6,332,11
2020-05-04,Tanzania,0,0,480,16,180,6,310,11
2020-05-05,Tanzania,0,2,480,18,180,8,310,13
2020-05-06,Tanzania,0,0,480,18,174,8,226,10
2020-05-07,Tanzania,0,0,480,18,0,2,195,8
2020-05-08,Tanzania,29,3,509,21,29,5,224,11
2020-05-09,Tanzania,0,0,509,21,29,5,209,11
2020-05-10,Tanzania,0,0,509,21,29,5,209,11
2020-05-11,Tanzania,0,0,509,21,29,5,209,11
2020-05-12,Tanzania,0,0,509,21,29,3,209,11
2020-05-13,Tanzania,0,0,509,21,29,3,203,11
2020-05-14,Tanzania,0,0,509,21,29,3,29,5
2020-05-15,Tanzania,0,0,509,21,0,0,29,5
2020-05-16,Tanzania,0,0,509,21,0,0,29,5
2020-05-17,Tanzania,0,0,509,21,0,0,29,5
2020-05-18,Tanzania,0,0,509,21,0,0,29,5
2020-05-19,Tanzania,0,0,509,21,0,0,29,3
2020-05-20,Tanzania,0,0,509,21,0,0,29,3
2020-05-21,Tanzania,0,0,509,21,0,0,29,3
2020-05-22,Tanzania,0,0,509,21,0,0,0,0
2020-05-23,Tanzania,0,0,509,21,0,0,0,0
2020-05-24,Tanzania,0,0,509,21,0,0,0,0
2020-05-25,Tanzania,0,0,509,21,0,0,0,0
2020-05-26,Tanzania,0,0,509,21,0,0,0,0
2020-05-27,Tanzania,0,0,509,21,0,0,0,0
2020-05-28,Tanzania,0,0,509,21,0,0,0,0
2020-05-29,Tanzania,0,0,509,21,0,0,0,0
2020-05-30,Tanzania,0,0,509,21,0,0,0,0
2020-05-31,Tanzania,0,0,509,21,0,0,0,0
2020-06-01,Tanzania,0,0,509,21,0,0,0,0
2020-06-02,Tanzania,0,0,509,21,0,0,0,0
2020-06-03,Tanzania,0,0,509,21,0,0,0,0
2020-06-04,Tanzania,0,0,509,21,0,0,0,0
2020-06-05,Tanzania,0,0,509,21,0,0,0,0
2020-06-06,Tanzania,0,0,509,21,0,0,0,0
2020-06-07,Tanzania,0,0,509,21,0,0,0,0
2020-06-08,Tanzania,0,0,509,21,0,0,0,0
2020-06-09,Tanzania,0,0,509,21,0,0,0,0
2020-06-10,Tanzania,0,0,509,21,0,0,0,0
2020-06-11,Tanzania,0,0,509,21,0,0,0,0
2020-06-12,Tanzania,0,0,509,21,0,0,0,0
2020-06-13,Tanzania,0,0,509,21,0,0,0,0
2020-06-14,Tanzania,0,0,509,21,0,0,0,0
2020-06-15,Tanzania,0,0,509,21,0,0,0,0
2020-06-16,Tanzania,0,0,509,21,0,0,0,0
2020-06-17,Tanzania,0,0,509,21,0,0,0,0
2020-06-18,Tanzania,0,0,509,21,0,0,0,0
2020-06-19,Tanzania,0,0,509,21,0,0,0,0
2020-06-20,Tanzania,0,0,509,21,0,0,0,0
2020-06-21,Tanzania,0,0,509,21,0,0,0,0
2020-06-22,Tanzania,0,0,509,21,0,0,0,0
2020-06-23,Tanzania,0,0,509,21,0,0,0,0
2020-06-24,Tanzania,0,0,509,21,0,0,0,0
2020-06-25,Tanzania,0,0,509,21,0,0,0,0
2020-06-26,Tanzania,0,0,509,21,0,0,0,0
2020-06-27,Tanzania,0,0,509,21,0,0,0,0
2020-06-28,Tanzania,0,0,509,21,0,0,0,0
2020-06-29,Tanzania,0,0,509,21,0,0,0,0
2020-06-30,Tanzania,0,0,509,21,0,0,0,0
2020-07-01,Tanzania,0,0,509,21,0,0,0,0
2020-07-02,Tanzania,0,0,509,21,0,0,0,0
2020-07-03,Tanzania,0,0,509,21,0,0,0,0
2020-07-04,Tanzania,0,0,509,21,0,0,0,0
2020-07-05,Tanzania,0,0,509,21,0,0,0,0
2020-07-06,Tanzania,0,0,509,21,0,0,0,0
2020-07-07,Tanzania,0,0,509,21,0,0,0,0
2020-07-08,Tanzania,0,0,509,21,0,0,0,0
2020-07-09,Tanzania,0,0,509,21,0,0,0,0
2020-07-10,Tanzania,0,0,509,21,0,0,0,0
2020-07-11,Tanzania,0,0,509,21,0,0,0,0
2020-07-12,Tanzania,0,0,509,21,0,0,0,0
2020-07-13,Tanzania,0,0,509,21,0,0,0,0
2020-07-14,Tanzania,0,0,509,21,0,0,0,0
2020-07-15,Tanzania,0,0,509,21,0,0,0,0
2020-07-16,Tanzania,0,0,509,21,0,0,0,0
2020-07-17,Tanzania,0,0,509,21,0,0,0,0
2020-07-18,Tanzania,0,0,509,21,0,0,0,0
2020-07-19,Tanzania,0,0,509,21,0,0,0,0
2020-07-20,Tanzania,0,0,509,21,0,0,0,0
2020-07-21,Tanzania,0,0,509,21,0,0,0,0
2020-07-22,Tanzania,0,0,509,21,0,0,0,0
2020-07-23,Tanzania,0,0,509,21,0,0,0,0
2020-07-24,Tanzania,0,0,509,21,0,0,0,0
2020-07-25,Tanzania,0,0,509,21,0,0,0,0
2020-07-26,Tanzania,0,0,509,21,0,0,0,0
2020-07-27,Tanzania,0,0,509,21,0,0,0,0
2020-07-28,Tanzania,0,0,509,21,0,0,0,0
2020-07-29,Tanzania,0,0,509,21,0,0,0,0
2020-07-30,Tanzania,0,0,509,21,0,0,0,0
2020-07-31,Tanzania,0,0,509,21,0,0,0,0
2020-08-01,Tanzania,0,0,509,21,0,0,0,0
2020-08-02,Tanzania,0,0,509,21,0,0,0,0
2020-08-03,Tanzania,0,0,509,21,0,0,0,0
2020-08-04,Tanzania,0,0,509,21,0,0,0,0
2020-08-05,Tanzania,0,0,509,21,0,0,0,0
2020-08-06,Tanzania,0,0,509,21,0,0,0,0
2020-08-07,Tanzania,0,0,509,21,0,0,0,0
2020-08-08,Tanzania,0,0,509,21,0,0,0,0
2020-08-09,Tanzania,0,0,509,21,0,0,0,0
2020-08-10,Tanzania,0,0,509,21,0,0,0,0
2020-08-11,Tanzania,0,0,509,21,0,0,0,0
2020-08-12,Tanzania,0,0,509,21,0,0,0,0
2020-08-13,Tanzania,0,0,509,21,0,0,0,0
2020-08-14,Tanzania,0,0,509,21,0,0,0,0
2020-08-15,Tanzania,0,0,509,21,0,0,0,0
2020-08-16,Tanzania,0,0,509,21,0,0,0,0
2020-08-17,Tanzania,0,0,509,21,0,0,0,0
2020-08-18,Tanzania,0,0,509,21,0,0,0,0
2020-08-19,Tanzania,0,0,509,21,0,0,0,0
2020-08-20,Tanzania,0,0,509,21,0,0,0,0
2020-08-21,Tanzania,0,0,509,21,0,0,0,0
2020-08-22,Tanzania,0,0,509,21,0,0,0,0
2020-08-23,Tanzania,0,0,509,21,0,0,0,0
2020-08-24,Tanzania,0,0,509,21,0,0,0,0
2020-08-25,Tanzania,0,0,509,21,0,0,0,0
2020-08-26,Tanzania,0,0,509,21,0,0,0,0
2020-08-27,Tanzania,0,0,509,21,0,0,0,0
2020-08-28,Tanzania,0,0,509,21,0,0,0,0
2020-08-29,Tanzania,0,0,509,21,0,0,0,0
2020-08-30,Tanzania,0,0,509,21,0,0,0,0
2020-08-31,Tanzania,0,0,509,21,0,0,0,0
2020-04-01,Thailand,0,0,1651,10,717,6,1474,9
2020-04-02,Thailand,120,2,1771,12,726,8,1594,11
2020-04-03,Thailand,104,3,1875,15,739,10,1663,14
2020-04-04,Thailand,103,4,1978,19,842,14,1612,18
2020-04-05,Thailand,191,4,2169,23,924,17,1570,22
2020-04-06,Thailand,51,3,2220,26,832,19,1499,25
2020-04-07,Thailand,38,0,2258,26,607,16,1431,22
2020-04-08,Thailand,111,4,2369,30,718,20,1435,26
2020-04-09,Thailand,54,2,2423,32,652,20,1378,28
2020-04-10,Thailand,50,1,2473,33,598,18,1337,28
2020-04-11,Thailand,45,2,2518,35,540,16,1382,30
2020-04-12,Thailand,33,3,2551,38,382,15,1306,32
2020-04-13,Thailand,28,2,2579,40,359,14,1191,33
2020-04-14,Thailand,34,1,2613,41,355,15,962,31
2020-04-15,Thailand,30,2,2643,43,274,13,992,33
2020-04-16,Thailand,29,3,2672,46,249,14,901,34
2020-04-17,Thailand,28,1,2700,47,227,14,825,32
2020-04-18,Thailand,0,0,2700,47,182,12,722,28
2020-04-19,Thailand,33,0,2733,47,182,9,564,24
2020-04-20,Thailand,32,0,2765,47,186,7,545,21
2020-04-21,Thailand,27,0,2792,47,179,6,534,21
2020-04-22,Thailand,19,1,2811,48,168,5,442,18
2020-04-23,Thailand,28,2,2839,50,167,4,416,18
2020-04-24,Thailand,0,0,2839,50,139,3,366,17
2020-04-25,Thailand,15,0,2854,50,154,3,336,15
2020-04-26,Thailand,68,1,2922,51,189,4,371,13
2020-04-27,Thailand,0,0,2922,51,157,4,343,11
2020-04-28,Thailand,16,3,2938,54,146,7,325,13
2020-04-29,Thailand,0,0,2938,54,127,6,295,11
2020-04-30,Thailand,16,0,2954,54,115,4,282,8
2020-05-01,Thailand,6,0,2960,54,121,4,260,7
2020-05-02,Thailand,0,0,2960,54,106,4,260,7
2020-05-03,Thailand,6,0,2966,54,44,3,233,7
2020-05-04,Thailand,3,0,2969,54,47,3,204,7
2020-05-05,Thailand,18,0,2987,54,49,0,195,7
2020-05-06,Thailand,1,0,2988,54,50,0,177,6
2020-05-07,Thailand,1,1,2989,55,35,1,150,5
2020-05-08,Thailand,3,0,2992,55,32,1,153,5
2020-05-09,Thailand,8,0,3000,55,40,1,146,5
2020-05-10,Thailand,4,1,3004,56,38,2,82,5
2020-05-11,Thailand,11,0,3015,56,46,2,93,5
2020-05-12,Thailand,0,0,3015,56,28,2,77,2
2020-05-13,Thailand,2,0,3017,56,29,2,79,2
2020-05-14,Thailand,0,0,3017,56,28,1,63,2
2020-05-15,Thailand,1,0,3018,56,26,1,58,2
2020-05-16,Thailand,7,0,3025,56,25,1,65,2
2020-05-17,Thailand,3,0,3028,56,24,0,62,2
2020-05-18,Thailand,0,0,3028,56,13,0,59,2
2020-05-19,Thailand,3,0,3031,56,16,0,44,2
2020-05-20,Thailand,3,0,3034,56,17,0,46,2
2020-05-21,Thailand,0,0,3034,56,17,0,45,1
2020-05-22,Thailand,3,0,3037,56,19,0,45,1
2020-05-23,Thailand,3,0,3040,56,15,0,40,1
2020-05-24,Thailand,0,0,3040,56,12,0,36,0
2020-05-25,Thailand,2,1,3042,57,14,1,27,1
2020-05-26,Thailand,0,0,3042,57,11,1,27,1
2020-05-27,Thailand,3,0,3045,57,11,1,28,1
2020-05-28,Thailand,9,0,3054,57,20,1,37,1
2020-05-29,Thailand,11,0,3065,57,28,1,47,1
2020-05-30,Thailand,11,0,3076,57,36,1,51,1
2020-05-31,Thailand,5,0,3081,57,41,1,53,1
2020-06-01,Thailand,0,0,3081,57,39,0,53,1
2020-06-02,Thailand,1,0,3082,57,40,0,51,1
2020-06-03,Thailand,1,1,3083,58,38,1,49,2
2020-06-04,Thailand,18,0,3101,58,47,1,67,2
2020-06-05,Thailand,1,0,3102,58,37,1,65,2
2020-06-06,Thailand,2,0,3104,58,28,1,64,2
2020-06-07,Thailand,8,0,3112,58,31,1,72,2
2020-06-08,Thailand,7,0,3119,58,38,1,77,1
2020-06-09,Thailand,0,0,3119,58,37,1,77,1
2020-06-10,Thailand,6,0,3125,58,42,0,80,1
2020-06-11,Thailand,0,0,3125,58,24,0,71,1
2020-06-12,Thailand,0,0,3125,58,23,0,60,1
2020-06-13,Thailand,4,0,3129,58,25,0,53,1
2020-06-14,Thailand,5,0,3134,58,22,0,53,1
2020-06-15,Thailand,1,0,3135,58,16,0,54,1
2020-06-16,Thailand,0,0,3135,58,16,0,53,1
2020-06-17,Thailand,0,0,3135,58,10,0,52,0
2020-06-18,Thailand,6,0,3141,58,16,0,40,0
2020-06-19,Thailand,0,0,3141,58,16,0,39,0
2020-06-20,Thailand,5,0,3146,58,17,0,42,0
2020-06-21,Thailand,1,0,3147,58,13,0,35,0
2020-06-22,Thailand,1,0,3148,58,13,0,29,0
2020-06-23,Thailand,3,0,3151,58,16,0,32,0
2020-06-24,Thailand,5,0,3156,58,21,0,31,0
2020-06-25,Thailand,2,0,3158,58,17,0,33,0
2020-06-26,Thailand,0,0,3158,58,17,0,33,0
2020-06-27,Thailand,4,0,3162,58,16,0,33,0
2020-06-28,Thailand,0,0,3162,58,15,0,28,0
2020-06-29,Thailand,0,0,3162,58,14,0,27,0
2020-06-30,Thailand,9,0,3171,58,20,0,36,0
2020-07-01,Thailand,2,0,3173,58,17,0,38,0
2020-07-02,Thailand,6,0,3179,58,21,0,38,0
2020-07-03,Thailand,1,0,3180,58,22,0,39,0
2020-07-04,Thailand,5,0,3185,58,23,0,39,0
2020-07-05,Thailand,5,0,3190,58,28,0,43,0
2020-07-06,Thailand,5,0,3195,58,33,0,47,0
2020-07-07,Thailand,0,0,3195,58,24,0,44,0
2020-07-08,Thailand,2,0,3197,58,24,0,41,0
2020-07-09,Thailand,5,0,3202,58,23,0,44,0
2020-07-10,Thailand,0,0,3202,58,22,0,44,0
2020-07-11,Thailand,14,0,3216,58,31,0,54,0
2020-07-12,Thailand,1,0,3217,58,27,0,55,0
2020-07-13,Thailand,3,0,3220,58,25,0,58,0
2020-07-14,Thailand,7,0,3227,58,32,0,56,0
2020-07-15,Thailand,5,0,3232,58,35,0,59,0
2020-07-16,Thailand,4,0,3236,58,34,0,57,0
2020-07-17,Thailand,3,0,3239,58,37,0,59,0
2020-07-18,Thailand,7,0,3246,58,30,0,61,0
2020-07-19,Thailand,3,0,3249,58,32,0,59,0
2020-07-20,Thailand,1,0,3250,58,30,0,55,0
2020-07-21,Thailand,5,0,3255,58,28,0,60,0
2020-07-22,Thailand,6,0,3261,58,29,0,64,0
2020-07-23,Thailand,8,0,3269,58,33,0,67,0
2020-07-24,Thailand,10,0,3279,58,40,0,77,0
2020-07-25,Thailand,3,0,3282,58,36,0,66,0
2020-07-26,Thailand,9,0,3291,58,42,0,74,0
2020-07-27,Thailand,4,0,3295,58,45,0,75,0
2020-07-28,Thailand,2,0,3297,58,42,0,70,0
2020-07-29,Thailand,1,0,3298,58,37,0,66,0
2020-07-30,Thailand,6,0,3304,58,35,0,68,0
2020-07-31,Thailand,6,0,3310,58,31,0,71,0
2020-08-01,Thailand,2,0,3312,58,30,0,66,0
2020-08-02,Thailand,5,0,3317,58,26,0,68,0
2020-08-03,Thailand,3,0,3320,58,25,0,70,0
2020-08-04,Thailand,1,0,3321,58,24,0,66,0
2020-08-05,Thailand,7,0,3328,58,30,0,67,0
2020-08-06,Thailand,2,0,3330,58,26,0,61,0
2020-08-07,Thailand,15,0,3345,58,35,0,66,0
2020-08-08,Thailand,3,0,3348,58,36,0,66,0
2020-08-09,Thailand,3,0,3351,58,34,0,60,0
2020-08-10,Thailand,0,0,3351,58,31,0,56,0
2020-08-11,Thailand,0,0,3351,58,30,0,54,0
2020-08-12,Thailand,5,0,3356,58,28,0,58,0
2020-08-13,Thailand,0,0,3356,58,26,0,52,0
2020-08-14,Thailand,20,0,3376,58,31,0,66,0
2020-08-15,Thailand,0,0,3376,58,28,0,64,0
2020-08-16,Thailand,1,0,3377,58,26,0,60,0
2020-08-17,Thailand,1,0,3378,58,27,0,58,0
2020-08-18,Thailand,0,0,3378,58,27,0,57,0
2020-08-19,Thailand,4,0,3382,58,26,0,54,0
2020-08-20,Thailand,7,0,3389,58,33,0,59,0
2020-08-21,Thailand,1,0,3390,58,14,0,45,0
2020-08-22,Thailand,0,0,3390,58,14,0,42,0
2020-08-23,Thailand,5,0,3395,58,18,0,44,0
2020-08-24,Thailand,2,0,3397,58,19,0,46,0
2020-08-25,Thailand,5,0,3402,58,24,0,51,0
2020-08-26,Thailand,1,0,3403,58,21,0,47,0
2020-08-27,Thailand,1,0,3404,58,15,0,48,0
2020-08-28,Thailand,6,0,3410,58,20,0,34,0
2020-08-29,Thailand,1,0,3411,58,21,0,35,0
2020-08-30,Thailand,0,0,3411,58,16,0,34,0
2020-08-31,Thailand,1,0,3412,58,15,0,34,0
2020-04-01,Timor,0,0,1,0,0,0,0,0
2020-04-02,Timor,0,0,1,0,0,0,0,0
2020-04-03,Timor,0,0,1,0,0,0,0,0
2020-04-04,Timor,0,0,1,0,0,0,1,0
2020-04-05,Timor,0,0,1,0,0,0,0,0
2020-04-06,Timor,0,0,1,0,0,0,0,0
2020-04-07,Timor,0,0,1,0,0,0,0,0
2020-04-08,Timor,0,0,1,0,0,0,0,0
2020-04-09,Timor,0,0,1,0,0,0,0,0
2020-04-10,Timor,1,0,2,0,1,0,1,0
2020-04-11,Timor,0,0,2,0,1,0,1,0
2020-04-12,Timor,0,0,2,0,1,0,1,0
2020-04-13,Timor,0,0,2,0,1,0,1,0
2020-04-14,Timor,2,0,4,0,3,0,3,0
2020-04-15,Timor,2,0,6,0,5,0,5,0
2020-04-16,Timor,0,0,6,0,5,0,5,0
2020-04-17,Timor,12,0,18,0,16,0,17,0
2020-04-18,Timor,0,0,18,0,16,0,17,0
2020-04-19,Timor,0,0,18,0,16,0,17,0
2020-04-20,Timor,1,0,19,0,17,0,18,0
2020-04-21,Timor,3,0,22,0,18,0,21,0
2020-04-22,Timor,1,0,23,0,17,0,22,0
2020-04-23,Timor,0,0,23,0,17,0,22,0
2020-04-24,Timor,0,0,23,0,5,0,21,0
2020-04-25,Timor,1,0,24,0,6,0,22,0
2020-04-26,Timor,0,0,24,0,6,0,22,0
2020-04-27,Timor,0,0,24,0,5,0,22,0
2020-04-28,Timor,0,0,24,0,2,0,20,0
2020-04-29,Timor,0,0,24,0,1,0,18,0
2020-04-30,Timor,0,0,24,0,1,0,18,0
2020-05-01,Timor,0,0,24,0,1,0,6,0
2020-05-02,Timor,0,0,24,0,0,0,6,0
2020-05-03,Timor,0,0,24,0,0,0,6,0
2020-05-04,Timor,0,0,24,0,0,0,5,0
2020-05-05,Timor,0,0,24,0,0,0,2,0
2020-05-06,Timor,0,0,24,0,0,0,1,0
2020-05-07,Timor,0,0,24,0,0,0,1,0
2020-05-08,Timor,0,0,24,0,0,0,1,0
2020-05-09,Timor,0,0,24,0,0,0,0,0
2020-05-10,Timor,0,0,24,0,0,0,0,0
2020-05-11,Timor,0,0,24,0,0,0,0,0
2020-05-12,Timor,0,0,24,0,0,0,0,0
2020-05-13,Timor,0,0,24,0,0,0,0,0
2020-05-14,Timor,0,0,24,0,0,0,0,0
2020-05-15,Timor,0,0,24,0,0,0,0,0
2020-05-16,Timor,0,0,24,0,0,0,0,0
2020-05-17,Timor,0,0,24,0,0,0,0,0
2020-05-18,Timor,0,0,24,0,0,0,0,0
2020-05-19,Timor,0,0,24,0,0,0,0,0
2020-05-20,Timor,0,0,24,0,0,0,0,0
2020-05-21,Timor,0,0,24,0,0,0,0,0
2020-05-22,Timor,0,0,24,0,0,0,0,0
2020-05-23,Timor,0,0,24,0,0,0,0,0
2020-05-24,Timor,0,0,24,0,0,0,0,0
2020-05-25,Timor,0,0,24,0,0,0,0,0
2020-05-26,Timor,0,0,24,0,0,0,0,0
2020-05-27,Timor,0,0,24,0,0,0,0,0
2020-05-28,Timor,0,0,24,0,0,0,0,0
2020-05-29,Timor,0,0,24,0,0,0,0,0
2020-05-30,Timor,0,0,24,0,0,0,0,0
2020-05-31,Timor,0,0,24,0,0,0,0,0
2020-06-01,Timor,0,0,24,0,0,0,0,0
2020-06-02,Timor,0,0,24,0,0,0,0,0
2020-06-03,Timor,0,0,24,0,0,0,0,0
2020-06-04,Timor,0,0,24,0,0,0,0,0
2020-06-05,Timor,0,0,24,0,0,0,0,0
2020-06-06,Timor,0,0,24,0,0,0,0,0
2020-06-07,Timor,0,0,24,0,0,0,0,0
2020-06-08,Timor,0,0,24,0,0,0,0,0
2020-06-09,Timor,0,0,24,0,0,0,0,0
2020-06-10,Timor,0,0,24,0,0,0,0,0
2020-06-11,Timor,0,0,24,0,0,0,0,0
2020-06-12,Timor,0,0,24,0,0,0,0,0
2020-06-13,Timor,0,0,24,0,0,0,0,0
2020-06-14,Timor,0,0,24,0,0,0,0,0
2020-06-15,Timor,0,0,24,0,0,0,0,0
2020-06-16,Timor,0,0,24,0,0,0,0,0
2020-06-17,Timor,0,0,24,0,0,0,0,0
2020-06-18,Timor,0,0,24,0,0,0,0,0
2020-06-19,Timor,0,0,24,0,0,0,0,0
2020-06-20,Timor,0,0,24,0,0,0,0,0
2020-06-21,Timor,0,0,24,0,0,0,0,0
2020-06-22,Timor,0,0,24,0,0,0,0,0
2020-06-23,Timor,0,0,24,0,0,0,0,0
2020-06-24,Timor,0,0,24,0,0,0,0,0
2020-06-25,Timor,0,0,24,0,0,0,0,0
2020-06-26,Timor,0,0,24,0,0,0,0,0
2020-06-27,Timor,0,0,24,0,0,0,0,0
2020-06-28,Timor,0,0,24,0,0,0,0,0
2020-06-29,Timor,0,0,24,0,0,0,0,0
2020-06-30,Timor,0,0,24,0,0,0,0,0
2020-07-01,Timor,0,0,24,0,0,0,0,0
2020-07-02,Timor,0,0,24,0,0,0,0,0
2020-07-03,Timor,0,0,24,0,0,0,0,0
2020-07-04,Timor,0,0,24,0,0,0,0,0
2020-07-05,Timor,0,0,24,0,0,0,0,0
2020-07-06,Timor,0,0,24,0,0,0,0,0
2020-07-07,Timor,0,0,24,0,0,0,0,0
2020-07-08,Timor,0,0,24,0,0,0,0,0
2020-07-09,Timor,0,0,24,0,0,0,0,0
2020-07-10,Timor,0,0,24,0,0,0,0,0
2020-07-11,Timor,0,0,24,0,0,0,0,0
2020-07-12,Timor,0,0,24,0,0,0,0,0
2020-07-13,Timor,0,0,24,0,0,0,0,0
2020-07-14,Timor,0,0,24,0,0,0,0,0
2020-07-15,Timor,0,0,24,0,0,0,0,0
2020-07-16,Timor,0,0,24,0,0,0,0,0
2020-07-17,Timor,0,0,24,0,0,0,0,0
2020-07-18,Timor,0,0,24,0,0,0,0,0
2020-07-19,Timor,0,0,24,0,0,0,0,0
2020-07-20,Timor,0,0,24,0,0,0,0,0
2020-07-21,Timor,0,0,24,0,0,0,0,0
2020-07-22,Timor,0,0,24,0,0,0,0,0
2020-07-23,Timor,0,0,24,0,0,0,0,0
2020-07-24,Timor,0,0,24,0,0,0,0,0
2020-07-25,Timor,0,0,24,0,0,0,0,0
2020-07-26,Timor,0,0,24,0,0,0,0,0
2020-07-27,Timor,0,0,24,0,0,0,0,0
2020-07-28,Timor,0,0,24,0,0,0,0,0
2020-07-29,Timor,0,0,24,0,0,0,0,0
2020-07-30,Timor,0,0,24,0,0,0,0,0
2020-07-31,Timor,0,0,24,0,0,0,0,0
2020-08-01,Timor,0,0,24,0,0,0,0,0
2020-08-02,Timor,0,0,24,0,0,0,0,0
2020-08-03,Timor,0,0,24,0,0,0,0,0
2020-08-04,Timor,0,0,24,0,0,0,0,0
2020-08-05,Timor,1,0,25,0,1,0,1,0
2020-08-06,Timor,0,0,25,0,1,0,1,0
2020-08-07,Timor,0,0,25,0,1,0,1,0
2020-08-08,Timor,0,0,25,0,1,0,1,0
2020-08-09,Timor,0,0,25,0,1,0,1,0
2020-08-10,Timor,0,0,25,0,1,0,1,0
2020-08-11,Timor,0,0,25,0,1,0,1,0
2020-08-12,Timor,0,0,25,0,0,0,1,0
2020-08-13,Timor,0,0,25,0,0,0,1,0
2020-08-14,Timor,0,0,25,0,0,0,1,0
2020-08-15,Timor,0,0,25,0,0,0,1,0
2020-08-16,Timor,0,0,25,0,0,0,1,0
2020-08-17,Timor,0,0,25,0,0,0,1,0
2020-08-18,Timor,0,0,25,0,0,0,1,0
2020-08-19,Timor,0,0,25,0,0,0,0,0
2020-08-20,Timor,0,0,25,0,0,0,0,0
2020-08-21,Timor,1,0,26,0,1,0,1,0
2020-08-22,Timor,0,0,26,0,1,0,1,0
2020-08-23,Timor,0,0,26,0,1,0,1,0
2020-08-24,Timor,0,0,26,0,1,0,1,0
2020-08-25,Timor,0,0,26,0,1,0,1,0
2020-08-26,Timor,0,0,26,0,1,0,1,0
2020-08-27,Timor,1,0,27,0,2,0,2,0
2020-08-28,Timor,0,0,27,0,1,0,2,0
2020-08-29,Timor,0,0,27,0,1,0,2,0
2020-08-30,Timor,0,0,27,0,1,0,2,0
2020-08-31,Timor,0,0,27,0,1,0,2,0
2020-04-01,Togo,0,0,34,1,16,1,33,1
2020-04-02,Togo,2,1,36,2,13,2,35,2
2020-04-03,Togo,3,0,39,2,15,2,38,2
2020-04-04,Togo,1,1,40,3,15,2,31,3
2020-04-05,Togo,1,0,41,3,13,2,26,3
2020-04-06,Togo,3,0,44,3,14,2,29,3
2020-04-07,Togo,14,0,58,3,24,2,40,3
2020-04-08,Togo,7,0,65,3,31,2,47,3
2020-04-09,Togo,5,0,70,3,34,1,47,3
2020-04-10,Togo,3,0,73,3,34,1,49,3
2020-04-11,Togo,3,0,76,3,36,0,51,2
2020-04-12,Togo,0,0,76,3,35,0,48,2
2020-04-13,Togo,0,0,76,3,32,0,46,2
2020-04-14,Togo,1,0,77,3,19,0,43,2
2020-04-15,Togo,0,0,77,3,12,0,43,2
2020-04-16,Togo,4,0,81,3,11,0,45,1
2020-04-17,Togo,0,2,81,5,8,2,42,3
2020-04-18,Togo,2,0,83,5,7,2,43,2
2020-04-19,Togo,1,0,84,5,8,2,43,2
2020-04-20,Togo,0,0,84,5,8,2,40,2
2020-04-21,Togo,0,1,84,6,7,3,26,3
2020-04-22,Togo,2,0,86,6,9,3,21,3
2020-04-23,Togo,2,0,88,6,7,3,18,3
2020-04-24,Togo,0,0,88,6,7,1,15,3
2020-04-25,Togo,2,0,90,6,7,1,14,3
2020-04-26,Togo,6,0,96,6,12,1,20,3
2020-04-27,Togo,2,0,98,6,14,1,22,3
2020-04-28,Togo,1,0,99,6,15,0,22,3
2020-04-29,Togo,0,0,99,6,13,0,22,3
2020-04-30,Togo,10,1,109,7,21,1,28,4
2020-05-01,Togo,7,2,116,9,28,3,35,4
2020-05-02,Togo,7,0,123,9,33,3,40,4
2020-05-03,Togo,0,0,123,9,27,3,39,4
2020-05-04,Togo,1,0,124,9,26,3,40,4
2020-05-05,Togo,2,0,126,9,27,3,42,3
2020-05-06,Togo,2,0,128,9,29,3,42,3
2020-05-07,Togo,0,0,128,9,19,2,40,3
2020-05-08,Togo,7,0,135,9,19,0,47,3
2020-05-09,Togo,10,1,145,10,22,1,55,4
2020-05-10,Togo,8,0,153,10,30,1,57,4
2020-05-11,Togo,21,1,174,11,50,2,76,5
2020-05-12,Togo,7,0,181,11,55,2,82,5
2020-05-13,Togo,18,0,199,11,71,2,100,5
2020-05-14,Togo,20,0,219,11,91,2,110,4
2020-05-15,Togo,19,0,238,11,103,2,122,2
2020-05-16,Togo,25,0,263,11,118,1,140,2
2020-05-17,Togo,35,0,298,11,145,1,175,2
2020-05-18,Togo,3,0,301,11,127,0,177,2
2020-05-19,Togo,29,1,330,12,149,1,204,3
2020-05-20,Togo,8,0,338,12,139,1,210,3
2020-05-21,Togo,2,0,340,12,121,1,212,3
2020-05-22,Togo,14,0,354,12,116,1,219,3
2020-05-23,Togo,9,0,363,12,100,1,218,2
2020-05-24,Togo,10,0,373,12,75,1,220,2
2020-05-25,Togo,8,0,381,12,80,1,207,1
2020-05-26,Togo,5,1,386,13,56,1,205,2
2020-05-27,Togo,5,0,391,13,53,1,192,2
2020-05-28,Togo,4,0,395,13,55,1,176,2
2020-05-29,Togo,27,0,422,13,68,1,184,2
2020-05-30,Togo,6,0,428,13,65,1,165,2
2020-05-31,Togo,5,0,433,13,60,1,135,2
2020-06-01,Togo,9,0,442,13,61,1,141,2
2020-06-02,Togo,1,0,443,13,57,0,113,1
2020-06-03,Togo,2,0,445,13,54,0,107,1
2020-06-04,Togo,7,0,452,13,57,0,112,1
2020-06-05,Togo,13,0,465,13,43,0,111,1
2020-06-06,Togo,20,0,485,13,57,0,122,1
2020-06-07,Togo,2,0,487,13,54,0,114,1
2020-06-08,Togo,8,0,495,13,53,0,114,1
2020-06-09,Togo,2,0,497,13,54,0,111,0
2020-06-10,Togo,4,0,501,13,56,0,110,0
2020-06-11,Togo,21,0,522,13,70,0,127,0
2020-06-12,Togo,2,0,524,13,59,0,102,0
2020-06-13,Togo,1,0,525,13,40,0,97,0
2020-06-14,Togo,5,0,530,13,43,0,97,0
2020-06-15,Togo,1,0,531,13,36,0,89,0
2020-06-16,Togo,1,0,532,13,35,0,89,0
2020-06-17,Togo,5,0,537,13,36,0,92,0
2020-06-18,Togo,7,0,544,13,22,0,92,0
2020-06-19,Togo,3,0,547,13,23,0,82,0
2020-06-20,Togo,8,0,555,13,30,0,70,0
2020-06-21,Togo,6,0,561,13,31,0,74,0
2020-06-22,Togo,8,0,569,13,38,0,74,0
2020-06-23,Togo,0,0,569,13,37,0,72,0
2020-06-24,Togo,7,0,576,13,39,0,75,0
2020-06-25,Togo,7,1,583,14,39,1,61,1
2020-06-26,Togo,5,0,588,14,41,1,64,1
2020-06-27,Togo,3,0,591,14,36,1,66,1
2020-06-28,Togo,24,0,615,14,54,1,85,1
2020-06-29,Togo,27,0,642,14,73,1,111,1
2020-06-30,Togo,1,0,643,14,74,1,111,1
2020-07-01,Togo,7,0,650,14,74,1,113,1
2020-07-02,Togo,11,0,661,14,78,0,117,1
2020-07-03,Togo,6,0,667,14,79,0,120,1
2020-07-04,Togo,4,0,671,14,80,0,116,1
2020-07-05,Togo,5,1,676,15,61,1,115,2
2020-07-06,Togo,4,0,680,15,38,1,111,2
2020-07-07,Togo,0,0,680,15,37,1,111,2
2020-07-08,Togo,9,0,689,15,39,1,113,2
2020-07-09,Togo,6,0,695,15,34,1,112,1
2020-07-10,Togo,9,0,704,15,37,1,116,1
2020-07-11,Togo,6,0,710,15,39,1,119,1
2020-07-12,Togo,8,0,718,15,42,0,103,1
2020-07-13,Togo,2,0,720,15,40,0,78,1
2020-07-14,Togo,1,0,721,15,41,0,78,1
2020-07-15,Togo,10,0,731,15,42,0,81,1
2020-07-16,Togo,9,0,740,15,45,0,79,1
2020-07-17,Togo,9,0,749,15,45,0,82,1
2020-07-18,Togo,0,0,749,15,39,0,78,1
2020-07-19,Togo,17,0,766,15,48,0,90,0
2020-07-20,Togo,8,0,774,15,54,0,94,0
2020-07-21,Togo,9,0,783,15,62,0,103,0
2020-07-22,Togo,7,0,790,15,59,0,101,0
2020-07-23,Togo,16,1,806,16,66,1,111,1
2020-07-24,Togo,22,0,828,16,79,1,124,1
2020-07-25,Togo,11,1,839,17,90,2,129,2
2020-07-26,Togo,14,0,853,17,87,2,135,2
2020-07-27,Togo,15,1,868,18,94,3,148,3
2020-07-28,Togo,6,0,874,18,91,3,153,3
2020-07-29,Togo,22,0,896,18,106,3,165,3
2020-07-30,Togo,0,0,896,18,90,2,156,3
2020-07-31,Togo,31,0,927,18,99,2,178,3
2020-08-01,Togo,14,1,941,19,102,2,192,4
2020-08-02,Togo,17,0,958,19,105,2,192,4
2020-08-03,Togo,3,0,961,19,93,1,187,4
2020-08-04,Togo,15,0,976,19,102,1,193,4
2020-08-05,Togo,12,0,988,19,92,1,198,4
2020-08-06,Togo,13,2,1001,21,105,3,195,5
2020-08-07,Togo,11,1,1012,22,85,4,184,6
2020-08-08,Togo,16,0,1028,22,87,3,189,5
2020-08-09,Togo,18,1,1046,23,88,4,193,6
2020-08-10,Togo,14,0,1060,23,99,4,192,5
2020-08-11,Togo,7,2,1067,25,91,6,193,7
2020-08-12,Togo,3,1,1070,26,82,7,174,8
2020-08-13,Togo,22,0,1092,26,91,5,196,8
2020-08-14,Togo,12,0,1104,26,92,4,177,8
2020-08-15,Togo,20,0,1124,26,96,4,183,7
2020-08-16,Togo,6,1,1130,27,84,4,172,8
2020-08-17,Togo,17,0,1147,27,87,4,186,8
2020-08-18,Togo,7,0,1154,27,87,2,178,8
2020-08-19,Togo,19,0,1173,27,103,1,185,8
2020-08-20,Togo,17,0,1190,27,98,1,189,6
2020-08-21,Togo,22,0,1212,27,108,1,200,5
2020-08-22,Togo,27,0,1239,27,115,1,211,5
2020-08-23,Togo,36,0,1275,27,145,0,229,4
2020-08-24,Togo,2,0,1277,27,130,0,217,4
2020-08-25,Togo,18,0,1295,27,141,0,228,2
2020-08-26,Togo,14,0,1309,27,136,0,239,1
2020-08-27,Togo,17,0,1326,27,136,0,234,1
2020-08-28,Togo,0,0,1326,27,114,0,222,1
2020-08-29,Togo,39,0,1365,27,126,0,241,1
2020-08-30,Togo,25,0,1390,27,115,0,260,0
2020-08-31,Togo,6,0,1396,27,119,0,249,0
2020-04-01,Trinidad and Tobago,2,0,87,3,30,3,80,3
2020-04-02,Trinidad and Tobago,2,2,89,5,29,4,80,5
2020-04-03,Trinidad and Tobago,8,1,97,6,32,5,88,6
2020-04-04,Trinidad and Tobago,3,0,100,6,34,4,91,6
2020-04-05,Trinidad and Tobago,3,0,103,6,29,4,54,6
2020-04-06,Trinidad and Tobago,1,1,104,7,26,4,54,7
2020-04-07,Trinidad and Tobago,1,1,105,8,20,5,54,8
2020-04-08,Trinidad and Tobago,2,0,107,8,20,5,50,8
2020-04-09,Trinidad and Tobago,0,0,107,8,18,3,47,7
2020-04-10,Trinidad and Tobago,2,0,109,8,12,2,44,7
2020-04-11,Trinidad and Tobago,0,0,109,8,9,2,43,6
2020-04-12,Trinidad and Tobago,3,0,112,8,9,2,38,6
2020-04-13,Trinidad and Tobago,1,0,113,8,9,1,35,5
2020-04-14,Trinidad and Tobago,0,0,113,8,8,0,28,5
2020-04-15,Trinidad and Tobago,0,0,113,8,6,0,26,5
2020-04-16,Trinidad and Tobago,1,0,114,8,7,0,25,3
2020-04-17,Trinidad and Tobago,0,0,114,8,5,0,17,2
2020-04-18,Trinidad and Tobago,0,0,114,8,5,0,14,2
2020-04-19,Trinidad and Tobago,0,0,114,8,2,0,11,2
2020-04-20,Trinidad and Tobago,0,0,114,8,1,0,10,1
2020-04-21,Trinidad and Tobago,0,0,114,8,1,0,9,0
2020-04-22,Trinidad and Tobago,1,0,115,8,2,0,8,0
2020-04-23,Trinidad and Tobago,0,0,115,8,1,0,8,0
2020-04-24,Trinidad and Tobago,0,0,115,8,1,0,6,0
2020-04-25,Trinidad and Tobago,0,0,115,8,1,0,6,0
2020-04-26,Trinidad and Tobago,0,0,115,8,1,0,3,0
2020-04-27,Trinidad and Tobago,1,0,116,8,2,0,3,0
2020-04-28,Trinidad and Tobago,0,0,116,8,2,0,3,0
2020-04-29,Trinidad and Tobago,0,0,116,8,1,0,3,0
2020-04-30,Trinidad and Tobago,0,0,116,8,1,0,2,0
2020-05-01,Trinidad and Tobago,0,0,116,8,1,0,2,0
2020-05-02,Trinidad and Tobago,0,0,116,8,1,0,2,0
2020-05-03,Trinidad and Tobago,0,0,116,8,1,0,2,0
2020-05-04,Trinidad and Tobago,0,0,116,8,0,0,2,0
2020-05-05,Trinidad and Tobago,0,0,116,8,0,0,2,0
2020-05-06,Trinidad and Tobago,0,0,116,8,0,0,1,0
2020-05-07,Trinidad and Tobago,0,0,116,8,0,0,1,0
2020-05-08,Trinidad and Tobago,0,0,116,8,0,0,1,0
2020-05-09,Trinidad and Tobago,0,0,116,8,0,0,1,0
2020-05-10,Trinidad and Tobago,0,0,116,8,0,0,1,0
2020-05-11,Trinidad and Tobago,0,0,116,8,0,0,0,0
2020-05-12,Trinidad and Tobago,0,0,116,8,0,0,0,0
2020-05-13,Trinidad and Tobago,0,0,116,8,0,0,0,0
2020-05-14,Trinidad and Tobago,0,0,116,8,0,0,0,0
2020-05-15,Trinidad and Tobago,0,0,116,8,0,0,0,0
2020-05-16,Trinidad and Tobago,0,0,116,8,0,0,0,0
2020-05-17,Trinidad and Tobago,0,0,116,8,0,0,0,0
2020-05-18,Trinidad and Tobago,0,0,116,8,0,0,0,0
2020-05-19,Trinidad and Tobago,0,0,116,8,0,0,0,0
2020-05-20,Trinidad and Tobago,0,0,116,8,0,0,0,0
2020-05-21,Trinidad and Tobago,0,0,116,8,0,0,0,0
2020-05-22,Trinidad and Tobago,0,0,116,8,0,0,0,0
2020-05-23,Trinidad and Tobago,0,0,116,8,0,0,0,0
2020-05-24,Trinidad and Tobago,0,0,116,8,0,0,0,0
2020-05-25,Trinidad and Tobago,0,0,116,8,0,0,0,0
2020-05-26,Trinidad and Tobago,0,0,116,8,0,0,0,0
2020-05-27,Trinidad and Tobago,0,0,116,8,0,0,0,0
2020-05-28,Trinidad and Tobago,0,0,116,8,0,0,0,0
2020-05-29,Trinidad and Tobago,0,0,116,8,0,0,0,0
2020-05-30,Trinidad and Tobago,0,0,116,8,0,0,0,0
2020-05-31,Trinidad and Tobago,1,0,117,8,1,0,1,0
2020-06-01,Trinidad and Tobago,0,0,117,8,1,0,1,0
2020-06-02,Trinidad and Tobago,0,0,117,8,1,0,1,0
2020-06-03,Trinidad and Tobago,0,0,117,8,1,0,1,0
2020-06-04,Trinidad and Tobago,0,0,117,8,1,0,1,0
2020-06-05,Trinidad and Tobago,0,0,117,8,1,0,1,0
2020-06-06,Trinidad and Tobago,0,0,117,8,1,0,1,0
2020-06-07,Trinidad and Tobago,0,0,117,8,0,0,1,0
2020-06-08,Trinidad and Tobago,0,0,117,8,0,0,1,0
2020-06-09,Trinidad and Tobago,0,0,117,8,0,0,1,0
2020-06-10,Trinidad and Tobago,0,0,117,8,0,0,1,0
2020-06-11,Trinidad and Tobago,0,0,117,8,0,0,1,0
2020-06-12,Trinidad and Tobago,0,0,117,8,0,0,1,0
2020-06-13,Trinidad and Tobago,0,0,117,8,0,0,1,0
2020-06-14,Trinidad and Tobago,0,0,117,8,0,0,0,0
2020-06-15,Trinidad and Tobago,6,0,123,8,6,0,6,0
2020-06-16,Trinidad and Tobago,0,0,123,8,6,0,6,0
2020-06-17,Trinidad and Tobago,0,0,123,8,6,0,6,0
2020-06-18,Trinidad and Tobago,0,0,123,8,6,0,6,0
2020-06-19,Trinidad and Tobago,0,0,123,8,6,0,6,0
2020-06-20,Trinidad and Tobago,0,0,123,8,6,0,6,0
2020-06-21,Trinidad and Tobago,0,0,123,8,6,0,6,0
2020-06-22,Trinidad and Tobago,0,0,123,8,0,0,6,0
2020-06-23,Trinidad and Tobago,0,0,123,8,0,0,6,0
2020-06-24,Trinidad and Tobago,0,0,123,8,0,0,6,0
2020-06-25,Trinidad and Tobago,0,0,123,8,0,0,6,0
2020-06-26,Trinidad and Tobago,0,0,123,8,0,0,6,0
2020-06-27,Trinidad and Tobago,1,0,124,8,1,0,7,0
2020-06-28,Trinidad and Tobago,0,0,124,8,1,0,7,0
2020-06-29,Trinidad and Tobago,2,0,126,8,3,0,3,0
2020-06-30,Trinidad and Tobago,0,0,126,8,3,0,3,0
2020-07-01,Trinidad and Tobago,4,0,130,8,7,0,7,0
2020-07-02,Trinidad and Tobago,0,0,130,8,7,0,7,0
2020-07-03,Trinidad and Tobago,0,0,130,8,7,0,7,0
2020-07-04,Trinidad and Tobago,0,0,130,8,6,0,7,0
2020-07-05,Trinidad and Tobago,0,0,130,8,6,0,7,0
2020-07-06,Trinidad and Tobago,3,0,133,8,7,0,10,0
2020-07-07,Trinidad and Tobago,0,0,133,8,7,0,10,0
2020-07-08,Trinidad and Tobago,0,0,133,8,3,0,10,0
2020-07-09,Trinidad and Tobago,0,0,133,8,3,0,10,0
2020-07-10,Trinidad and Tobago,0,0,133,8,3,0,10,0
2020-07-11,Trinidad and Tobago,0,0,133,8,3,0,9,0
2020-07-12,Trinidad and Tobago,0,0,133,8,3,0,9,0
2020-07-13,Trinidad and Tobago,0,0,133,8,0,0,7,0
2020-07-14,Trinidad and Tobago,0,0,133,8,0,0,7,0
2020-07-15,Trinidad and Tobago,0,0,133,8,0,0,3,0
2020-07-16,Trinidad and Tobago,0,0,133,8,0,0,3,0
2020-07-17,Trinidad and Tobago,0,0,133,8,0,0,3,0
2020-07-18,Trinidad and Tobago,3,0,136,8,3,0,6,0
2020-07-19,Trinidad and Tobago,1,0,137,8,4,0,7,0
2020-07-20,Trinidad and Tobago,0,0,137,8,4,0,4,0
2020-07-21,Trinidad and Tobago,0,0,137,8,4,0,4,0
2020-07-22,Trinidad and Tobago,2,0,139,8,6,0,6,0
2020-07-23,Trinidad and Tobago,2,0,141,8,8,0,8,0
2020-07-24,Trinidad and Tobago,0,0,141,8,8,0,8,0
2020-07-25,Trinidad and Tobago,1,0,142,8,6,0,9,0
2020-07-26,Trinidad and Tobago,5,0,147,8,10,0,14,0
2020-07-27,Trinidad and Tobago,0,0,147,8,10,0,14,0
2020-07-28,Trinidad and Tobago,1,0,148,8,11,0,15,0
2020-07-29,Trinidad and Tobago,6,0,154,8,15,0,21,0
2020-07-30,Trinidad and Tobago,2,0,156,8,15,0,23,0
2020-07-31,Trinidad and Tobago,8,0,164,8,23,0,31,0
2020-08-01,Trinidad and Tobago,5,0,169,8,27,0,33,0
2020-08-02,Trinidad and Tobago,4,0,173,8,26,0,36,0
2020-08-03,Trinidad and Tobago,9,0,182,8,35,0,45,0
2020-08-04,Trinidad and Tobago,0,0,182,8,34,0,45,0
2020-08-05,Trinidad and Tobago,12,0,194,8,40,0,55,0
2020-08-06,Trinidad and Tobago,5,0,199,8,43,0,58,0
2020-08-07,Trinidad and Tobago,11,0,210,8,46,0,69,0
2020-08-08,Trinidad and Tobago,15,0,225,8,56,0,83,0
2020-08-09,Trinidad and Tobago,50,0,275,8,102,0,128,0
2020-08-10,Trinidad and Tobago,4,0,279,8,97,0,132,0
2020-08-11,Trinidad and Tobago,2,0,281,8,99,0,133,0
2020-08-12,Trinidad and Tobago,14,0,295,8,101,0,141,0
2020-08-13,Trinidad and Tobago,31,0,326,8,127,0,170,0
2020-08-14,Trinidad and Tobago,78,0,404,8,194,0,240,0
2020-08-15,Trinidad and Tobago,8,0,412,8,187,0,243,0
2020-08-16,Trinidad and Tobago,62,2,474,10,199,2,301,2
2020-08-17,Trinidad and Tobago,78,1,552,11,273,3,370,3
2020-08-18,Trinidad and Tobago,0,0,552,11,271,3,370,3
2020-08-19,Trinidad and Tobago,77,1,629,12,334,4,435,4
2020-08-20,Trinidad and Tobago,57,0,686,12,360,4,487,4
2020-08-21,Trinidad and Tobago,81,0,767,12,363,4,557,4
2020-08-22,Trinidad and Tobago,97,0,864,12,452,4,639,4
2020-08-23,Trinidad and Tobago,66,1,930,13,456,3,655,5
2020-08-24,Trinidad and Tobago,77,1,1007,14,455,3,728,6
2020-08-25,Trinidad and Tobago,92,1,1099,15,547,4,818,7
2020-08-26,Trinidad and Tobago,153,0,1252,15,623,3,957,7
2020-08-27,Trinidad and Tobago,159,0,1411,15,725,3,1085,7
2020-08-28,Trinidad and Tobago,65,0,1476,15,709,3,1072,7
2020-08-29,Trinidad and Tobago,78,4,1554,19,690,7,1142,11
2020-08-30,Trinidad and Tobago,91,0,1645,19,715,6,1171,9
2020-08-31,Trinidad and Tobago,38,2,1683,21,676,7,1131,10
2020-04-01,Tunisia,50,1,362,9,248,6,338,9
2020-04-02,Tunisia,32,1,394,10,221,5,365,10
2020-04-03,Tunisia,61,3,455,13,282,8,416,13
2020-04-04,Tunisia,0,0,455,13,228,7,401,12
2020-04-05,Tunisia,40,5,495,18,268,12,435,17
2020-04-06,Tunisia,58,1,553,19,275,11,478,16
2020-04-07,Tunisia,21,3,574,22,262,14,485,19
2020-04-08,Tunisia,22,0,596,22,234,13,482,19
2020-04-09,Tunisia,27,1,623,23,229,13,450,18
2020-04-10,Tunisia,20,2,643,25,188,12,470,20
2020-04-11,Tunisia,28,0,671,25,216,12,444,19
2020-04-12,Tunisia,14,3,685,28,190,10,458,22
2020-04-13,Tunisia,22,3,707,31,154,12,429,23
2020-04-14,Tunisia,19,3,726,34,152,12,414,26
2020-04-15,Tunisia,21,0,747,34,151,12,385,25
2020-04-16,Tunisia,33,1,780,35,157,12,386,25
2020-04-17,Tunisia,42,2,822,37,179,12,367,24
2020-04-18,Tunisia,42,0,864,37,193,12,409,24
2020-04-19,Tunisia,2,0,866,37,181,9,371,19
2020-04-20,Tunisia,13,1,879,38,172,7,326,19
2020-04-21,Tunisia,5,0,884,38,158,4,310,16
2020-04-22,Tunisia,17,0,901,38,154,4,305,16
2020-04-23,Tunisia,0,0,901,38,121,3,278,15
2020-04-24,Tunisia,17,0,918,38,96,1,275,13
2020-04-25,Tunisia,4,0,922,38,58,1,251,13
2020-04-26,Tunisia,17,0,939,38,73,1,254,10
2020-04-27,Tunisia,10,0,949,38,70,0,242,7
2020-04-28,Tunisia,18,1,967,39,83,1,241,5
2020-04-29,Tunisia,8,1,975,40,74,2,228,6
2020-04-30,Tunisia,5,0,980,40,79,2,200,5
2020-05-01,Tunisia,14,0,994,40,76,2,172,3
2020-05-02,Tunisia,4,1,998,41,76,3,134,4
2020-05-03,Tunisia,11,1,1009,42,70,4,143,5
2020-05-04,Tunisia,4,0,1013,42,64,4,134,4
2020-05-05,Tunisia,5,1,1018,43,51,4,134,5
2020-05-06,Tunisia,4,0,1022,43,47,3,121,5
2020-05-07,Tunisia,3,0,1025,43,45,3,124,5
2020-05-08,Tunisia,1,1,1026,44,32,4,108,6
2020-05-09,Tunisia,4,1,1030,45,32,4,108,7
2020-05-10,Tunisia,2,0,1032,45,23,3,93,7
2020-05-11,Tunisia,0,0,1032,45,19,3,83,7
2020-05-12,Tunisia,0,0,1032,45,14,2,65,6
2020-05-13,Tunisia,0,0,1032,45,10,2,57,5
2020-05-14,Tunisia,0,0,1032,45,7,2,52,5
2020-05-15,Tunisia,0,0,1032,45,6,1,38,5
2020-05-16,Tunisia,3,0,1035,45,5,0,37,4
2020-05-17,Tunisia,0,0,1035,45,3,0,26,3
2020-05-18,Tunisia,2,0,1037,45,5,0,24,3
2020-05-19,Tunisia,6,1,1043,46,11,1,25,3
2020-05-20,Tunisia,1,1,1044,47,12,2,22,4
2020-05-21,Tunisia,1,0,1045,47,13,2,20,4
2020-05-22,Tunisia,1,0,1046,47,14,2,20,3
2020-05-23,Tunisia,2,0,1048,47,13,2,18,2
2020-05-24,Tunisia,0,1,1048,48,13,3,16,3
2020-05-25,Tunisia,3,0,1051,48,14,3,19,3
2020-05-26,Tunisia,0,0,1051,48,8,2,19,3
2020-05-27,Tunisia,0,0,1051,48,7,1,19,3
2020-05-28,Tunisia,0,0,1051,48,6,1,19,3
2020-05-29,Tunisia,17,0,1068,48,22,1,36,3
2020-05-30,Tunisia,3,0,1071,48,23,1,36,3
2020-05-31,Tunisia,5,0,1076,48,28,0,41,3
2020-06-01,Tunisia,1,0,1077,48,26,0,40,3
2020-06-02,Tunisia,7,0,1084,48,33,0,41,2
2020-06-03,Tunisia,2,0,1086,48,35,0,42,1
2020-06-04,Tunisia,1,1,1087,49,36,1,42,2
2020-06-05,Tunisia,0,0,1087,49,19,1,41,2
2020-06-06,Tunisia,0,0,1087,49,16,1,39,2
2020-06-07,Tunisia,0,0,1087,49,11,1,39,1
2020-06-08,Tunisia,0,0,1087,49,10,1,36,1
2020-06-09,Tunisia,0,0,1087,49,3,1,36,1
2020-06-10,Tunisia,0,0,1087,49,1,1,36,1
2020-06-11,Tunisia,0,0,1087,49,0,0,36,1
2020-06-12,Tunisia,0,0,1087,49,0,0,19,1
2020-06-13,Tunisia,6,0,1093,49,6,0,22,1
2020-06-14,Tunisia,1,0,1094,49,7,0,18,1
2020-06-15,Tunisia,2,0,1096,49,9,0,19,1
2020-06-16,Tunisia,14,0,1110,49,23,0,26,1
2020-06-17,Tunisia,15,0,1125,49,38,0,39,1
2020-06-18,Tunisia,3,1,1128,50,41,1,41,1
2020-06-19,Tunisia,4,0,1132,50,45,1,45,1
2020-06-20,Tunisia,14,0,1146,50,53,1,59,1
2020-06-21,Tunisia,10,0,1156,50,62,1,69,1
2020-06-22,Tunisia,1,0,1157,50,61,1,70,1
2020-06-23,Tunisia,2,0,1159,50,49,1,72,1
2020-06-24,Tunisia,0,0,1159,50,34,1,72,1
2020-06-25,Tunisia,1,0,1160,50,32,0,73,1
2020-06-26,Tunisia,2,0,1162,50,30,0,75,1
2020-06-27,Tunisia,2,0,1164,50,18,0,71,1
2020-06-28,Tunisia,4,0,1168,50,12,0,74,1
2020-06-29,Tunisia,1,0,1169,50,12,0,73,1
2020-06-30,Tunisia,3,0,1172,50,13,0,62,1
2020-07-01,Tunisia,2,0,1174,50,15,0,49,1
2020-07-02,Tunisia,1,0,1175,50,15,0,47,0
2020-07-03,Tunisia,3,0,1178,50,16,0,46,0
2020-07-04,Tunisia,3,0,1181,50,17,0,35,0
2020-07-05,Tunisia,5,0,1186,50,18,0,30,0
2020-07-06,Tunisia,2,0,1188,50,19,0,31,0
2020-07-07,Tunisia,11,0,1199,50,27,0,40,0
2020-07-08,Tunisia,6,0,1205,50,31,0,46,0
2020-07-09,Tunisia,16,0,1221,50,46,0,61,0
2020-07-10,Tunisia,10,0,1231,50,53,0,69,0
2020-07-11,Tunisia,9,0,1240,50,59,0,76,0
2020-07-12,Tunisia,5,0,1245,50,59,0,77,0
2020-07-13,Tunisia,18,0,1263,50,75,0,94,0
2020-07-14,Tunisia,39,0,1302,50,103,0,130,0
2020-07-15,Tunisia,4,0,1306,50,101,0,132,0
2020-07-16,Tunisia,13,0,1319,50,98,0,144,0
2020-07-17,Tunisia,8,0,1327,50,96,0,149,0
2020-07-18,Tunisia,9,0,1336,50,96,0,155,0
2020-07-19,Tunisia,12,0,1348,50,103,0,162,0
2020-07-20,Tunisia,26,0,1374,50,111,0,186,0
2020-07-21,Tunisia,7,0,1381,50,79,0,182,0
2020-07-22,Tunisia,8,0,1389,50,83,0,184,0
2020-07-23,Tunisia,5,0,1394,50,75,0,173,0
2020-07-24,Tunisia,12,0,1406,50,79,0,175,0
2020-07-25,Tunisia,19,0,1425,50,89,0,185,0
2020-07-26,Tunisia,18,0,1443,50,95,0,198,0
2020-07-27,Tunisia,9,0,1452,50,78,0,189,0
2020-07-28,Tunisia,3,0,1455,50,74,0,153,0
2020-07-29,Tunisia,13,0,1468,50,79,0,162,0
2020-07-30,Tunisia,20,0,1488,50,94,0,169,0
2020-07-31,Tunisia,26,0,1514,50,108,0,187,0
2020-08-01,Tunisia,21,0,1535,50,110,0,199,0
2020-08-02,Tunisia,17,1,1552,51,109,1,204,1
2020-08-03,Tunisia,9,0,1561,51,109,1,187,1
2020-08-04,Tunisia,4,0,1565,51,110,1,184,1
2020-08-05,Tunisia,19,0,1584,51,116,1,195,1
2020-08-06,Tunisia,17,0,1601,51,113,1,207,1
2020-08-07,Tunisia,41,0,1642,51,128,1,236,1
2020-08-08,Tunisia,14,0,1656,51,121,1,231,1
2020-08-09,Tunisia,22,0,1678,51,126,0,235,1
2020-08-10,Tunisia,19,0,1697,51,136,0,245,1
2020-08-11,Tunisia,20,0,1717,51,152,0,262,1
2020-08-12,Tunisia,21,1,1738,52,154,1,270,2
2020-08-13,Tunisia,42,0,1780,52,179,1,292,2
2020-08-14,Tunisia,67,1,1847,53,205,2,333,3
2020-08-15,Tunisia,56,0,1903,53,247,2,368,3
2020-08-16,Tunisia,120,1,2023,54,345,3,471,3
2020-08-17,Tunisia,84,0,2107,54,410,3,546,3
2020-08-18,Tunisia,78,2,2185,56,468,5,620,5
2020-08-19,Tunisia,0,0,2185,56,447,4,601,5
2020-08-20,Tunisia,242,4,2427,60,647,8,826,9
2020-08-21,Tunisia,116,3,2543,63,696,10,901,12
2020-08-22,Tunisia,64,1,2607,64,704,11,951,13
2020-08-23,Tunisia,131,4,2738,68,715,14,1060,17
2020-08-24,Tunisia,0,0,2738,68,631,14,1041,17
2020-08-25,Tunisia,155,3,2893,71,708,15,1176,20
2020-08-26,Tunisia,176,0,3069,71,884,15,1331,19
2020-08-27,Tunisia,137,0,3206,71,779,11,1426,19
2020-08-28,Tunisia,117,2,3323,73,780,10,1476,20
2020-08-29,Tunisia,138,1,3461,74,854,10,1558,21
2020-08-30,Tunisia,111,2,3572,76,834,8,1549,22
2020-08-31,Tunisia,113,0,3685,76,947,8,1578,22
2020-04-01,Turkey,2704,46,13531,214,11659,170,13433,214
2020-04-02,Turkey,2148,63,15679,277,13246,218,15488,276
2020-04-03,Turkey,2456,79,18135,356,14506,281,17776,352
2020-04-04,Turkey,2786,69,20921,425,15223,333,20251,416
2020-04-05,Turkey,3013,76,23934,501,16532,393,22987,480
2020-04-06,Turkey,3135,73,27069,574,17852,443,25833,544
2020-04-07,Turkey,3148,75,30217,649,19390,481,28688,612
2020-04-08,Turkey,3892,76,34109,725,20578,511,32237,681
2020-04-09,Turkey,4117,87,38226,812,22547,535,35793,753
2020-04-10,Turkey,4056,96,42282,908,24147,552,38653,833
2020-04-11,Turkey,4747,98,47029,1006,26108,581,41331,914
2020-04-12,Turkey,5138,95,52167,1101,28233,600,44765,993
2020-04-13,Turkey,4789,97,56956,1198,29887,624,47739,1067
2020-04-14,Turkey,4093,98,61049,1296,30832,647,50222,1128
2020-04-15,Turkey,4062,107,65111,1403,31002,678,51580,1189
2020-04-16,Turkey,4281,115,69392,1518,31166,706,53713,1241
2020-04-17,Turkey,4801,125,74193,1643,31911,735,56058,1287
2020-04-18,Turkey,4353,126,78546,1769,31517,763,57625,1344
2020-04-19,Turkey,3783,121,82329,1890,30162,789,58395,1389
2020-04-20,Turkey,3977,127,86306,2017,29350,819,59237,1443
2020-04-21,Turkey,4674,123,90980,2140,29931,844,60763,1491
2020-04-22,Turkey,4611,119,95591,2259,30480,856,61482,1534
2020-04-23,Turkey,3083,117,98674,2376,29282,858,60448,1564
2020-04-24,Turkey,3116,115,101790,2491,27597,848,59508,1583
2020-04-25,Turkey,3122,109,104912,2600,26366,831,57883,1594
2020-04-26,Turkey,2861,106,107773,2706,25444,816,55606,1605
2020-04-27,Turkey,2357,99,110130,2805,23824,788,53174,1607
2020-04-28,Turkey,2131,95,112261,2900,21281,760,51212,1604
2020-04-29,Turkey,2392,92,114653,2992,19062,733,49542,1589
2020-04-30,Turkey,2936,89,117589,3081,18915,705,48197,1563
2020-05-01,Turkey,2615,93,120204,3174,18414,683,46011,1531
2020-05-02,Turkey,2188,84,122392,3258,17480,658,43846,1489
2020-05-03,Turkey,1983,78,124375,3336,16602,630,42046,1446
2020-05-04,Turkey,1670,61,126045,3397,15915,592,39739,1380
2020-05-05,Turkey,1614,64,127659,3461,15398,561,36679,1321
2020-05-06,Turkey,1832,59,129491,3520,14838,528,33900,1261
2020-05-07,Turkey,2253,64,131744,3584,14155,503,33070,1208
2020-05-08,Turkey,1977,57,133721,3641,13517,467,31931,1150
2020-05-09,Turkey,1848,48,135569,3689,13177,431,30657,1089
2020-05-10,Turkey,1546,50,137115,3739,12740,403,29342,1033
2020-05-11,Turkey,1542,47,138657,3786,12612,389,28527,981
2020-05-12,Turkey,1114,55,139771,3841,12112,380,27510,941
2020-05-13,Turkey,1704,53,141475,3894,11984,374,26822,902
2020-05-14,Turkey,1639,58,143114,3952,11370,368,25525,871
2020-05-15,Turkey,1635,55,144749,4007,11028,366,24545,833
2020-05-16,Turkey,1708,48,146457,4055,10888,366,24065,797
2020-05-17,Turkey,1610,41,148067,4096,10952,357,23692,760
2020-05-18,Turkey,1368,44,149435,4140,10778,354,23390,743
2020-05-19,Turkey,1158,31,150593,4171,10822,330,22934,710
2020-05-20,Turkey,1022,28,151615,4199,10140,305,22124,679
2020-05-21,Turkey,972,23,152587,4222,9473,270,20843,638
2020-05-22,Turkey,961,27,153548,4249,8799,242,19827,608
2020-05-23,Turkey,952,27,154500,4276,8043,221,18931,587
2020-05-24,Turkey,1186,32,155686,4308,7619,212,18571,569
2020-05-25,Turkey,1141,32,156827,4340,7392,200,18170,554
2020-05-26,Turkey,987,29,157814,4369,7221,198,18043,528
2020-05-27,Turkey,948,28,158762,4397,7147,198,17287,503
2020-05-28,Turkey,1035,34,159797,4431,7210,209,16683,479
2020-05-29,Turkey,1182,30,160979,4461,7431,212,16230,454
2020-05-30,Turkey,1141,28,162120,4489,7620,213,15663,434
2020-05-31,Turkey,983,26,163103,4515,7417,207,15036,419
2020-06-01,Turkey,839,25,163942,4540,7115,200,14507,400
2020-06-02,Turkey,827,23,164769,4563,6955,194,14176,392
2020-06-03,Turkey,786,22,165555,4585,6793,188,13940,386
2020-06-04,Turkey,867,24,166422,4609,6625,178,13835,387
2020-06-05,Turkey,988,21,167410,4630,6431,169,13862,381
2020-06-06,Turkey,930,18,168340,4648,6220,159,13840,372
2020-06-07,Turkey,878,21,169218,4669,6115,154,13532,361
2020-06-08,Turkey,914,23,170132,4692,6190,152,13305,352
2020-06-09,Turkey,989,19,171121,4711,6352,148,13307,342
2020-06-10,Turkey,993,18,172114,4729,6559,144,13352,332
2020-06-11,Turkey,922,17,173036,4746,6614,137,13239,315
2020-06-12,Turkey,987,17,174023,4763,6613,133,13044,302
2020-06-13,Turkey,1195,15,175218,4778,6878,130,13098,289
2020-06-14,Turkey,1459,14,176677,4792,7459,123,13574,277
2020-06-15,Turkey,1562,15,178239,4807,8107,115,14297,267
2020-06-16,Turkey,1592,18,179831,4825,8710,114,15062,262
2020-06-17,Turkey,1467,17,181298,4842,9184,113,15743,257
2020-06-18,Turkey,1429,19,182727,4861,9691,115,16305,252
2020-06-19,Turkey,1304,21,184031,4882,10008,119,16621,252
2020-06-20,Turkey,1214,23,185245,4905,10027,127,16905,257
2020-06-21,Turkey,1248,22,186493,4927,9816,135,17275,258
2020-06-22,Turkey,1192,23,187685,4950,9446,143,17553,258
2020-06-23,Turkey,1212,24,188897,4974,9066,149,17776,263
2020-06-24,Turkey,1268,27,190165,5001,8867,159,18051,272
2020-06-25,Turkey,1492,24,191657,5025,8930,164,18621,279
2020-06-26,Turkey,1458,21,193115,5046,9084,164,19092,283
2020-06-27,Turkey,1396,19,194511,5065,9266,160,19293,287
2020-06-28,Turkey,1372,17,195883,5082,9390,155,19206,290
2020-06-29,Turkey,1356,15,197239,5097,9554,147,19000,290
2020-06-30,Turkey,1374,18,198613,5115,9716,141,18782,290
2020-07-01,Turkey,1293,16,199906,5131,9741,130,18608,289
2020-07-02,Turkey,1192,19,201098,5150,9441,125,18371,289
2020-07-03,Turkey,1186,17,202284,5167,9169,121,18253,285
2020-07-04,Turkey,1172,19,203456,5186,8945,121,18211,281
2020-07-05,Turkey,1154,20,204610,5206,8727,124,18117,279
2020-07-06,Turkey,1148,19,205758,5225,8519,128,18073,275
2020-07-07,Turkey,1086,16,206844,5241,8231,126,17947,267
2020-07-08,Turkey,1053,19,207897,5260,7991,129,17732,259
2020-07-09,Turkey,1041,22,208938,5282,7840,132,17281,257
2020-07-10,Turkey,1024,18,209962,5300,7678,133,16847,254
2020-07-11,Turkey,1003,23,210965,5323,7509,137,16454,258
2020-07-12,Turkey,1016,21,211981,5344,7371,138,16098,262
2020-07-13,Turkey,1012,19,212993,5363,7235,138,15754,266
2020-07-14,Turkey,1008,19,214001,5382,7157,141,15388,267
2020-07-15,Turkey,992,20,214993,5402,7096,142,15087,271
2020-07-16,Turkey,947,17,215940,5419,7002,137,14842,269
2020-07-17,Turkey,933,21,216873,5440,6911,140,14589,273
2020-07-18,Turkey,926,18,217799,5458,6834,135,14343,272
2020-07-19,Turkey,918,17,218717,5475,6736,131,14107,269
2020-07-20,Turkey,924,16,219641,5491,6648,128,13883,266
2020-07-21,Turkey,931,17,220572,5508,6571,126,13728,267
2020-07-22,Turkey,928,18,221500,5526,6507,124,13603,266
2020-07-23,Turkey,902,19,222402,5545,6462,126,13464,263
2020-07-24,Turkey,913,18,223315,5563,6442,123,13353,263
2020-07-25,Turkey,937,17,224252,5580,6453,122,13287,257
2020-07-26,Turkey,921,16,225173,5596,6456,121,13192,252
2020-07-27,Turkey,927,17,226100,5613,6459,122,13107,250
2020-07-28,Turkey,919,17,227019,5630,6447,122,13018,248
2020-07-29,Turkey,963,15,227982,5645,6482,119,12989,243
2020-07-30,Turkey,942,14,228924,5659,6522,114,12984,240
2020-07-31,Turkey,967,15,229891,5674,6576,111,13018,234
2020-08-01,Turkey,982,17,230873,5691,6621,111,13074,233
2020-08-02,Turkey,996,19,231869,5710,6696,114,13152,235
2020-08-03,Turkey,987,18,232856,5728,6756,115,13215,237
2020-08-04,Turkey,995,19,233851,5747,6832,117,13279,239
2020-08-05,Turkey,1083,18,234934,5765,6952,120,13434,239
2020-08-06,Turkey,1178,19,236112,5784,7188,125,13710,239
2020-08-07,Turkey,1153,14,237265,5798,7374,124,13950,235
2020-08-08,Turkey,1185,15,238450,5813,7577,122,14198,233
2020-08-09,Turkey,1172,16,239622,5829,7753,119,14449,233
2020-08-10,Turkey,1182,15,240804,5844,7948,116,14704,231
2020-08-11,Turkey,1193,14,241997,5858,8146,111,14978,228
2020-08-12,Turkey,1183,15,243180,5873,8246,108,15198,228
2020-08-13,Turkey,1212,18,244392,5891,8280,107,15468,232
2020-08-14,Turkey,1243,21,245635,5912,8370,114,15744,238
2020-08-15,Turkey,1226,22,246861,5934,8411,121,15988,243
2020-08-16,Turkey,1256,21,248117,5955,8495,126,16248,245
2020-08-17,Turkey,1192,19,249309,5974,8505,130,16453,246
2020-08-18,Turkey,1233,22,250542,5996,8545,138,16691,249
2020-08-19,Turkey,1263,20,251805,6016,8625,143,16871,251
2020-08-20,Turkey,1303,23,253108,6039,8716,148,16996,255
2020-08-21,Turkey,1412,19,254520,6058,8885,146,17255,260
2020-08-22,Turkey,1203,22,255723,6080,8862,146,17273,267
2020-08-23,Turkey,1309,22,257032,6102,8915,147,17410,273
2020-08-24,Turkey,1217,19,258249,6121,8940,147,17445,277
2020-08-25,Turkey,1443,18,259692,6139,9150,143,17695,281
2020-08-26,Turkey,1502,24,261194,6163,9389,147,18014,290
2020-08-27,Turkey,1313,20,262507,6183,9399,144,18115,292
2020-08-28,Turkey,1491,26,263998,6209,9478,151,18363,297
2020-08-29,Turkey,1517,36,265515,6245,9792,165,18654,311
2020-08-30,Turkey,1549,39,267064,6284,10032,182,18947,329
2020-08-31,Turkey,1482,42,268546,6326,10297,205,19237,352
2020-04-01,Turks and Caicos Islands,0,0,5,0,4,0,0,0
2020-04-02,Turks and Caicos Islands,0,0,5,0,4,0,0,0
2020-04-03,Turks and Caicos Islands,0,0,5,0,3,0,0,0
2020-04-04,Turks and Caicos Islands,0,0,5,0,3,0,0,0
2020-04-05,Turks and Caicos Islands,0,0,5,0,0,0,0,0
2020-04-06,Turks and Caicos Islands,0,1,5,1,0,1,0,0
2020-04-07,Turks and Caicos Islands,3,0,8,1,3,1,8,1
2020-04-08,Turks and Caicos Islands,0,0,8,1,3,1,7,1
2020-04-09,Turks and Caicos Islands,0,0,8,1,3,1,7,1
2020-04-10,Turks and Caicos Islands,0,0,8,1,3,1,6,1
2020-04-11,Turks and Caicos Islands,1,0,9,1,4,1,7,1
2020-04-12,Turks and Caicos Islands,0,0,9,1,4,1,4,1
2020-04-13,Turks and Caicos Islands,0,0,9,1,4,0,4,1
2020-04-14,Turks and Caicos Islands,1,0,10,1,2,0,5,1
2020-04-15,Turks and Caicos Islands,0,0,10,1,2,0,5,1
2020-04-16,Turks and Caicos Islands,1,0,11,1,3,0,6,1
2020-04-17,Turks and Caicos Islands,0,0,11,1,3,0,6,1
2020-04-18,Turks and Caicos Islands,0,0,11,1,2,0,6,1
2020-04-19,Turks and Caicos Islands,0,0,11,1,2,0,6,1
2020-04-20,Turks and Caicos Islands,0,0,11,1,2,0,6,0
2020-04-21,Turks and Caicos Islands,0,0,11,1,1,0,3,0
2020-04-22,Turks and Caicos Islands,0,0,11,1,1,0,3,0
2020-04-23,Turks and Caicos Islands,0,0,11,1,0,0,3,0
2020-04-24,Turks and Caicos Islands,0,0,11,1,0,0,3,0
2020-04-25,Turks and Caicos Islands,0,0,11,1,0,0,2,0
2020-04-26,Turks and Caicos Islands,0,0,11,1,0,0,2,0
2020-04-27,Turks and Caicos Islands,0,0,11,1,0,0,2,0
2020-04-28,Turks and Caicos Islands,1,0,12,1,1,0,2,0
2020-04-29,Turks and Caicos Islands,0,0,12,1,1,0,2,0
2020-04-30,Turks and Caicos Islands,0,0,12,1,1,0,1,0
2020-05-01,Turks and Caicos Islands,0,0,12,1,1,0,1,0
2020-05-02,Turks and Caicos Islands,0,0,12,1,1,0,1,0
2020-05-03,Turks and Caicos Islands,0,0,12,1,1,0,1,0
2020-05-04,Turks and Caicos Islands,0,0,12,1,1,0,1,0
2020-05-05,Turks and Caicos Islands,0,0,12,1,0,0,1,0
2020-05-06,Turks and Caicos Islands,0,0,12,1,0,0,1,0
2020-05-07,Turks and Caicos Islands,0,0,12,1,0,0,1,0
2020-05-08,Turks and Caicos Islands,0,0,12,1,0,0,1,0
2020-05-09,Turks and Caicos Islands,0,0,12,1,0,0,1,0
2020-05-10,Turks and Caicos Islands,0,0,12,1,0,0,1,0
2020-05-11,Turks and Caicos Islands,0,0,12,1,0,0,1,0
2020-05-12,Turks and Caicos Islands,0,0,12,1,0,0,0,0
2020-05-13,Turks and Caicos Islands,0,0,12,1,0,0,0,0
2020-05-14,Turks and Caicos Islands,0,0,12,1,0,0,0,0
2020-05-15,Turks and Caicos Islands,0,0,12,1,0,0,0,0
2020-05-16,Turks and Caicos Islands,0,0,12,1,0,0,0,0
2020-05-17,Turks and Caicos Islands,0,0,12,1,0,0,0,0
2020-05-18,Turks and Caicos Islands,0,0,12,1,0,0,0,0
2020-05-19,Turks and Caicos Islands,0,0,12,1,0,0,0,0
2020-05-20,Turks and Caicos Islands,0,0,12,1,0,0,0,0
2020-05-21,Turks and Caicos Islands,0,0,12,1,0,0,0,0
2020-05-22,Turks and Caicos Islands,0,0,12,1,0,0,0,0
2020-05-23,Turks and Caicos Islands,0,0,12,1,0,0,0,0
2020-05-24,Turks and Caicos Islands,0,0,12,1,0,0,0,0
2020-05-25,Turks and Caicos Islands,0,0,12,1,0,0,0,0
2020-05-26,Turks and Caicos Islands,0,0,12,1,0,0,0,0
2020-05-27,Turks and Caicos Islands,0,0,12,1,0,0,0,0
2020-05-28,Turks and Caicos Islands,0,0,12,1,0,0,0,0
2020-05-29,Turks and Caicos Islands,0,0,12,1,0,0,0,0
2020-05-30,Turks and Caicos Islands,0,0,12,1,0,0,0,0
2020-05-31,Turks and Caicos Islands,0,0,12,1,0,0,0,0
2020-06-01,Turks and Caicos Islands,0,0,12,1,0,0,0,0
2020-06-02,Turks and Caicos Islands,0,0,12,1,0,0,0,0
2020-06-03,Turks and Caicos Islands,0,0,12,1,0,0,0,0
2020-06-04,Turks and Caicos Islands,0,0,12,1,0,0,0,0
2020-06-05,Turks and Caicos Islands,0,0,12,1,0,0,0,0
2020-06-06,Turks and Caicos Islands,0,0,12,1,0,0,0,0
2020-06-07,Turks and Caicos Islands,0,0,12,1,0,0,0,0
2020-06-08,Turks and Caicos Islands,0,0,12,1,0,0,0,0
2020-06-09,Turks and Caicos Islands,0,0,12,1,0,0,0,0
2020-06-10,Turks and Caicos Islands,0,0,12,1,0,0,0,0
2020-06-11,Turks and Caicos Islands,0,0,12,1,0,0,0,0
2020-06-12,Turks and Caicos Islands,0,0,12,1,0,0,0,0
2020-06-13,Turks and Caicos Islands,0,0,12,1,0,0,0,0
2020-06-14,Turks and Caicos Islands,0,0,12,1,0,0,0,0
2020-06-15,Turks and Caicos Islands,0,0,12,1,0,0,0,0
2020-06-16,Turks and Caicos Islands,0,0,12,1,0,0,0,0
2020-06-17,Turks and Caicos Islands,0,0,12,1,0,0,0,0
2020-06-18,Turks and Caicos Islands,0,0,12,1,0,0,0,0
2020-06-19,Turks and Caicos Islands,0,0,12,1,0,0,0,0
2020-06-20,Turks and Caicos Islands,0,0,12,1,0,0,0,0
2020-06-21,Turks and Caicos Islands,0,0,12,1,0,0,0,0
2020-06-22,Turks and Caicos Islands,2,0,14,1,2,0,2,0
2020-06-23,Turks and Caicos Islands,0,0,14,1,2,0,2,0
2020-06-24,Turks and Caicos Islands,0,0,14,1,2,0,2,0
2020-06-25,Turks and Caicos Islands,1,0,15,1,3,0,3,0
2020-06-26,Turks and Caicos Islands,0,0,15,1,3,0,3,0
2020-06-27,Turks and Caicos Islands,0,0,15,1,3,0,3,0
2020-06-28,Turks and Caicos Islands,1,0,16,1,4,0,4,0
2020-06-29,Turks and Caicos Islands,12,0,28,1,14,0,16,0
2020-06-30,Turks and Caicos Islands,13,0,41,1,27,0,29,0
2020-07-01,Turks and Caicos Islands,0,1,41,2,27,1,29,1
2020-07-02,Turks and Caicos Islands,1,0,42,2,27,1,30,1
2020-07-03,Turks and Caicos Islands,2,0,44,2,29,1,32,1
2020-07-04,Turks and Caicos Islands,0,0,44,2,29,1,32,1
2020-07-05,Turks and Caicos Islands,1,0,45,2,29,1,33,1
2020-07-06,Turks and Caicos Islands,2,0,47,2,19,1,33,1
2020-07-07,Turks and Caicos Islands,2,0,49,2,8,1,35,1
2020-07-08,Turks and Caicos Islands,0,0,49,2,8,0,35,1
2020-07-09,Turks and Caicos Islands,6,0,55,2,13,0,40,1
2020-07-10,Turks and Caicos Islands,0,0,55,2,11,0,40,1
2020-07-11,Turks and Caicos Islands,11,0,66,2,22,0,51,1
2020-07-12,Turks and Caicos Islands,0,0,66,2,21,0,50,1
2020-07-13,Turks and Caicos Islands,6,0,72,2,25,0,44,1
2020-07-14,Turks and Caicos Islands,0,0,72,2,23,0,31,1
2020-07-15,Turks and Caicos Islands,0,0,72,2,23,0,31,0
2020-07-16,Turks and Caicos Islands,0,0,72,2,17,0,30,0
2020-07-17,Turks and Caicos Islands,0,0,72,2,17,0,28,0
2020-07-18,Turks and Caicos Islands,2,0,74,2,8,0,30,0
2020-07-19,Turks and Caicos Islands,1,0,75,2,9,0,30,0
2020-07-20,Turks and Caicos Islands,6,0,81,2,9,0,34,0
2020-07-21,Turks and Caicos Islands,0,0,81,2,9,0,32,0
2020-07-22,Turks and Caicos Islands,1,0,82,2,10,0,33,0
2020-07-23,Turks and Caicos Islands,4,0,86,2,14,0,31,0
2020-07-24,Turks and Caicos Islands,4,0,90,2,18,0,35,0
2020-07-25,Turks and Caicos Islands,2,0,92,2,18,0,26,0
2020-07-26,Turks and Caicos Islands,5,0,97,2,22,0,31,0
2020-07-27,Turks and Caicos Islands,2,0,99,2,18,0,27,0
2020-07-28,Turks and Caicos Islands,0,0,99,2,18,0,27,0
2020-07-29,Turks and Caicos Islands,0,0,99,2,17,0,27,0
2020-07-30,Turks and Caicos Islands,0,0,99,2,13,0,27,0
2020-07-31,Turks and Caicos Islands,5,0,104,2,14,0,32,0
2020-08-01,Turks and Caicos Islands,3,0,107,2,15,0,33,0
2020-08-02,Turks and Caicos Islands,7,0,114,2,17,0,39,0
2020-08-03,Turks and Caicos Islands,2,0,116,2,17,0,35,0
2020-08-04,Turks and Caicos Islands,0,0,116,2,17,0,35,0
2020-08-05,Turks and Caicos Islands,0,0,116,2,17,0,34,0
2020-08-06,Turks and Caicos Islands,13,0,129,2,30,0,43,0
2020-08-07,Turks and Caicos Islands,12,0,141,2,37,0,51,0
2020-08-08,Turks and Caicos Islands,29,0,170,2,63,0,78,0
2020-08-09,Turks and Caicos Islands,27,0,197,2,83,0,100,0
2020-08-10,Turks and Caicos Islands,19,0,216,2,100,0,117,0
2020-08-11,Turks and Caicos Islands,0,0,216,2,100,0,117,0
2020-08-12,Turks and Caicos Islands,8,0,224,2,108,0,125,0
2020-08-13,Turks and Caicos Islands,17,0,241,2,112,0,142,0
2020-08-14,Turks and Caicos Islands,17,0,258,2,117,0,154,0
2020-08-15,Turks and Caicos Islands,16,0,274,2,104,0,167,0
2020-08-16,Turks and Caicos Islands,24,0,298,2,101,0,184,0
2020-08-17,Turks and Caicos Islands,0,0,298,2,82,0,182,0
2020-08-18,Turks and Caicos Islands,0,0,298,2,82,0,182,0
2020-08-19,Turks and Caicos Islands,17,0,315,2,91,0,199,0
2020-08-20,Turks and Caicos Islands,12,0,327,2,86,0,198,0
2020-08-21,Turks and Caicos Islands,7,0,334,2,76,0,193,0
2020-08-22,Turks and Caicos Islands,13,0,347,2,73,0,177,0
2020-08-23,Turks and Caicos Islands,36,0,383,2,85,0,186,0
2020-08-24,Turks and Caicos Islands,0,0,383,2,85,0,167,0
2020-08-25,Turks and Caicos Islands,0,0,383,2,85,0,167,0
2020-08-26,Turks and Caicos Islands,48,0,431,2,116,0,207,0
2020-08-27,Turks and Caicos Islands,33,1,464,3,137,1,223,1
2020-08-28,Turks and Caicos Islands,18,0,482,3,148,1,224,1
2020-08-29,Turks and Caicos Islands,8,0,490,3,143,1,216,1
2020-08-30,Turks and Caicos Islands,15,0,505,3,122,1,207,1
2020-08-31,Turks and Caicos Islands,2,0,507,3,124,1,209,1
2020-04-01,Uganda,11,0,44,0,35,0,0,0
2020-04-02,Uganda,0,0,44,0,30,0,0,0
2020-04-03,Uganda,1,0,45,0,31,0,0,0
2020-04-04,Uganda,3,0,48,0,34,0,48,0
2020-04-05,Uganda,0,0,48,0,18,0,47,0
2020-04-06,Uganda,4,0,52,0,19,0,51,0
2020-04-07,Uganda,0,0,52,0,19,0,43,0
2020-04-08,Uganda,0,0,52,0,8,0,43,0
2020-04-09,Uganda,1,0,53,0,9,0,39,0
2020-04-10,Uganda,0,0,53,0,8,0,39,0
2020-04-11,Uganda,0,0,53,0,5,0,39,0
2020-04-12,Uganda,0,0,53,0,5,0,23,0
2020-04-13,Uganda,1,0,54,0,2,0,21,0
2020-04-14,Uganda,0,0,54,0,2,0,21,0
2020-04-15,Uganda,1,0,55,0,3,0,11,0
2020-04-16,Uganda,0,0,55,0,2,0,11,0
2020-04-17,Uganda,0,0,55,0,2,0,10,0
2020-04-18,Uganda,0,0,55,0,2,0,7,0
2020-04-19,Uganda,0,0,55,0,2,0,7,0
2020-04-20,Uganda,0,0,55,0,1,0,3,0
2020-04-21,Uganda,1,0,56,0,2,0,4,0
2020-04-22,Uganda,2,0,58,0,3,0,6,0
2020-04-23,Uganda,3,0,61,0,6,0,8,0
2020-04-24,Uganda,13,0,74,0,19,0,21,0
2020-04-25,Uganda,1,0,75,0,20,0,22,0
2020-04-26,Uganda,0,0,75,0,20,0,22,0
2020-04-27,Uganda,4,0,79,0,24,0,25,0
2020-04-28,Uganda,0,0,79,0,23,0,25,0
2020-04-29,Uganda,0,0,79,0,21,0,24,0
2020-04-30,Uganda,2,0,81,0,20,0,26,0
2020-05-01,Uganda,2,0,83,0,9,0,28,0
2020-05-02,Uganda,2,0,85,0,10,0,30,0
2020-05-03,Uganda,3,0,88,0,13,0,33,0
2020-05-04,Uganda,1,0,89,0,10,0,34,0
2020-05-05,Uganda,8,0,97,0,18,0,41,0
2020-05-06,Uganda,1,0,98,0,19,0,40,0
2020-05-07,Uganda,0,0,98,0,17,0,37,0
2020-05-08,Uganda,3,0,101,0,18,0,27,0
2020-05-09,Uganda,0,0,101,0,16,0,26,0
2020-05-10,Uganda,15,0,116,0,28,0,41,0
2020-05-11,Uganda,5,0,121,0,32,0,42,0
2020-05-12,Uganda,1,0,122,0,25,0,43,0
2020-05-13,Uganda,4,0,126,0,28,0,47,0
2020-05-14,Uganda,13,0,139,0,41,0,58,0
2020-05-15,Uganda,21,0,160,0,59,0,77,0
2020-05-16,Uganda,43,0,203,0,102,0,118,0
2020-05-17,Uganda,24,0,227,0,111,0,139,0
2020-05-18,Uganda,0,0,227,0,106,0,138,0
2020-05-19,Uganda,33,0,260,0,138,0,163,0
2020-05-20,Uganda,0,0,260,0,134,0,162,0
2020-05-21,Uganda,-115,0,145,0,6,0,47,0
2020-05-22,Uganda,15,0,160,0,0,0,59,0
2020-05-23,Uganda,15,0,175,0,-28,0,74,0
2020-05-24,Uganda,23,0,198,0,-29,0,82,0
2020-05-25,Uganda,14,0,212,0,-15,0,91,0
2020-05-26,Uganda,10,0,222,0,-38,0,100,0
2020-05-27,Uganda,31,0,253,0,-7,0,127,0
2020-05-28,Uganda,28,0,281,0,136,0,142,0
2020-05-29,Uganda,36,0,317,0,157,0,157,0
2020-05-30,Uganda,12,0,329,0,154,0,126,0
2020-05-31,Uganda,84,0,413,0,215,0,186,0
2020-06-01,Uganda,45,0,458,0,246,0,231,0
2020-06-02,Uganda,-1,0,457,0,235,0,197,0
2020-06-03,Uganda,32,0,489,0,236,0,229,0
2020-06-04,Uganda,18,0,507,0,226,0,362,0
2020-06-05,Uganda,15,0,522,0,205,0,362,0
2020-06-06,Uganda,35,0,557,0,228,0,382,0
2020-06-07,Uganda,36,0,593,0,180,0,395,0
2020-06-08,Uganda,23,0,616,0,158,0,404,0
2020-06-09,Uganda,30,0,646,0,189,0,424,0
2020-06-10,Uganda,11,0,657,0,168,0,404,0
2020-06-11,Uganda,8,0,665,0,158,0,384,0
2020-06-12,Uganda,14,0,679,0,157,0,362,0
2020-06-13,Uganda,6,0,685,0,128,0,356,0
2020-06-14,Uganda,0,0,685,0,92,0,272,0
2020-06-15,Uganda,11,0,696,0,80,0,238,0
2020-06-16,Uganda,9,0,705,0,59,0,248,0
2020-06-17,Uganda,19,0,724,0,67,0,235,0
2020-06-18,Uganda,8,0,732,0,67,0,225,0
2020-06-19,Uganda,9,0,741,0,62,0,219,0
2020-06-20,Uganda,14,0,755,0,70,0,198,0
2020-06-21,Uganda,0,0,755,0,70,0,162,0
2020-06-22,Uganda,15,0,770,0,74,0,154,0
2020-06-23,Uganda,4,0,774,0,69,0,128,0
2020-06-24,Uganda,23,0,797,0,73,0,140,0
2020-06-25,Uganda,8,0,805,0,73,0,140,0
2020-06-26,Uganda,16,0,821,0,80,0,142,0
2020-06-27,Uganda,12,0,833,0,78,0,148,0
2020-06-28,Uganda,15,0,848,0,93,0,163,0
2020-06-29,Uganda,11,0,859,0,89,0,163,0
2020-06-30,Uganda,11,0,870,0,96,0,165,0
2020-07-01,Uganda,19,0,889,0,92,0,165,0
2020-07-02,Uganda,4,0,893,0,88,0,161,0
2020-07-03,Uganda,9,0,902,0,81,0,161,0
2020-07-04,Uganda,9,0,911,0,78,0,156,0
2020-07-05,Uganda,16,0,927,0,79,0,172,0
2020-07-06,Uganda,12,0,939,0,80,0,169,0
2020-07-07,Uganda,14,0,953,0,83,0,179,0
2020-07-08,Uganda,18,0,971,0,82,0,174,0
2020-07-09,Uganda,6,0,977,0,84,0,172,0
2020-07-10,Uganda,23,0,1000,0,98,0,179,0
2020-07-11,Uganda,6,0,1006,0,95,0,173,0
2020-07-12,Uganda,7,0,1013,0,86,0,165,0
2020-07-13,Uganda,12,0,1025,0,86,0,166,0
2020-07-14,Uganda,4,0,1029,0,76,0,159,0
2020-07-15,Uganda,11,0,1040,0,69,0,151,0
2020-07-16,Uganda,3,0,1043,0,66,0,150,0
2020-07-17,Uganda,8,0,1051,0,51,0,149,0
2020-07-18,Uganda,5,0,1056,0,50,0,145,0
2020-07-19,Uganda,6,0,1062,0,49,0,135,0
2020-07-20,Uganda,3,0,1065,0,40,0,126,0
2020-07-21,Uganda,4,0,1069,0,40,0,116,0
2020-07-22,Uganda,3,0,1072,0,32,0,101,0
2020-07-23,Uganda,3,0,1075,0,32,0,98,0
2020-07-24,Uganda,0,0,1075,0,24,0,75,0
2020-07-25,Uganda,14,1,1089,1,33,1,83,1
2020-07-26,Uganda,14,0,1103,1,41,1,90,1
2020-07-27,Uganda,12,1,1115,2,50,2,90,2
2020-07-28,Uganda,13,0,1128,2,59,2,99,2
2020-07-29,Uganda,7,0,1135,2,63,2,95,2
2020-07-30,Uganda,5,0,1140,2,65,2,97,2
2020-07-31,Uganda,7,0,1147,2,72,2,96,2
2020-08-01,Uganda,7,1,1154,3,65,2,98,3
2020-08-02,Uganda,22,1,1176,4,73,3,114,4
2020-08-03,Uganda,6,0,1182,4,67,2,117,4
2020-08-04,Uganda,13,1,1195,5,67,3,126,5
2020-08-05,Uganda,8,0,1203,5,68,3,131,5
2020-08-06,Uganda,10,0,1213,5,73,3,138,5
2020-08-07,Uganda,10,0,1223,5,76,3,148,5
2020-08-08,Uganda,31,1,1254,6,100,3,165,5
2020-08-09,Uganda,13,0,1267,6,91,2,164,5
2020-08-10,Uganda,16,1,1283,7,101,3,168,5
2020-08-11,Uganda,14,2,1297,9,102,4,169,7
2020-08-12,Uganda,16,0,1313,9,110,4,178,7
2020-08-13,Uganda,19,0,1332,9,119,4,192,7
2020-08-14,Uganda,21,2,1353,11,130,6,206,9
2020-08-15,Uganda,32,1,1385,12,131,6,231,9
2020-08-16,Uganda,49,1,1434,13,167,7,258,9
2020-08-17,Uganda,66,0,1500,13,217,6,318,9
2020-08-18,Uganda,60,2,1560,15,263,6,365,10
2020-08-19,Uganda,43,0,1603,15,290,6,400,10
2020-08-20,Uganda,0,0,1603,15,271,6,390,10
2020-08-21,Uganda,147,4,1750,19,397,8,527,14
2020-08-22,Uganda,98,0,1848,19,463,7,594,13
2020-08-23,Uganda,0,0,1848,19,414,6,581,13
2020-08-24,Uganda,415,0,2263,19,763,6,980,12
2020-08-25,Uganda,99,3,2362,22,802,7,1065,13
2020-08-26,Uganda,64,3,2426,25,823,10,1113,16
2020-08-27,Uganda,98,1,2524,26,921,11,1192,17
2020-08-28,Uganda,155,2,2679,28,929,9,1326,17
2020-08-29,Uganda,77,0,2756,28,908,9,1371,16
2020-08-30,Uganda,91,1,2847,29,999,10,1413,16
2020-08-31,Uganda,81,1,2928,30,665,11,1428,17
2020-04-01,Ukraine,69,2,549,13,465,10,535,13
2020-04-02,Ukraine,245,7,794,20,681,16,775,18
2020-04-03,Ukraine,103,2,897,22,741,17,871,20
2020-04-04,Ukraine,175,5,1072,27,854,22,1046,24
2020-04-05,Ukraine,153,5,1225,32,914,24,1184,29
2020-04-06,Ukraine,83,5,1308,37,890,28,1261,34
2020-04-07,Ukraine,11,1,1319,38,839,27,1246,35
2020-04-08,Ukraine,143,7,1462,45,913,32,1378,42
2020-04-09,Ukraine,206,7,1668,52,874,32,1555,48
2020-04-10,Ukraine,224,5,1892,57,995,35,1736,52
2020-04-11,Ukraine,311,12,2203,69,1131,42,1985,64
2020-04-12,Ukraine,308,4,2511,73,1286,41,2200,65
2020-04-13,Ukraine,266,10,2777,83,1469,46,2359,74
2020-04-14,Ukraine,325,10,3102,93,1783,55,2622,82
2020-04-15,Ukraine,270,5,3372,98,1910,53,2823,85
2020-04-16,Ukraine,392,10,3764,108,2096,56,2970,88
2020-04-17,Ukraine,397,8,4161,116,2269,59,3264,94
2020-04-18,Ukraine,301,9,4462,125,2259,56,3390,98
2020-04-19,Ukraine,644,8,5106,133,2595,60,3881,101
2020-04-20,Ukraine,343,8,5449,141,2672,58,4141,104
2020-04-21,Ukraine,261,10,5710,151,2608,58,4391,113
2020-04-22,Ukraine,415,10,6125,161,2753,63,4663,116
2020-04-23,Ukraine,467,13,6592,174,2828,66,4924,122
2020-04-24,Ukraine,578,13,7170,187,3009,71,5278,130
2020-04-25,Ukraine,477,6,7647,193,3185,68,5444,124
2020-04-26,Ukraine,478,8,8125,201,3019,68,5614,128
2020-04-27,Ukraine,492,8,8617,209,3168,68,5840,126
2020-04-28,Ukraine,392,11,9009,220,3299,69,5907,127
2020-04-29,Ukraine,401,19,9410,239,3285,78,6038,141
2020-04-30,Ukraine,456,11,9866,250,3274,76,6102,142
2020-05-01,Ukraine,540,11,10406,261,3236,74,6245,145
2020-05-02,Ukraine,455,11,10861,272,3214,79,6399,147
2020-05-03,Ukraine,550,7,11411,279,3286,78,6305,146
2020-05-04,Ukraine,502,9,11913,288,3296,79,6464,147
2020-05-05,Ukraine,418,15,12331,303,3322,83,6621,152
2020-05-06,Ukraine,366,13,12697,316,3287,77,6572,155
2020-05-07,Ukraine,487,11,13184,327,3318,77,6592,153
2020-05-08,Ukraine,507,13,13691,340,3285,79,6521,153
2020-05-09,Ukraine,504,21,14195,361,3334,89,6548,168
2020-05-10,Ukraine,515,15,14710,376,3299,97,6585,175
2020-05-11,Ukraine,522,15,15232,391,3319,103,6615,182
2020-05-12,Ukraine,416,17,15648,408,3317,105,6639,188
2020-05-13,Ukraine,375,17,16023,425,3326,109,6613,186
2020-05-14,Ukraine,402,14,16425,439,3241,112,6559,189
2020-05-15,Ukraine,422,17,16847,456,3156,116,6441,195
2020-05-16,Ukraine,483,20,17330,476,3135,115,6469,204
2020-05-17,Ukraine,528,21,17858,497,3148,121,6447,218
2020-05-18,Ukraine,433,17,18291,514,3059,123,6378,226
2020-05-19,Ukraine,325,21,18616,535,2968,127,6285,232
2020-05-20,Ukraine,260,13,18876,548,2853,123,6179,232
2020-05-21,Ukraine,354,16,19230,564,2805,125,6046,237
2020-05-22,Ukraine,476,15,19706,579,2859,123,6015,239
2020-05-23,Ukraine,442,9,20148,588,2818,112,5953,227
2020-05-24,Ukraine,432,17,20580,605,2722,108,5870,229
2020-05-25,Ukraine,406,12,20986,617,2695,103,5754,226
2020-05-26,Ukraine,259,6,21245,623,2629,88,5597,215
2020-05-27,Ukraine,339,21,21584,644,2708,96,5561,219
2020-05-28,Ukraine,321,14,21905,658,2675,94,5480,219
2020-05-29,Ukraine,477,11,22382,669,2676,90,5535,213
2020-05-30,Ukraine,429,10,22811,679,2663,91,5481,203
2020-05-31,Ukraine,393,17,23204,696,2624,91,5346,199
2020-06-01,Ukraine,468,12,23672,708,2686,91,5381,194
2020-06-02,Ukraine,340,10,24012,718,2767,95,5396,183
2020-06-03,Ukraine,328,9,24340,727,2756,83,5464,179
2020-06-04,Ukraine,483,8,24823,735,2918,77,5593,171
2020-06-05,Ukraine,588,12,25411,747,3029,78,5705,168
2020-06-06,Ukraine,553,15,25964,762,3153,83,5816,174
2020-06-07,Ukraine,550,15,26514,777,3310,81,5934,172
2020-06-08,Ukraine,485,11,26999,788,3327,80,6013,171
2020-06-09,Ukraine,463,9,27462,797,3450,79,6217,174
2020-06-10,Ukraine,394,13,27856,810,3516,83,6272,166
2020-06-11,Ukraine,525,23,28381,833,3558,98,6476,175
2020-06-12,Ukraine,689,21,29070,854,3659,107,6688,185
2020-06-13,Ukraine,683,16,29753,870,3789,108,6942,191
2020-06-14,Ukraine,753,10,30506,880,3992,103,7302,184
2020-06-15,Ukraine,648,9,31154,889,4155,101,7482,181
2020-06-16,Ukraine,656,12,31810,901,4348,104,7798,183
2020-06-17,Ukraine,666,11,32476,912,4620,102,8136,185
2020-06-18,Ukraine,758,31,33234,943,4853,110,8411,208
2020-06-19,Ukraine,829,23,34063,966,4993,112,8652,219
2020-06-20,Ukraine,921,19,34984,985,5231,115,9020,223
2020-06-21,Ukraine,841,9,35825,994,5319,114,9311,217
2020-06-22,Ukraine,735,8,36560,1002,5406,113,9561,214
2020-06-23,Ukraine,681,10,37241,1012,5431,111,9779,215
2020-06-24,Ukraine,833,23,38074,1035,5598,123,10218,225
2020-06-25,Ukraine,940,16,39014,1051,5780,108,10633,218
2020-06-26,Ukraine,994,16,40008,1067,5945,101,10938,213
2020-06-27,Ukraine,1109,19,41117,1086,6133,101,11364,216
2020-06-28,Ukraine,948,24,42065,1110,6240,116,11559,230
2020-06-29,Ukraine,917,19,42982,1129,6422,127,11828,240
2020-06-30,Ukraine,646,18,43628,1147,6387,135,11818,246
2020-07-01,Ukraine,706,12,44334,1159,6260,124,11858,247
2020-07-02,Ukraine,664,14,44998,1173,5984,122,11764,230
2020-07-03,Ukraine,889,12,45887,1185,5879,118,11824,219
2020-07-04,Ukraine,876,27,46763,1212,5646,126,11779,227
2020-07-05,Ukraine,914,15,47677,1227,5612,117,11852,233
2020-07-06,Ukraine,823,22,48500,1249,5518,120,11940,247
2020-07-07,Ukraine,543,13,49043,1262,5415,115,11802,250
2020-07-08,Ukraine,564,21,49607,1283,5273,124,11533,248
2020-07-09,Ukraine,807,23,50414,1306,5416,133,11400,255
2020-07-10,Ukraine,810,21,51224,1327,5337,142,11216,260
2020-07-11,Ukraine,819,18,52043,1345,5280,133,10926,259
2020-07-12,Ukraine,800,27,52843,1372,5166,145,10778,262
2020-07-13,Ukraine,678,11,53521,1383,5021,134,10539,254
2020-07-14,Ukraine,612,15,54133,1398,5090,136,10505,251
2020-07-15,Ukraine,638,14,54771,1412,5164,129,10437,253
2020-07-16,Ukraine,836,15,55607,1427,5193,121,10609,254
2020-07-17,Ukraine,848,18,56455,1445,5231,118,10568,260
2020-07-18,Ukraine,809,11,57264,1456,5221,111,10501,244
2020-07-19,Ukraine,847,21,58111,1477,5268,105,10434,250
2020-07-20,Ukraine,731,8,58842,1485,5321,102,10342,236
2020-07-21,Ukraine,651,13,59493,1498,5360,100,10450,236
2020-07-22,Ukraine,673,20,60166,1518,5395,106,10559,235
2020-07-23,Ukraine,829,16,60995,1534,5388,107,10581,228
2020-07-24,Ukraine,856,17,61851,1551,5396,106,10627,224
2020-07-25,Ukraine,972,20,62823,1571,5559,115,10780,226
2020-07-26,Ukraine,1106,19,63929,1590,5818,113,11086,218
2020-07-27,Ukraine,920,15,64849,1605,6007,120,11328,222
2020-07-28,Ukraine,807,11,65656,1616,6163,118,11523,218
2020-07-29,Ukraine,919,13,66575,1629,6409,111,11804,217
2020-07-30,Ukraine,1022,21,67597,1650,6602,116,11990,223
2020-07-31,Ukraine,1197,23,68794,1673,6943,122,12339,228
2020-08-01,Ukraine,1090,20,69884,1693,7061,122,12620,237
2020-08-02,Ukraine,1172,16,71056,1709,7127,119,12945,232
2020-08-03,Ukraine,1112,16,72168,1725,7319,120,13326,240
2020-08-04,Ukraine,990,13,73158,1738,7502,122,13665,240
2020-08-05,Ukraine,1061,26,74219,1764,7644,135,14053,246
2020-08-06,Ukraine,1271,24,75490,1788,7893,138,14495,254
2020-08-07,Ukraine,1318,31,76808,1819,8014,146,14957,268
2020-08-08,Ukraine,1453,33,78261,1852,8377,159,15438,281
2020-08-09,Ukraine,1489,27,79750,1879,8694,170,15821,289
2020-08-10,Ukraine,2207,43,81957,1922,9789,197,17108,317
2020-08-11,Ukraine,1158,29,83115,1951,9957,213,17459,335
2020-08-12,Ukraine,1433,19,84548,1970,10329,206,17973,341
2020-08-13,Ukraine,1592,22,86140,1992,10650,204,18543,342
2020-08-14,Ukraine,1732,19,87872,2011,11064,192,19078,338
2020-08-15,Ukraine,0,0,87872,2011,9611,159,17988,318
2020-08-16,Ukraine,1847,33,89719,2044,9969,165,18663,335
2020-08-17,Ukraine,3101,45,92820,2089,10863,167,20652,364
2020-08-18,Ukraine,1616,27,94436,2116,11321,165,21278,378
2020-08-19,Ukraine,0,0,94436,2116,9888,146,20217,352
2020-08-20,Ukraine,1967,28,96403,2144,10263,152,20913,356
2020-08-21,Ukraine,2134,40,98537,2184,10665,173,21729,365
2020-08-22,Ukraine,2106,23,100643,2207,12771,196,22382,355
2020-08-23,Ukraine,2328,37,102971,2244,13252,200,23221,365
2020-08-24,Ukraine,1987,27,104958,2271,12138,182,23001,349
2020-08-25,Ukraine,1796,22,106754,2293,12318,177,23639,342
2020-08-26,Ukraine,3331,25,110085,2318,15649,202,25537,348
2020-08-27,Ukraine,1974,85,112059,2403,15656,259,25919,411
2020-08-28,Ukraine,0,0,112059,2403,13522,219,24187,392
2020-08-29,Ukraine,2438,35,114497,2438,13854,231,26625,427
2020-08-30,Ukraine,2481,54,116978,2492,14007,248,27259,448
2020-08-31,Ukraine,2096,35,119074,2527,14116,256,26254,438
2020-04-01,United Arab Emirates,53,1,664,6,416,4,551,6
2020-04-02,United Arab Emirates,150,2,814,8,481,6,701,8
2020-04-03,United Arab Emirates,210,0,1024,8,691,6,884,8
2020-04-04,United Arab Emirates,240,1,1264,9,859,7,1124,9
2020-04-05,United Arab Emirates,241,1,1505,10,1037,8,1352,8
2020-04-06,United Arab Emirates,278,0,1783,10,1213,7,1630,8
2020-04-07,United Arab Emirates,262,1,2045,11,1434,6,1847,9
2020-04-08,United Arab Emirates,268,1,2313,12,1649,6,2065,10
2020-04-09,United Arab Emirates,284,0,2597,12,1783,4,2264,10
2020-04-10,United Arab Emirates,313,2,2910,14,1886,6,2577,12
2020-04-11,United Arab Emirates,350,2,3260,16,1996,7,2855,14
2020-04-12,United Arab Emirates,356,4,3616,20,2111,10,3148,18
2020-04-13,United Arab Emirates,366,2,3982,22,2199,12,3412,19
2020-04-14,United Arab Emirates,377,3,4359,25,2314,14,3748,20
2020-04-15,United Arab Emirates,390,3,4749,28,2436,16,4085,22
2020-04-16,United Arab Emirates,409,5,5158,33,2561,21,4344,25
2020-04-17,United Arab Emirates,435,2,5593,35,2683,21,4569,27
2020-04-18,United Arab Emirates,452,2,6045,37,2785,21,4781,28
2020-04-19,United Arab Emirates,445,0,6490,37,2874,17,4985,27
2020-04-20,United Arab Emirates,453,4,6943,41,2961,19,5160,31
2020-04-21,United Arab Emirates,458,2,7401,43,3042,18,5356,32
2020-04-22,United Arab Emirates,464,3,7865,46,3116,18,5552,34
2020-04-23,United Arab Emirates,457,6,8322,52,3164,19,5725,40
2020-04-24,United Arab Emirates,490,4,8812,56,3219,21,5902,42
2020-04-25,United Arab Emirates,497,8,9309,64,3264,27,6049,48
2020-04-26,United Arab Emirates,504,7,9813,71,3323,34,6197,51
2020-04-27,United Arab Emirates,536,5,10349,76,3406,35,6367,54
2020-04-28,United Arab Emirates,490,6,10839,82,3438,39,6480,57
2020-04-29,United Arab Emirates,541,7,11380,89,3515,43,6631,61
2020-04-30,United Arab Emirates,549,9,11929,98,3607,46,6771,65
2020-05-01,United Arab Emirates,552,7,12481,105,3669,49,6888,70
2020-05-02,United Arab Emirates,557,6,13038,111,3729,47,6993,74
2020-05-03,United Arab Emirates,561,8,13599,119,3786,48,7109,82
2020-05-04,United Arab Emirates,564,7,14163,126,3814,50,7220,85
2020-05-05,United Arab Emirates,567,11,14730,137,3891,55,7329,94
2020-05-06,United Arab Emirates,462,9,15192,146,3812,57,7327,100
2020-05-07,United Arab Emirates,546,11,15738,157,3809,59,7416,105
2020-05-08,United Arab Emirates,502,8,16240,165,3759,60,7428,109
2020-05-09,United Arab Emirates,553,9,16793,174,3755,63,7484,110
2020-05-10,United Arab Emirates,624,11,17417,185,3818,66,7604,114
2020-05-11,United Arab Emirates,781,13,18198,198,4035,72,7849,122
2020-05-12,United Arab Emirates,680,3,18878,201,4148,64,8039,119
2020-05-13,United Arab Emirates,783,2,19661,203,4469,57,8281,114
2020-05-14,United Arab Emirates,725,3,20386,206,4648,49,8457,108
2020-05-15,United Arab Emirates,698,2,21084,208,4844,43,8603,103
2020-05-16,United Arab Emirates,747,2,21831,210,5038,36,8793,99
2020-05-17,United Arab Emirates,796,4,22627,214,5210,29,9028,95
2020-05-18,United Arab Emirates,731,6,23358,220,5160,22,9195,94
2020-05-19,United Arab Emirates,832,4,24190,224,5312,23,9460,87
2020-05-20,United Arab Emirates,873,3,25063,227,5402,24,9871,81
2020-05-21,United Arab Emirates,941,6,26004,233,5618,27,10266,76
2020-05-22,United Arab Emirates,894,4,26898,237,5814,29,10658,72
2020-05-23,United Arab Emirates,994,4,27892,241,6061,31,11099,67
2020-05-24,United Arab Emirates,812,3,28704,244,6077,30,11287,59
2020-05-25,United Arab Emirates,781,1,29485,245,6127,25,11287,47
2020-05-26,United Arab Emirates,822,3,30307,248,6117,24,11429,47
2020-05-27,United Arab Emirates,779,5,31086,253,6023,26,11425,50
2020-05-28,United Arab Emirates,883,2,31969,255,5965,22,11583,49
2020-05-29,United Arab Emirates,563,3,32532,258,5634,21,11448,50
2020-05-30,United Arab Emirates,638,2,33170,260,5278,19,11339,50
2020-05-31,United Arab Emirates,726,2,33896,262,5192,18,11269,48
2020-06-01,United Arab Emirates,661,2,34557,264,5072,19,11199,44
2020-06-02,United Arab Emirates,635,2,35192,266,4885,18,11002,42
2020-06-03,United Arab Emirates,596,3,35788,269,4702,16,10725,42
2020-06-04,United Arab Emirates,571,1,36359,270,4390,15,10355,37
2020-06-05,United Arab Emirates,659,3,37018,273,4486,15,10120,36
2020-06-06,United Arab Emirates,624,1,37642,274,4472,14,9750,33
2020-06-07,United Arab Emirates,626,1,38268,275,4372,13,9564,31
2020-06-08,United Arab Emirates,540,1,38808,276,4251,12,9323,31
2020-06-09,United Arab Emirates,568,5,39376,281,4184,15,9069,33
2020-06-10,United Arab Emirates,528,2,39904,283,4116,14,8818,30
2020-06-11,United Arab Emirates,603,1,40507,284,4148,14,8538,29
2020-06-12,United Arab Emirates,479,2,40986,286,3968,13,8454,28
2020-06-13,United Arab Emirates,513,1,41499,287,3857,13,8329,27
2020-06-14,United Arab Emirates,491,1,41990,288,3722,13,8094,26
2020-06-15,United Arab Emirates,304,1,42294,289,3486,13,7737,25
2020-06-16,United Arab Emirates,342,2,42636,291,3260,10,7444,25
2020-06-17,United Arab Emirates,346,2,42982,293,3078,10,7194,24
2020-06-18,United Arab Emirates,382,2,43364,295,2857,11,7005,25
2020-06-19,United Arab Emirates,388,3,43752,298,2766,12,6734,25
2020-06-20,United Arab Emirates,393,2,44145,300,2646,13,6503,26
2020-06-21,United Arab Emirates,388,1,44533,301,2543,13,6265,26
2020-06-22,United Arab Emirates,392,1,44925,302,2631,13,6117,26
2020-06-23,United Arab Emirates,378,1,45303,303,2667,12,5927,22
2020-06-24,United Arab Emirates,380,2,45683,305,2701,12,5779,22
2020-06-25,United Arab Emirates,450,2,46133,307,2769,12,5626,23
2020-06-26,United Arab Emirates,430,1,46563,308,2811,10,5577,22
2020-06-27,United Arab Emirates,410,2,46973,310,2828,10,5474,23
2020-06-28,United Arab Emirates,387,1,47360,311,2827,10,5370,23
2020-06-29,United Arab Emirates,437,2,47797,313,2872,11,5503,24
2020-06-30,United Arab Emirates,449,1,48246,314,2943,11,5610,23
2020-07-01,United Arab Emirates,421,1,48667,315,2984,10,5685,22
2020-07-02,United Arab Emirates,402,1,49069,316,2936,9,5705,21
2020-07-03,United Arab Emirates,400,1,49469,317,2906,9,5717,19
2020-07-04,United Arab Emirates,672,1,50141,318,3168,8,5996,18
2020-07-05,United Arab Emirates,716,3,50857,321,3497,10,6324,20
2020-07-06,United Arab Emirates,683,2,51540,323,3743,10,6615,21
2020-07-07,United Arab Emirates,528,1,52068,324,3822,10,6765,21
2020-07-08,United Arab Emirates,532,2,52600,326,3933,11,6917,21
2020-07-09,United Arab Emirates,445,1,53045,327,3976,11,6912,20
2020-07-10,United Arab Emirates,532,1,53577,328,4108,11,7014,20
2020-07-11,United Arab Emirates,473,2,54050,330,3909,12,7077,20
2020-07-12,United Arab Emirates,403,1,54453,331,3596,10,7093,20
2020-07-13,United Arab Emirates,401,2,54854,333,3314,10,7057,20
2020-07-14,United Arab Emirates,344,1,55198,334,3130,10,6952,20
2020-07-15,United Arab Emirates,375,1,55573,335,2973,9,6906,20
2020-07-16,United Arab Emirates,275,0,55848,335,2803,8,6779,19
2020-07-17,United Arab Emirates,281,0,56129,335,2552,7,6660,18
2020-07-18,United Arab Emirates,293,2,56422,337,2372,7,6281,19
2020-07-19,United Arab Emirates,289,1,56711,338,2258,7,5854,17
2020-07-20,United Arab Emirates,211,1,56922,339,2068,6,5382,16
2020-07-21,United Arab Emirates,271,1,57193,340,1995,6,5125,16
2020-07-22,United Arab Emirates,305,1,57498,341,1925,6,4898,15
2020-07-23,United Arab Emirates,236,1,57734,342,1886,7,4689,15
2020-07-24,United Arab Emirates,254,0,57988,342,1859,7,4411,14
2020-07-25,United Arab Emirates,261,1,58249,343,1827,6,4199,13
2020-07-26,United Arab Emirates,313,0,58562,343,1851,5,4109,12
2020-07-27,United Arab Emirates,351,1,58913,344,1991,5,4059,11
2020-07-28,United Arab Emirates,264,1,59177,345,1984,5,3979,11
2020-07-29,United Arab Emirates,369,2,59546,347,2048,6,3973,12
2020-07-30,United Arab Emirates,375,0,59921,347,2187,5,4073,12
2020-07-31,United Arab Emirates,585,4,60506,351,2518,9,4377,16
2020-08-01,United Arab Emirates,0,0,60506,351,2257,8,4084,14
2020-08-02,United Arab Emirates,254,0,60760,351,2198,8,4049,13
2020-08-03,United Arab Emirates,239,0,60999,351,2086,7,4077,12
2020-08-04,United Arab Emirates,164,0,61163,351,1986,6,3970,11
2020-08-05,United Arab Emirates,189,0,61352,351,1806,4,3854,10
2020-08-06,United Arab Emirates,254,2,61606,353,1685,6,3872,11
2020-08-07,United Arab Emirates,239,1,61845,354,1339,3,3857,12
2020-08-08,United Arab Emirates,216,2,62061,356,1555,5,3812,13
2020-08-09,United Arab Emirates,239,0,62300,356,1540,5,3738,13
2020-08-10,United Arab Emirates,225,1,62525,357,1526,6,3612,13
2020-08-11,United Arab Emirates,179,0,62704,357,1541,6,3527,12
2020-08-12,United Arab Emirates,262,0,62966,357,1614,6,3420,10
2020-08-13,United Arab Emirates,246,0,63212,357,1606,4,3291,10
2020-08-14,United Arab Emirates,277,1,63489,358,1644,4,2983,7
2020-08-15,United Arab Emirates,330,1,63819,359,1758,3,3313,8
2020-08-16,United Arab Emirates,283,2,64102,361,1802,5,3342,10
2020-08-17,United Arab Emirates,210,3,64312,364,1787,7,3313,13
2020-08-18,United Arab Emirates,229,0,64541,364,1837,7,3378,13
2020-08-19,United Arab Emirates,365,2,64906,366,1940,9,3554,15
2020-08-20,United Arab Emirates,435,1,65341,367,2129,10,3735,14
2020-08-21,United Arab Emirates,461,2,65802,369,2313,11,3957,15
2020-08-22,United Arab Emirates,391,1,66193,370,2374,11,4132,14
2020-08-23,United Arab Emirates,424,2,66617,372,2515,11,4317,16
2020-08-24,United Arab Emirates,390,3,67007,375,2695,11,4482,18
2020-08-25,United Arab Emirates,275,1,67282,376,2741,12,4578,19
2020-08-26,United Arab Emirates,339,1,67621,377,2715,11,4655,20
2020-08-27,United Arab Emirates,399,1,68020,378,2679,11,4808,21
2020-08-28,United Arab Emirates,491,0,68511,378,2709,9,5022,20
2020-08-29,United Arab Emirates,390,1,68901,379,2708,9,5082,20
2020-08-30,United Arab Emirates,427,0,69328,379,2711,7,5226,18
2020-08-31,United Arab Emirates,362,3,69690,382,2683,7,5378,18
2020-04-01,United Kingdom,4273,403,33954,2453,21304,1941,30296,2371
2020-04-02,United Kingdom,4514,672,38468,3125,23443,2422,34041,3009
2020-04-03,United Kingdom,4913,657,43381,3782,25664,2898,37955,3620
2020-04-04,United Kingdom,4868,736,48249,4518,27445,3346,41768,4324
2020-04-05,United Kingdom,4911,756,53160,5274,29159,3810,45424,5022
2020-04-06,United Kingdom,4020,599,57180,5873,30357,4197,48246,5585
2020-04-07,United Kingdom,3592,567,60772,6440,31091,4390,50460,6076
2020-04-08,United Kingdom,5282,1105,66054,7545,32100,5092,53404,7033
2020-04-09,United Kingdom,5450,1030,71504,8575,33036,5450,56479,7872
2020-04-10,United Kingdom,5131,1116,76635,9691,33254,5909,58918,8807
2020-04-11,United Kingdom,4858,1122,81493,10813,33244,6295,60689,9641
2020-04-12,United Kingdom,4313,843,85806,11656,32646,6382,61805,10192
2020-04-13,United Kingdom,3579,657,89385,12313,32205,6440,62562,10637
2020-04-14,United Kingdom,3489,724,92874,13037,32102,6597,63193,10987
2020-04-15,United Kingdom,4178,1076,97052,14113,30998,6568,63098,11660
2020-04-16,United Kingdom,4326,880,101378,14993,29874,6418,62910,11868
2020-04-17,United Kingdom,5065,1036,106443,16029,29808,6338,63062,12247
2020-04-18,United Kingdom,5292,913,111735,16942,30242,6129,63486,12424
2020-04-19,United Kingdom,4956,1105,116691,18047,30885,6391,63531,12773
2020-04-20,United Kingdom,4721,432,121412,18479,32027,6166,64232,12606
2020-04-21,United Kingdom,3853,570,125265,19049,32391,6012,64493,12609
2020-04-22,United Kingdom,4854,1224,130119,20273,33067,6160,64065,12728
2020-04-23,United Kingdom,4760,847,134879,21120,33501,6127,63375,12545
2020-04-24,United Kingdom,5487,682,140366,21802,33923,5773,63731,12111
2020-04-25,United Kingdom,5158,1010,145524,22812,33789,5870,64031,11999
2020-04-26,United Kingdom,4970,815,150494,23627,33803,5580,64688,11971
2020-04-27,United Kingdom,3748,364,154242,23991,32830,5512,64857,11678
2020-04-28,United Kingdom,3473,320,157715,24311,32450,5262,64841,11274
2020-04-29,United Kingdom,4706,969,162421,25280,32302,5007,65369,11167
2020-04-30,United Kingdom,4729,769,167150,26049,32271,4929,65772,11056
2020-05-01,United Kingdom,5442,634,172592,26683,32226,4881,66149,10654
2020-05-02,United Kingdom,4966,698,177558,27381,32034,4569,65823,10439
2020-05-03,United Kingdom,4737,584,182295,27965,31801,4338,65604,9918
2020-05-04,United Kingdom,3229,253,185524,28218,31282,4227,64112,9739
2020-05-05,United Kingdom,2982,272,188506,28490,30791,4179,63241,9441
2020-05-06,United Kingdom,3389,726,191895,29216,29474,3936,61776,8943
2020-05-07,United Kingdom,3682,647,195577,29863,28427,3814,60698,8743
2020-05-08,United Kingdom,3827,458,199404,30321,26812,3638,59038,8519
2020-05-09,United Kingdom,3767,579,203171,30900,25613,3519,57647,8088
2020-05-10,United Kingdom,3063,275,206234,31175,23939,3210,55740,7548
2020-05-11,United Kingdom,2157,217,208391,31392,22867,3174,54149,7401
2020-05-12,United Kingdom,2329,187,210720,31579,22214,3089,53005,7268
2020-05-13,United Kingdom,3586,614,214306,32193,22411,2977,51885,6913
2020-05-14,United Kingdom,3402,447,217708,32640,22131,2777,50558,6591
2020-05-15,United Kingdom,3307,352,221015,32992,21611,2671,48423,6309
2020-05-16,United Kingdom,2628,350,223643,33342,20472,2442,46085,5961
2020-05-17,United Kingdom,2526,411,226169,33753,19935,2578,43874,5788
2020-05-18,United Kingdom,2079,67,228248,33820,19857,2428,42724,5602
2020-05-19,United Kingdom,1838,146,230086,33966,19366,2387,41580,5476
2020-05-20,United Kingdom,2589,500,232675,34466,18369,2273,40780,5250
2020-05-21,United Kingdom,3052,328,235727,34794,18019,2154,40150,4931
2020-05-22,United Kingdom,2718,273,238445,35067,17430,2075,39041,4746
2020-05-23,United Kingdom,2574,291,241019,35358,17376,2016,37848,4458
2020-05-24,United Kingdom,2062,220,243081,35578,16912,1825,36847,4403
2020-05-25,United Kingdom,1527,379,244608,35957,16360,2137,36217,4565
2020-05-26,United Kingdom,1364,104,245972,36061,15886,2095,35252,4482
2020-05-27,United Kingdom,1624,131,247596,36192,14921,1726,33290,3999
2020-05-28,United Kingdom,1672,422,249268,36614,13541,1820,31560,3974
2020-05-29,United Kingdom,1835,343,251103,36957,12658,1890,30088,3965
2020-05-30,United Kingdom,1760,274,252863,37231,11844,1873,29220,3889
2020-05-31,United Kingdom,1527,154,254390,37385,11309,1807,28221,3632
2020-06-01,United Kingdom,1125,60,255515,37445,10907,1488,27267,3625
2020-06-02,United Kingdom,1079,86,256594,37531,10622,1470,26508,3565
2020-06-03,United Kingdom,1441,249,258035,37780,10439,1588,25360,3314
2020-06-04,United Kingdom,1484,254,259519,38034,10251,1420,23792,3240
2020-06-05,United Kingdom,1356,130,260875,38164,9772,1207,22430,3097
2020-06-06,United Kingdom,1243,258,262118,38422,9255,1191,21099,3064
2020-06-07,United Kingdom,1120,143,263238,38565,8848,1180,20157,2987
2020-06-08,United Kingdom,801,54,264039,38619,8524,1174,19431,2662
2020-06-09,United Kingdom,721,47,264760,38666,8166,1135,18788,2605
2020-06-10,United Kingdom,1099,195,265859,38861,7824,1081,18263,2669
2020-06-11,United Kingdom,1158,164,267017,39025,7498,991,17749,2411
2020-06-12,United Kingdom,1199,76,268216,39101,7341,937,17113,2144
2020-06-13,United Kingdom,1017,131,269233,39232,7115,810,16370,2001
2020-06-14,United Kingdom,1052,107,270285,39339,7047,774,15895,1954
2020-06-15,United Kingdom,890,27,271175,39366,7136,747,15660,1921
2020-06-16,United Kingdom,822,29,271997,39395,7237,729,15403,1864
2020-06-17,United Kingdom,1043,120,273040,39515,7181,654,15005,1735
2020-06-18,United Kingdom,1102,110,274142,39625,7125,600,14623,1591
2020-06-19,United Kingdom,1013,67,275155,39692,6939,591,14280,1528
2020-06-20,United Kingdom,1027,84,276182,39776,6949,544,14064,1354
2020-06-21,United Kingdom,986,71,277168,39847,6883,508,13930,1282
2020-06-22,United Kingdom,687,31,277855,39878,6680,512,13816,1259
2020-06-23,United Kingdom,639,14,278494,39892,6497,497,13734,1226
2020-06-24,United Kingdom,896,94,279390,39986,6350,471,13531,1125
2020-06-25,United Kingdom,886,87,280276,40073,6134,448,13259,1048
2020-06-26,United Kingdom,778,99,281054,40172,5899,480,12838,1071
2020-06-27,United Kingdom,721,77,281775,40249,5593,473,12542,1017
2020-06-28,United Kingdom,671,40,282446,40289,5278,442,12161,950
2020-06-29,United Kingdom,649,31,283095,40320,5240,442,11920,954
2020-06-30,United Kingdom,446,21,283541,40341,5047,449,11544,946
2020-07-01,United Kingdom,730,53,284271,40394,4881,408,11231,879
2020-07-02,United Kingdom,617,97,284888,40491,4612,418,10746,866
2020-07-03,United Kingdom,651,41,285539,40532,4485,360,10384,840
2020-07-04,United Kingdom,602,49,286141,40581,4366,332,9959,805
2020-07-05,United Kingdom,579,32,286720,40613,4274,324,9552,766
2020-07-06,United Kingdom,401,19,287121,40632,4026,312,9266,754
2020-07-07,United Kingdom,555,11,287676,40643,4135,302,9182,751
2020-07-08,United Kingdom,704,54,288380,40697,4109,303,8990,711
2020-07-09,United Kingdom,597,57,288977,40754,4089,263,8701,681
2020-07-10,United Kingdom,693,31,289670,40785,4131,253,8616,613
2020-07-11,United Kingdom,715,34,290385,40819,4244,238,8610,570
2020-07-12,United Kingdom,565,17,290950,40836,4230,223,8504,547
2020-07-13,United Kingdom,442,9,291392,40845,4271,213,8297,525
2020-07-14,United Kingdom,361,10,291753,40855,4077,212,8212,514
2020-07-15,United Kingdom,726,44,292479,40899,4099,202,8208,505
2020-07-16,United Kingdom,685,26,293164,40925,4187,171,8276,434
2020-07-17,United Kingdom,772,24,293936,40949,4266,164,8397,417
2020-07-18,United Kingdom,704,26,294640,40975,4255,156,8499,394
2020-07-19,United Kingdom,569,9,295209,40984,4259,148,8489,371
2020-07-20,United Kingdom,493,11,295702,40995,4310,150,8581,363
2020-07-21,United Kingdom,413,10,296115,41005,4362,150,8439,362
2020-07-22,United Kingdom,793,25,296908,41030,4429,131,8528,333
2020-07-23,United Kingdom,751,17,297659,41047,4495,122,8682,293
2020-07-24,United Kingdom,773,9,298432,41056,4496,107,8762,271
2020-07-25,United Kingdom,731,32,299163,41088,4523,113,8778,269
2020-07-26,United Kingdom,667,15,299830,41103,4621,119,8880,267
2020-07-27,United Kingdom,421,8,300251,41111,4549,116,8859,266
2020-07-28,United Kingdom,371,3,300622,41114,4507,109,8869,259
2020-07-29,United Kingdom,70,21,300692,41135,3784,105,8213,236
2020-07-30,United Kingdom,763,34,301455,41169,3796,122,8291,244
2020-07-31,United Kingdom,846,0,302301,41169,3869,113,8365,220
2020-08-01,United Kingdom,880,20,303181,41189,4018,101,8541,214
2020-08-02,United Kingdom,771,13,303952,41202,4122,99,8743,218
2020-08-03,United Kingdom,743,5,304695,41207,4444,96,8993,212
2020-08-04,United Kingdom,928,1,305623,41208,5001,94,9508,203
2020-08-05,United Kingdom,670,18,306293,41226,5601,91,9385,196
2020-08-06,United Kingdom,891,14,307184,41240,5729,71,9525,193
2020-08-07,United Kingdom,950,18,308134,41258,5833,89,9702,202
2020-08-08,United Kingdom,871,12,309005,41270,5824,81,9842,182
2020-08-09,United Kingdom,758,3,309763,41273,5811,71,9933,170
2020-08-10,United Kingdom,1062,5,310825,41278,6130,71,10574,167
2020-08-11,United Kingdom,816,18,311641,41296,6018,88,11019,182
2020-08-12,United Kingdom,1148,13,312789,41309,6496,83,12097,174
2020-08-13,United Kingdom,1009,20,313798,41329,6614,89,12343,160
2020-08-14,United Kingdom,1129,18,314927,41347,6793,89,12626,178
2020-08-15,United Kingdom,1440,11,316367,41358,7362,88,13186,169
2020-08-16,United Kingdom,1077,3,317444,41361,7681,88,13492,159
2020-08-17,United Kingdom,1040,5,318484,41366,7659,88,13789,159
2020-08-18,United Kingdom,713,3,319197,41369,7556,73,13574,161
2020-08-19,United Kingdom,1089,12,320286,41381,7497,72,13993,155
2020-08-20,United Kingdom,812,16,321098,41397,7300,68,13914,157
2020-08-21,United Kingdom,1182,6,322280,41403,7353,56,14146,145
2020-08-22,United Kingdom,1033,2,323313,41405,6946,47,14308,135
2020-08-23,United Kingdom,1288,18,324601,41423,7157,62,14838,150
2020-08-24,United Kingdom,1041,6,325642,41429,7158,63,14817,151
2020-08-25,United Kingdom,972,4,326614,41433,7417,64,14973,137
2020-08-26,United Kingdom,1184,16,327798,41449,7512,68,15009,140
2020-08-27,United Kingdom,1048,16,328846,41465,7748,68,15048,136
2020-08-28,United Kingdom,1522,12,330368,41477,8088,74,15441,130
2020-08-29,United Kingdom,1276,9,331644,41486,8331,81,15277,128
2020-08-30,United Kingdom,1108,12,332752,41498,8151,75,15308,137
2020-08-31,United Kingdom,1715,1,334467,41499,8825,70,15983,133
2020-04-01,United States,24998,909,189618,4079,134387,3278,183191,3971
2020-04-02,United States,27103,1059,216721,5138,147527,4088,207306,4988
2020-04-03,United States,28819,915,245540,6053,159549,4757,231290,5903
2020-04-04,United States,32425,1104,277965,7157,173279,5450,258341,6897
2020-04-05,United States,34272,1344,312237,8501,187572,6310,285490,8161
2020-04-06,United States,25398,1146,337635,9647,194610,7138,302429,9176
2020-04-07,United States,30561,1342,368196,10989,203576,7819,321754,10399
2020-04-08,United States,30613,1906,398809,12895,209191,8816,343578,12094
2020-04-09,United States,33323,1922,432132,14817,215411,9679,362938,13767
2020-04-10,United States,33901,1873,466033,16690,220493,10637,380042,15394
2020-04-11,United States,35527,2087,501560,18777,223595,11620,396874,17070
2020-04-12,United States,28391,1831,529951,20608,217714,12107,405286,18417
2020-04-13,United States,27620,1500,557571,22108,219936,12461,414546,19599
2020-04-14,United States,25023,1541,582594,23649,214398,12660,417974,20479
2020-04-15,United States,26922,2408,609516,26057,210707,13162,419898,21978
2020-04-16,United States,30148,4928,639664,30985,207532,16168,422943,25847
2020-04-17,United States,31667,2299,671331,33284,205298,16594,425791,27231
2020-04-18,United States,30833,3770,702164,37054,200604,18277,424199,29897
2020-04-19,United States,32922,1856,735086,38910,205135,18302,422849,30409
2020-04-20,United States,24601,1772,759687,40682,202116,18574,422052,31035
2020-04-21,United States,28065,1857,787752,42539,205158,18890,419556,31550
2020-04-22,United States,37289,2524,825041,45063,215525,19006,426232,32168
2020-04-23,United States,17588,1721,842629,46784,202965,15799,410497,31967
2020-04-24,United States,26543,3179,869172,49963,197841,16679,403139,33273
2020-04-25,United States,21352,1054,890524,51017,188360,13963,388964,32240
2020-04-26,United States,48529,2172,939053,53189,203967,14279,409102,32581
2020-04-27,United States,26857,1687,965910,54876,206223,14194,408339,32768
2020-04-28,United States,22541,1369,988451,56245,200699,13706,405857,32596
2020-04-29,United States,24132,2110,1012583,58355,187542,13292,403067,32298
2020-04-30,United States,27326,2611,1039909,60966,197280,14182,400245,29981
2020-05-01,United States,29917,2040,1069826,63006,200654,13043,398495,29722
2020-05-02,United States,33955,2062,1103781,65068,213257,14051,401617,28014
2020-05-03,United States,29288,1317,1133069,66385,194016,13196,397983,27475
2020-05-04,United States,24972,1297,1158041,67682,192131,12806,398354,27000
2020-05-05,United States,22593,1252,1180634,68934,192183,12689,392882,26395
2020-05-06,United States,23841,2144,1204475,71078,191892,12723,379434,26015
2020-05-07,United States,24128,2353,1228603,73431,188694,12465,385974,26647
2020-05-08,United States,28369,2239,1256972,75670,187146,12664,387800,25707
2020-05-09,United States,26957,1510,1283929,77180,180148,12112,393405,26163
2020-05-10,United States,25612,1614,1309541,78794,176472,12409,370488,25605
2020-05-11,United States,20258,734,1329799,79528,171758,11846,363889,24652
2020-05-12,United States,18117,1156,1347916,80684,167282,11750,359465,24439
2020-05-13,United States,22048,1703,1369964,82387,165489,11309,357381,24032
2020-05-14,United States,20782,1746,1390746,84133,162143,10702,350837,23167
2020-05-15,United States,27143,1773,1417889,85906,160917,10236,348063,22900
2020-05-16,United States,25508,1662,1443397,87568,159468,10388,339616,22500
2020-05-17,United States,24487,1186,1467884,88754,158343,9960,334815,22369
2020-05-18,United States,18873,808,1486757,89562,156958,10034,328716,21880
2020-05-19,United States,21841,791,1508598,90353,160682,9669,327964,21419
2020-05-20,United States,19970,1568,1528568,91921,158604,9534,324093,20843
2020-05-21,United States,23285,1518,1551853,93439,161107,9306,323250,20008
2020-05-22,United States,25434,1263,1577287,94702,159398,8796,320315,19032
2020-05-23,United States,24147,1305,1601434,96007,158037,8439,317505,18827
2020-05-24,United States,21236,1080,1622670,97087,154786,8333,313129,18293
2020-05-25,United States,20568,633,1643238,97720,156481,8158,313439,18192
2020-05-26,United States,19064,500,1662302,98220,153704,7867,314386,17536
2020-05-27,United States,18910,696,1681212,98916,152644,6995,311248,16529
2020-05-28,United States,18721,1526,1699933,100442,148080,7003,309187,16309
2020-05-29,United States,21817,1175,1721750,101617,144463,6915,303861,15711
2020-05-30,United States,25337,1219,1747087,102836,145653,6829,303690,15268
2020-05-31,United States,23297,945,1770384,103781,147714,6694,302500,15027
2020-06-01,United States,19807,602,1790191,104383,146953,6663,303434,14821
2020-06-02,United States,21086,764,1811277,105147,148975,6927,302679,14794
2020-06-03,United States,20544,1034,1831821,106181,150609,7265,303253,14260
2020-06-04,United States,19699,994,1851520,107175,151587,6733,299667,13736
2020-06-05,United States,21140,1036,1872660,108211,150910,6594,295373,13509
2020-06-06,United States,25178,932,1897838,109143,150751,6307,296404,13136
2020-06-07,United States,22223,659,1920061,109802,149677,6021,297391,12715
2020-06-08,United States,22302,712,1942363,110514,152172,6131,299125,12794
2020-06-09,United States,18822,493,1961185,111007,149908,5860,298883,12787
2020-06-10,United States,18665,999,1979850,112006,148029,5825,298638,13090
2020-06-11,United States,20614,918,2000464,112924,148944,5749,300531,12482
2020-06-12,United States,22883,896,2023347,113820,150687,5609,301597,12203
2020-06-13,United States,25639,849,2048986,114669,151148,5526,301899,11833
2020-06-14,United States,25540,767,2074526,115436,154465,5634,304142,11655
2020-06-15,United States,19543,296,2094069,115732,151706,5218,303878,11349
2020-06-16,United States,19957,395,2114026,116127,152841,5120,302749,10980
2020-06-17,United States,23705,836,2137731,116963,157881,4957,305910,10782
2020-06-18,United States,25559,754,2163290,117717,162826,4793,311770,10542
2020-06-19,United States,27762,717,2191052,118434,167705,4614,318392,10223
2020-06-20,United States,29909,678,2220961,119112,171975,4443,323123,9969
2020-06-21,United States,34158,607,2255119,119719,180593,4283,335058,9917
2020-06-22,United States,25793,256,2280912,119975,186843,4243,338549,9461
2020-06-23,United States,31390,427,2312302,120402,198276,4275,351117,9395
2020-06-24,United States,34720,826,2347022,121228,209291,4265,367172,9222
2020-06-25,United States,34339,751,2381361,121979,218071,4262,380897,9055
2020-06-26,United States,40949,2437,2422310,124416,231258,5982,398963,10596
2020-06-27,United States,45527,623,2467837,125039,246876,5927,418851,10370
2020-06-28,United States,42486,500,2510323,125539,255204,5820,435797,10103
2020-06-29,United States,38673,265,2548996,125804,268084,5829,454927,10072
2020-06-30,United States,41556,336,2590552,126140,278250,5738,476526,10013
2020-07-01,United States,43880,1270,2634432,127410,287410,6182,496701,10447
2020-07-02,United States,52048,652,2686480,128062,305119,6083,523190,10345
2020-07-03,United States,53399,678,2739879,128740,317569,4324,548827,10306
2020-07-04,United States,54442,694,2794321,129434,326484,4395,573360,10322
2020-07-05,United States,45221,242,2839542,129676,329219,4137,584423,9957
2020-07-06,United States,49093,271,2888635,129947,339639,4143,607723,9972
2020-07-07,United States,49990,359,2938625,130306,348073,4166,626323,9904
2020-07-08,United States,57473,1174,2996098,131480,361666,4070,649076,10252
2020-07-09,United States,58906,829,3055004,132309,368524,4247,673643,10330
2020-07-10,United States,63004,982,3118008,133291,378129,4551,695698,8875
2020-07-11,United States,66625,806,3184633,134097,390312,4663,716796,9058
2020-07-12,United States,63051,717,3247684,134814,408142,5138,737361,9275
2020-07-13,United States,57258,391,3304942,135205,416307,5258,755946,9401
2020-07-14,United States,58114,400,3363056,135605,424431,5299,772504,9465
2020-07-15,United States,68518,861,3431574,136466,435476,4986,797142,9056
2020-07-16,United States,67717,953,3499291,137419,444287,5110,812811,9357
2020-07-17,United States,76930,939,3576221,138358,458213,5067,836342,9618
2020-07-18,United States,71494,908,3647715,139266,463082,5169,853394,9832
2020-07-19,United States,63749,853,3711464,140119,463780,5305,871922,10443
2020-07-20,United States,61796,415,3773260,140534,468318,5329,884625,10587
2020-07-21,United States,56750,372,3830010,140906,466954,5301,891385,10600
2020-07-22,United States,72048,1160,3902058,142066,470484,5600,905960,10586
2020-07-23,United States,68848,1124,3970906,143190,471615,5771,915902,10881
2020-07-24,United States,63196,1052,4034102,144242,457881,5884,916094,10951
2020-07-25,United States,78427,1304,4112529,145546,464814,6280,927896,11449
2020-07-26,United States,65498,914,4178027,146460,466563,6341,930343,11646
2020-07-27,United States,55993,475,4234020,146935,460760,6401,929078,11730
2020-07-28,United States,56243,1076,4290263,148011,460253,7105,927207,12406
2020-07-29,United States,61734,1245,4351997,149256,449939,7190,920423,12790
2020-07-30,United States,74985,1457,4426982,150713,456076,7523,927691,13294
2020-07-31,United States,68032,1357,4495014,152070,460912,7828,918793,13712
2020-08-01,United States,67023,1244,4562037,153314,449508,7768,914322,14048
2020-08-02,United States,58407,1133,4620444,154447,442417,7987,908980,14328
2020-08-03,United States,47511,413,4667955,154860,433935,7925,894695,14326
2020-08-04,United States,45607,543,4713562,155403,423299,7392,883552,14497
2020-08-05,United States,57525,1403,4771087,156806,419090,7550,869029,14740
2020-08-06,United States,52804,1450,4823891,158256,396909,7543,852985,15066
2020-08-07,United States,59755,1848,4883646,160104,388632,8034,849544,15862
2020-08-08,United States,58150,1252,4941796,161356,379759,8042,829267,15810
2020-08-09,United States,56221,1069,4998017,162425,377573,7978,819990,15965
2020-08-10,United States,46847,513,5044864,162938,376909,8078,810844,16003
2020-08-11,United States,49530,523,5094394,163461,380832,8058,804131,15450
2020-08-12,United States,46813,1076,5141207,164537,370120,7731,789210,15281
2020-08-13,United States,55941,1490,5197148,166027,373257,7771,770166,15314
2020-08-14,United States,51094,1083,5248242,167110,364596,7006,753228,15040
2020-08-15,United States,64838,1336,5313080,168446,371284,7090,751043,15132
2020-08-16,United States,48085,1035,5361165,169481,363148,7056,740721,15034
2020-08-17,United States,42104,571,5403269,170052,358405,7114,735314,15192
2020-08-18,United States,35056,445,5438325,170497,343931,7036,724763,15094
2020-08-19,United States,44091,1324,5482416,171821,341209,7284,711329,15015
2020-08-20,United States,47426,1356,5529842,173177,332694,7150,705951,14921
2020-08-21,United States,44005,1078,5573847,174255,325605,7145,690201,14151
2020-08-22,United States,49880,1151,5623727,175406,310647,6960,681931,14050
2020-08-23,United States,44378,956,5668105,176362,306940,6881,670088,13937
2020-08-24,United States,34506,444,5702611,176806,299342,6754,657747,13868
2020-08-25,United States,38298,473,5740909,177279,302584,6782,646515,13818
2020-08-26,United States,38119,1207,5779028,178486,296612,6665,637821,13949
2020-08-27,United States,42848,1228,5821876,179714,292034,6537,624728,13687
2020-08-28,United States,45909,1110,5867785,180824,293938,6569,619543,13714
2020-08-29,United States,49654,949,5917439,181773,293712,6367,604359,13327
2020-08-30,United States,44143,1006,5961582,182779,293477,6417,600417,13298
2020-08-31,United States,35581,290,5997163,183069,294552,6263,593894,13017
2020-04-01,United States Virgin Islands,0,0,30,0,13,0,0,0
2020-04-02,United States Virgin Islands,0,0,30,0,13,0,0,0
2020-04-03,United States Virgin Islands,3,0,33,0,16,0,0,0
2020-04-04,United States Virgin Islands,7,0,40,0,21,0,0,0
2020-04-05,United States Virgin Islands,0,0,40,0,18,0,0,0
2020-04-06,United States Virgin Islands,2,1,42,1,12,1,42,1
2020-04-07,United States Virgin Islands,0,0,42,1,12,1,25,1
2020-04-08,United States Virgin Islands,3,0,45,1,15,1,28,1
2020-04-09,United States Virgin Islands,0,0,45,1,15,1,28,1
2020-04-10,United States Virgin Islands,5,0,50,1,17,1,33,1
2020-04-11,United States Virgin Islands,0,0,50,1,10,1,31,1
2020-04-12,United States Virgin Islands,1,0,51,1,11,1,29,1
2020-04-13,United States Virgin Islands,0,0,51,1,9,0,21,1
2020-04-14,United States Virgin Islands,0,0,51,1,9,0,21,1
2020-04-15,United States Virgin Islands,0,0,51,1,6,0,21,1
2020-04-16,United States Virgin Islands,0,0,51,1,6,0,21,1
2020-04-17,United States Virgin Islands,0,0,51,1,1,0,18,1
2020-04-18,United States Virgin Islands,0,1,51,2,1,1,11,2
2020-04-19,United States Virgin Islands,2,1,53,3,2,2,13,3
2020-04-20,United States Virgin Islands,0,0,53,3,2,2,11,2
2020-04-21,United States Virgin Islands,1,0,54,3,3,2,12,2
2020-04-22,United States Virgin Islands,0,0,54,3,3,2,9,2
2020-04-23,United States Virgin Islands,0,0,54,3,3,2,9,2
2020-04-24,United States Virgin Islands,0,0,54,3,3,2,4,2
2020-04-25,United States Virgin Islands,0,0,54,3,3,1,4,2
2020-04-26,United States Virgin Islands,1,0,55,3,2,0,4,2
2020-04-27,United States Virgin Islands,0,0,55,3,2,0,4,2
2020-04-28,United States Virgin Islands,4,1,59,4,5,1,8,3
2020-04-29,United States Virgin Islands,0,0,59,4,5,1,8,3
2020-04-30,United States Virgin Islands,7,0,66,4,12,1,15,3
2020-05-01,United States Virgin Islands,0,0,66,4,12,1,15,3
2020-05-02,United States Virgin Islands,0,0,66,4,12,1,15,2
2020-05-03,United States Virgin Islands,0,0,66,4,11,1,13,1
2020-05-04,United States Virgin Islands,0,0,66,4,11,1,13,1
2020-05-05,United States Virgin Islands,0,0,66,4,7,0,12,1
2020-05-06,United States Virgin Islands,0,0,66,4,7,0,12,1
2020-05-07,United States Virgin Islands,0,0,66,4,0,0,12,1
2020-05-08,United States Virgin Islands,0,0,66,4,0,0,12,1
2020-05-09,United States Virgin Islands,2,0,68,4,2,0,14,1
2020-05-10,United States Virgin Islands,1,0,69,4,3,0,14,1
2020-05-11,United States Virgin Islands,0,0,69,4,3,0,14,1
2020-05-12,United States Virgin Islands,0,1,69,5,3,1,10,1
2020-05-13,United States Virgin Islands,0,0,69,5,3,1,10,1
2020-05-14,United States Virgin Islands,0,1,69,6,3,2,3,2
2020-05-15,United States Virgin Islands,0,0,69,6,3,2,3,2
2020-05-16,United States Virgin Islands,0,0,69,6,1,2,3,2
2020-05-17,United States Virgin Islands,0,0,69,6,0,2,3,2
2020-05-18,United States Virgin Islands,0,0,69,6,0,2,3,2
2020-05-19,United States Virgin Islands,0,0,69,6,0,1,3,2
2020-05-20,United States Virgin Islands,0,0,69,6,0,1,3,2
2020-05-21,United States Virgin Islands,0,0,69,6,0,0,3,2
2020-05-22,United States Virgin Islands,0,0,69,6,0,0,3,2
2020-05-23,United States Virgin Islands,0,0,69,6,0,0,1,2
2020-05-24,United States Virgin Islands,0,0,69,6,0,0,0,2
2020-05-25,United States Virgin Islands,0,0,69,6,0,0,0,2
2020-05-26,United States Virgin Islands,0,0,69,6,0,0,0,1
2020-05-27,United States Virgin Islands,0,0,69,6,0,0,0,1
2020-05-28,United States Virgin Islands,0,0,69,6,0,0,0,0
2020-05-29,United States Virgin Islands,0,0,69,6,0,0,0,0
2020-05-30,United States Virgin Islands,0,0,69,6,0,0,0,0
2020-05-31,United States Virgin Islands,0,0,69,6,0,0,0,0
2020-06-01,United States Virgin Islands,0,0,69,6,0,0,0,0
2020-06-02,United States Virgin Islands,1,0,70,6,1,0,1,0
2020-06-03,United States Virgin Islands,0,0,70,6,1,0,1,0
2020-06-04,United States Virgin Islands,0,0,70,6,1,0,1,0
2020-06-05,United States Virgin Islands,1,0,71,6,2,0,2,0
2020-06-06,United States Virgin Islands,0,0,71,6,2,0,2,0
2020-06-07,United States Virgin Islands,0,0,71,6,2,0,2,0
2020-06-08,United States Virgin Islands,0,0,71,6,2,0,2,0
2020-06-09,United States Virgin Islands,0,0,71,6,1,0,2,0
2020-06-10,United States Virgin Islands,0,0,71,6,1,0,2,0
2020-06-11,United States Virgin Islands,1,0,72,6,2,0,3,0
2020-06-12,United States Virgin Islands,0,0,72,6,1,0,3,0
2020-06-13,United States Virgin Islands,0,0,72,6,1,0,3,0
2020-06-14,United States Virgin Islands,0,0,72,6,1,0,3,0
2020-06-15,United States Virgin Islands,1,0,73,6,2,0,4,0
2020-06-16,United States Virgin Islands,0,0,73,6,2,0,3,0
2020-06-17,United States Virgin Islands,0,0,73,6,2,0,3,0
2020-06-18,United States Virgin Islands,0,0,73,6,1,0,3,0
2020-06-19,United States Virgin Islands,0,0,73,6,1,0,2,0
2020-06-20,United States Virgin Islands,1,0,74,6,2,0,3,0
2020-06-21,United States Virgin Islands,0,0,74,6,2,0,3,0
2020-06-22,United States Virgin Islands,2,0,76,6,3,0,5,0
2020-06-23,United States Virgin Islands,0,0,76,6,3,0,5,0
2020-06-24,United States Virgin Islands,0,0,76,6,3,0,5,0
2020-06-25,United States Virgin Islands,4,0,80,6,7,0,8,0
2020-06-26,United States Virgin Islands,1,0,81,6,8,0,9,0
2020-06-27,United States Virgin Islands,0,0,81,6,7,0,9,0
2020-06-28,United States Virgin Islands,0,0,81,6,7,0,9,0
2020-06-29,United States Virgin Islands,0,0,81,6,5,0,8,0
2020-06-30,United States Virgin Islands,3,0,84,6,8,0,11,0
2020-07-01,United States Virgin Islands,0,0,84,6,8,0,11,0
2020-07-02,United States Virgin Islands,8,0,92,6,12,0,19,0
2020-07-03,United States Virgin Islands,6,0,98,6,17,0,25,0
2020-07-04,United States Virgin Islands,13,0,111,6,30,0,37,0
2020-07-05,United States Virgin Islands,0,0,111,6,30,0,37,0
2020-07-06,United States Virgin Islands,1,0,112,6,31,0,36,0
2020-07-07,United States Virgin Islands,4,0,116,6,32,0,40,0
2020-07-08,United States Virgin Islands,6,0,122,6,38,0,46,0
2020-07-09,United States Virgin Islands,22,0,144,6,52,0,64,0
2020-07-10,United States Virgin Islands,9,0,153,6,55,0,72,0
2020-07-11,United States Virgin Islands,14,0,167,6,56,0,86,0
2020-07-12,United States Virgin Islands,14,0,181,6,70,0,100,0
2020-07-13,United States Virgin Islands,0,0,181,6,69,0,100,0
2020-07-14,United States Virgin Islands,36,0,217,6,101,0,133,0
2020-07-15,United States Virgin Islands,0,0,217,6,95,0,133,0
2020-07-16,United States Virgin Islands,32,0,249,6,105,0,157,0
2020-07-17,United States Virgin Islands,14,0,263,6,110,0,165,0
2020-07-18,United States Virgin Islands,20,0,283,6,116,0,172,0
2020-07-19,United States Virgin Islands,14,0,297,6,116,0,186,0
2020-07-20,United States Virgin Islands,0,0,297,6,116,0,185,0
2020-07-21,United States Virgin Islands,11,0,308,6,91,0,192,0
2020-07-22,United States Virgin Islands,12,1,320,7,103,1,198,1
2020-07-23,United States Virgin Islands,16,0,336,7,87,1,192,1
2020-07-24,United States Virgin Islands,0,0,336,7,73,1,183,1
2020-07-25,United States Virgin Islands,16,0,352,7,69,1,185,1
2020-07-26,United States Virgin Islands,0,0,352,7,55,1,171,1
2020-07-27,United States Virgin Islands,9,0,361,7,64,1,180,1
2020-07-28,United States Virgin Islands,3,0,364,7,56,1,147,1
2020-07-29,United States Virgin Islands,21,1,385,8,65,1,168,2
2020-07-30,United States Virgin Islands,0,0,385,8,49,1,136,2
2020-07-31,United States Virgin Islands,0,0,385,8,49,1,122,2
2020-08-01,United States Virgin Islands,21,0,406,8,54,1,123,2
2020-08-02,United States Virgin Islands,15,0,421,8,69,1,124,2
2020-08-03,United States Virgin Islands,0,0,421,8,60,1,124,2
2020-08-04,United States Virgin Islands,18,0,439,8,75,1,131,2
2020-08-05,United States Virgin Islands,24,0,463,8,78,0,143,1
2020-08-06,United States Virgin Islands,38,1,501,9,116,1,165,2
2020-08-07,United States Virgin Islands,21,0,522,9,137,1,186,2
2020-08-08,United States Virgin Islands,6,0,528,9,122,1,176,2
2020-08-09,United States Virgin Islands,19,0,547,9,126,1,195,2
2020-08-10,United States Virgin Islands,0,0,547,9,126,1,186,2
2020-08-11,United States Virgin Islands,0,0,547,9,108,1,183,2
2020-08-12,United States Virgin Islands,92,0,639,9,176,1,254,1
2020-08-13,United States Virgin Islands,0,0,639,9,138,0,254,1
2020-08-14,United States Virgin Islands,65,0,704,9,182,0,319,1
2020-08-15,United States Virgin Islands,30,0,734,9,206,0,328,1
2020-08-16,United States Virgin Islands,0,0,734,9,187,0,313,1
2020-08-17,United States Virgin Islands,7,0,741,9,194,0,320,1
2020-08-18,United States Virgin Islands,55,0,796,9,249,0,357,1
2020-08-19,United States Virgin Islands,0,0,796,9,157,0,333,1
2020-08-20,United States Virgin Islands,32,0,828,9,189,0,327,0
2020-08-21,United States Virgin Islands,41,1,869,10,165,1,347,1
2020-08-22,United States Virgin Islands,63,0,932,10,198,1,404,1
2020-08-23,United States Virgin Islands,0,0,932,10,198,1,385,1
2020-08-24,United States Virgin Islands,52,1,984,11,243,2,437,2
2020-08-25,United States Virgin Islands,14,1,998,12,202,3,451,3
2020-08-26,United States Virgin Islands,32,2,1030,14,234,5,391,5
2020-08-27,United States Virgin Islands,0,0,1030,14,202,5,391,5
2020-08-28,United States Virgin Islands,45,0,1075,14,206,4,371,5
2020-08-29,United States Virgin Islands,0,0,1075,14,143,4,341,5
2020-08-30,United States Virgin Islands,54,0,1129,14,197,4,395,5
2020-08-31,United States Virgin Islands,5,0,1134,14,150,3,393,5
2020-04-01,Uruguay,6,0,330,1,141,1,280,1
2020-04-02,Uruguay,11,1,341,2,124,2,262,2
2020-04-03,Uruguay,18,2,359,4,121,4,265,4
2020-04-04,Uruguay,12,0,371,4,133,4,261,4
2020-04-05,Uruguay,19,1,390,5,131,5,255,5
2020-04-06,Uruguay,17,1,407,6,112,5,249,6
2020-04-07,Uruguay,4,0,411,6,87,5,249,6
2020-04-08,Uruguay,6,1,417,7,87,6,228,7
2020-04-09,Uruguay,9,0,426,7,85,5,209,7
2020-04-10,Uruguay,7,0,433,7,74,3,195,7
2020-04-11,Uruguay,13,0,446,7,75,3,208,7
2020-04-12,Uruguay,7,0,453,7,63,2,194,7
2020-04-13,Uruguay,12,1,465,8,58,2,170,7
2020-04-14,Uruguay,7,0,472,8,61,2,148,7
2020-04-15,Uruguay,11,0,483,8,66,1,153,7
2020-04-16,Uruguay,10,1,493,9,67,2,152,7
2020-04-17,Uruguay,9,0,502,9,69,2,143,5
2020-04-18,Uruguay,6,0,508,9,62,2,137,5
2020-04-19,Uruguay,9,0,517,9,64,2,127,4
2020-04-20,Uruguay,11,1,528,10,63,2,121,4
2020-04-21,Uruguay,7,0,535,10,63,2,124,4
2020-04-22,Uruguay,8,2,543,12,60,4,126,5
2020-04-23,Uruguay,6,0,549,12,56,3,123,5
2020-04-24,Uruguay,8,0,557,12,55,3,124,5
2020-04-25,Uruguay,6,0,563,12,55,3,117,5
2020-04-26,Uruguay,33,2,596,14,79,5,143,7
2020-04-27,Uruguay,10,1,606,15,78,5,141,7
2020-04-28,Uruguay,14,0,620,15,85,5,148,7
2020-04-29,Uruguay,5,0,625,15,82,3,142,7
2020-04-30,Uruguay,5,0,630,15,81,3,137,6
2020-05-01,Uruguay,13,2,643,17,86,5,141,8
2020-05-02,Uruguay,5,0,648,17,85,5,140,8
2020-05-03,Uruguay,4,0,652,17,56,3,135,8
2020-05-04,Uruguay,3,0,655,17,49,2,127,7
2020-05-05,Uruguay,2,0,657,17,37,2,122,7
2020-05-06,Uruguay,13,0,670,17,45,2,127,5
2020-05-07,Uruguay,3,0,673,17,43,2,124,5
2020-05-08,Uruguay,11,0,684,17,41,0,127,5
2020-05-09,Uruguay,10,1,694,18,46,1,131,6
2020-05-10,Uruguay,8,0,702,18,50,1,106,4
2020-05-11,Uruguay,5,1,707,19,52,2,101,4
2020-05-12,Uruguay,4,0,711,19,54,2,91,4
2020-05-13,Uruguay,6,0,717,19,47,2,92,4
2020-05-14,Uruguay,2,0,719,19,46,2,89,4
2020-05-15,Uruguay,5,0,724,19,40,2,81,2
2020-05-16,Uruguay,8,0,732,19,38,1,84,2
2020-05-17,Uruguay,1,0,733,19,31,1,81,2
2020-05-18,Uruguay,1,1,734,20,27,1,79,3
2020-05-19,Uruguay,3,0,737,20,26,1,80,3
2020-05-20,Uruguay,1,0,738,20,21,1,68,3
2020-05-21,Uruguay,8,0,746,20,27,1,73,3
2020-05-22,Uruguay,3,0,749,20,25,1,65,3
2020-05-23,Uruguay,4,0,753,20,21,1,59,2
2020-05-24,Uruguay,11,2,764,22,31,3,62,4
2020-05-25,Uruguay,5,0,769,22,35,2,62,3
2020-05-26,Uruguay,18,0,787,22,50,2,76,3
2020-05-27,Uruguay,2,0,789,22,51,2,72,3
2020-05-28,Uruguay,14,0,803,22,57,2,84,3
2020-05-29,Uruguay,8,0,811,22,62,2,87,3
2020-05-30,Uruguay,5,0,816,22,63,2,84,3
2020-05-31,Uruguay,5,0,821,22,57,0,88,3
2020-06-01,Uruguay,2,0,823,22,54,0,89,2
2020-06-02,Uruguay,2,1,825,23,38,1,88,3
2020-06-03,Uruguay,1,0,826,23,37,1,88,3
2020-06-04,Uruguay,2,0,828,23,25,1,82,3
2020-06-05,Uruguay,4,0,832,23,21,1,83,3
2020-06-06,Uruguay,2,0,834,23,18,1,81,3
2020-06-07,Uruguay,11,0,845,23,24,1,81,1
2020-06-08,Uruguay,0,0,845,23,22,1,76,1
2020-06-09,Uruguay,0,0,845,23,20,0,58,1
2020-06-10,Uruguay,1,0,846,23,20,0,57,1
2020-06-11,Uruguay,1,0,847,23,19,0,44,1
2020-06-12,Uruguay,0,0,847,23,15,0,36,1
2020-06-13,Uruguay,0,0,847,23,13,0,31,1
2020-06-14,Uruguay,0,0,847,23,2,0,26,1
2020-06-15,Uruguay,1,0,848,23,3,0,25,1
2020-06-16,Uruguay,0,0,848,23,3,0,23,0
2020-06-17,Uruguay,1,1,849,24,3,1,23,1
2020-06-18,Uruguay,0,0,849,24,2,1,21,1
2020-06-19,Uruguay,1,0,850,24,3,1,18,1
2020-06-20,Uruguay,3,0,853,24,6,1,19,1
2020-06-21,Uruguay,6,1,859,25,12,2,14,2
2020-06-22,Uruguay,17,0,876,25,28,2,31,2
2020-06-23,Uruguay,6,0,882,25,34,2,37,2
2020-06-24,Uruguay,3,0,885,25,36,1,39,2
2020-06-25,Uruguay,17,1,902,26,53,2,55,3
2020-06-26,Uruguay,5,0,907,26,57,2,60,3
2020-06-27,Uruguay,12,0,919,26,66,2,72,3
2020-06-28,Uruguay,5,0,924,26,65,1,77,3
2020-06-29,Uruguay,5,1,929,27,53,2,81,4
2020-06-30,Uruguay,3,0,932,27,50,2,84,4
2020-07-01,Uruguay,4,0,936,27,51,2,87,3
2020-07-02,Uruguay,7,1,943,28,41,2,94,4
2020-07-03,Uruguay,4,0,947,28,40,2,97,4
2020-07-04,Uruguay,5,0,952,28,33,2,99,4
2020-07-05,Uruguay,3,0,955,28,31,2,96,3
2020-07-06,Uruguay,1,0,956,28,27,1,80,3
2020-07-07,Uruguay,4,1,960,29,28,2,78,4
2020-07-08,Uruguay,5,0,965,29,29,2,80,4
2020-07-09,Uruguay,9,0,974,29,31,1,72,3
2020-07-10,Uruguay,3,0,977,29,30,1,70,3
2020-07-11,Uruguay,8,0,985,29,33,1,66,3
2020-07-12,Uruguay,1,1,986,30,31,2,62,4
2020-07-13,Uruguay,1,1,987,31,31,3,58,4
2020-07-14,Uruguay,2,0,989,31,29,2,57,4
2020-07-15,Uruguay,8,0,997,31,32,2,61,4
2020-07-16,Uruguay,12,0,1009,31,35,2,66,3
2020-07-17,Uruguay,0,0,1009,31,32,2,62,3
2020-07-18,Uruguay,28,1,1037,32,52,3,85,4
2020-07-19,Uruguay,7,1,1044,33,58,3,89,5
2020-07-20,Uruguay,10,0,1054,33,67,2,98,5
2020-07-21,Uruguay,10,0,1064,33,75,2,104,4
2020-07-22,Uruguay,32,0,1096,33,99,2,131,4
2020-07-23,Uruguay,21,1,1117,34,108,3,143,5
2020-07-24,Uruguay,24,0,1141,34,132,3,164,5
2020-07-25,Uruguay,25,0,1166,34,129,2,181,5
2020-07-26,Uruguay,8,0,1174,34,130,1,188,4
2020-07-27,Uruguay,18,0,1192,34,138,1,205,3
2020-07-28,Uruguay,10,1,1202,35,138,2,213,4
2020-07-29,Uruguay,16,0,1218,35,122,2,221,4
2020-07-30,Uruguay,19,0,1237,35,120,1,228,4
2020-07-31,Uruguay,6,0,1243,35,102,1,234,4
2020-08-01,Uruguay,21,0,1264,35,98,1,227,3
2020-08-02,Uruguay,14,0,1278,35,104,1,234,2
2020-08-03,Uruguay,8,1,1286,36,94,2,232,3
2020-08-04,Uruguay,5,0,1291,36,89,1,227,3
2020-08-05,Uruguay,9,1,1300,37,82,2,204,4
2020-08-06,Uruguay,9,0,1309,37,72,2,192,3
2020-08-07,Uruguay,9,0,1318,37,75,2,177,3
2020-08-08,Uruguay,7,0,1325,37,61,2,159,3
2020-08-09,Uruguay,10,0,1335,37,57,2,161,3
2020-08-10,Uruguay,18,0,1353,37,67,1,161,3
2020-08-11,Uruguay,11,0,1364,37,73,1,162,2
2020-08-12,Uruguay,21,0,1385,37,85,0,167,2
2020-08-13,Uruguay,8,0,1393,37,84,0,156,2
2020-08-14,Uruguay,16,0,1409,37,91,0,166,2
2020-08-15,Uruguay,12,1,1421,38,96,1,157,3
2020-08-16,Uruguay,13,0,1434,38,99,1,156,3
2020-08-17,Uruguay,6,0,1440,38,87,1,154,2
2020-08-18,Uruguay,17,2,1457,40,93,3,166,4
2020-08-19,Uruguay,28,0,1485,40,100,3,185,3
2020-08-20,Uruguay,8,0,1493,40,100,3,184,3
2020-08-21,Uruguay,13,1,1506,41,97,4,188,4
2020-08-22,Uruguay,10,1,1516,42,95,4,191,5
2020-08-23,Uruguay,5,0,1521,42,87,4,186,5
2020-08-24,Uruguay,6,0,1527,42,87,4,174,5
2020-08-25,Uruguay,6,0,1533,42,76,2,169,5
2020-08-26,Uruguay,3,1,1536,43,51,3,151,6
2020-08-27,Uruguay,7,0,1543,43,50,3,150,6
2020-08-28,Uruguay,8,0,1551,43,45,2,142,6
2020-08-29,Uruguay,5,0,1556,43,40,1,135,5
2020-08-30,Uruguay,14,1,1570,44,49,2,136,6
2020-08-31,Uruguay,15,0,1585,44,58,2,145,6
2020-04-01,Uzbekistan,24,0,173,2,118,2,157,2
2020-04-02,Uzbekistan,14,0,187,2,122,2,164,2
2020-04-03,Uzbekistan,3,0,190,2,107,2,167,2
2020-04-04,Uzbekistan,37,0,227,2,123,2,194,2
2020-04-05,Uzbekistan,39,0,266,2,133,1,233,2
2020-04-06,Uzbekistan,76,0,342,2,197,1,296,2
2020-04-07,Uzbekistan,55,0,397,2,248,0,348,2
2020-04-08,Uzbekistan,107,0,504,2,331,0,449,2
2020-04-09,Uzbekistan,51,1,555,3,368,1,490,3
2020-04-10,Uzbekistan,27,0,582,3,392,1,499,3
2020-04-11,Uzbekistan,42,0,624,3,397,1,520,3
2020-04-12,Uzbekistan,172,1,796,4,530,2,663,3
2020-04-13,Uzbekistan,69,0,865,4,523,2,720,3
2020-04-14,Uzbekistan,133,0,998,4,601,2,849,2
2020-04-15,Uzbekistan,167,0,1165,4,661,2,992,2
2020-04-16,Uzbekistan,137,0,1302,4,747,1,1115,2
2020-04-17,Uzbekistan,78,0,1380,4,798,1,1190,2
2020-04-18,Uzbekistan,70,0,1450,4,826,1,1223,2
2020-04-19,Uzbekistan,45,1,1495,5,699,1,1229,3
2020-04-20,Uzbekistan,70,0,1565,5,700,1,1223,3
2020-04-21,Uzbekistan,92,0,1657,5,659,1,1260,3
2020-04-22,Uzbekistan,35,1,1692,6,527,2,1188,4
2020-04-23,Uzbekistan,24,1,1716,7,414,3,1161,4
2020-04-24,Uzbekistan,62,0,1778,7,398,3,1196,4
2020-04-25,Uzbekistan,58,1,1836,8,386,4,1212,5
2020-04-26,Uzbekistan,29,0,1865,8,370,3,1069,4
2020-04-27,Uzbekistan,22,0,1887,8,322,3,1022,4
2020-04-28,Uzbekistan,17,0,1904,8,247,3,906,4
2020-04-29,Uzbekistan,35,0,1939,8,247,2,774,4
2020-04-30,Uzbekistan,63,1,2002,9,286,2,700,5
2020-05-01,Uzbekistan,44,0,2046,9,268,2,666,5
2020-05-02,Uzbekistan,48,0,2094,9,258,1,644,5
2020-05-03,Uzbekistan,33,0,2127,9,262,1,632,4
2020-05-04,Uzbekistan,22,1,2149,10,262,2,584,5
2020-05-05,Uzbekistan,40,0,2189,10,285,2,532,5
2020-05-06,Uzbekistan,18,0,2207,10,268,2,515,4
2020-05-07,Uzbekistan,26,0,2233,10,231,1,517,3
2020-05-08,Uzbekistan,65,0,2298,10,252,1,520,3
2020-05-09,Uzbekistan,38,0,2336,10,242,1,500,2
2020-05-10,Uzbekistan,51,0,2387,10,260,1,522,2
2020-05-11,Uzbekistan,31,0,2418,10,269,0,531,2
2020-05-12,Uzbekistan,91,0,2509,10,320,0,605,2
2020-05-13,Uzbekistan,38,0,2547,10,340,0,608,2
2020-05-14,Uzbekistan,65,1,2612,11,379,1,610,2
2020-05-15,Uzbekistan,33,0,2645,11,347,1,599,2
2020-05-16,Uzbekistan,46,0,2691,11,355,1,597,2
2020-05-17,Uzbekistan,50,0,2741,11,354,1,614,2
2020-05-18,Uzbekistan,12,1,2753,12,335,2,604,2
2020-05-19,Uzbekistan,49,1,2802,13,293,3,613,3
2020-05-20,Uzbekistan,78,0,2880,13,333,3,673,3
2020-05-21,Uzbekistan,70,0,2950,13,338,2,717,3
2020-05-22,Uzbekistan,56,0,3006,13,361,2,708,3
2020-05-23,Uzbekistan,72,0,3078,13,387,2,742,3
2020-05-24,Uzbekistan,54,0,3132,13,391,2,745,3
2020-05-25,Uzbekistan,32,0,3164,13,411,1,746,3
2020-05-26,Uzbekistan,97,0,3261,13,459,0,752,3
2020-05-27,Uzbekistan,72,1,3333,14,453,1,786,4
2020-05-28,Uzbekistan,0,0,3333,14,383,1,721,3
2020-05-29,Uzbekistan,111,0,3444,14,438,1,799,3
2020-05-30,Uzbekistan,69,0,3513,14,435,1,822,3
2020-05-31,Uzbekistan,41,0,3554,14,422,1,813,3
2020-06-01,Uzbekistan,108,1,3662,15,498,2,909,3
2020-06-02,Uzbekistan,56,0,3718,15,457,2,916,2
2020-06-03,Uzbekistan,51,0,3769,15,436,1,889,2
2020-06-04,Uzbekistan,105,1,3874,16,541,2,924,3
2020-06-05,Uzbekistan,91,0,3965,16,521,2,959,3
2020-06-06,Uzbekistan,57,0,4022,16,509,2,944,3
2020-06-07,Uzbekistan,159,1,4181,17,627,3,1049,4
2020-06-08,Uzbekistan,171,0,4352,17,690,2,1188,4
2020-06-09,Uzbekistan,96,1,4448,18,730,3,1187,5
2020-06-10,Uzbekistan,99,0,4547,18,778,3,1214,4
2020-06-11,Uzbekistan,148,1,4695,19,821,3,1362,5
2020-06-12,Uzbekistan,124,0,4819,19,854,3,1375,5
2020-06-13,Uzbekistan,82,0,4901,19,879,3,1388,5
2020-06-14,Uzbekistan,93,0,4994,19,813,2,1440,5
2020-06-15,Uzbekistan,109,0,5103,19,751,2,1441,4
2020-06-16,Uzbekistan,190,0,5293,19,845,1,1575,4
2020-06-17,Uzbekistan,268,0,5561,19,1014,1,1792,4
2020-06-18,Uzbekistan,136,0,5697,19,1002,0,1823,3
2020-06-19,Uzbekistan,158,0,5855,19,1036,0,1890,3
2020-06-20,Uzbekistan,170,0,6025,19,1124,0,2003,3
2020-06-21,Uzbekistan,191,0,6216,19,1222,0,2035,2
2020-06-22,Uzbekistan,142,0,6358,19,1255,0,2006,2
2020-06-23,Uzbekistan,142,0,6500,19,1207,0,2052,1
2020-06-24,Uzbekistan,255,0,6755,19,1194,0,2208,1
2020-06-25,Uzbekistan,235,0,6990,19,1293,0,2295,0
2020-06-26,Uzbekistan,238,1,7228,20,1373,1,2409,1
2020-06-27,Uzbekistan,262,0,7490,20,1465,1,2589,1
2020-06-28,Uzbekistan,235,0,7725,20,1509,1,2731,1
2020-06-29,Uzbekistan,306,2,8031,22,1673,3,2928,3
2020-06-30,Uzbekistan,267,2,8298,24,1798,5,3005,5
2020-07-01,Uzbekistan,329,2,8627,26,1872,7,3066,7
2020-07-02,Uzbekistan,277,0,8904,26,1914,7,3207,7
2020-07-03,Uzbekistan,295,1,9199,27,1971,7,3344,8
2020-07-04,Uzbekistan,301,2,9500,29,2010,9,3475,10
2020-07-05,Uzbekistan,329,2,9829,31,2104,11,3613,12
2020-07-06,Uzbekistan,314,4,10143,35,2112,13,3785,16
2020-07-07,Uzbekistan,316,3,10459,38,2161,14,3959,19
2020-07-08,Uzbekistan,379,3,10838,41,2211,15,4083,22
2020-07-09,Uzbekistan,421,6,11259,47,2355,21,4269,28
2020-07-10,Uzbekistan,464,5,11723,52,2524,25,4495,32
2020-07-11,Uzbekistan,483,3,12206,55,2706,26,4716,35
2020-07-12,Uzbekistan,307,2,12513,57,2684,26,4788,37
2020-07-13,Uzbekistan,680,4,13193,61,3050,26,5162,39
2020-07-14,Uzbekistan,679,3,13872,64,3413,26,5574,40
2020-07-15,Uzbekistan,421,4,14293,68,3455,27,5666,42
2020-07-16,Uzbekistan,494,4,14787,72,3528,25,5883,46
2020-07-17,Uzbekistan,562,4,15349,76,3626,24,6150,49
2020-07-18,Uzbekistan,547,4,15896,80,3690,25,6396,51
2020-07-19,Uzbekistan,533,4,16429,84,3916,27,6600,53
2020-07-20,Uzbekistan,537,4,16966,88,3773,27,6823,53
2020-07-21,Uzbekistan,624,4,17590,92,3718,28,7131,54
2020-07-22,Uzbekistan,581,4,18171,96,3878,28,7333,55
2020-07-23,Uzbekistan,360,3,18531,99,3744,27,7272,52
2020-07-24,Uzbekistan,455,4,18986,103,3637,27,7263,51
2020-07-25,Uzbekistan,667,4,19653,107,3757,27,7447,52
2020-07-26,Uzbekistan,573,5,20226,112,3797,28,7713,55
2020-07-27,Uzbekistan,594,5,20820,117,3854,29,7627,56
2020-07-28,Uzbekistan,686,5,21506,122,3916,30,7634,58
2020-07-29,Uzbekistan,663,5,22169,127,3998,31,7876,59
2020-07-30,Uzbekistan,703,5,22872,132,4341,33,8085,60
2020-07-31,Uzbekistan,686,5,23558,137,4572,34,8209,61
2020-08-01,Uzbekistan,746,6,24304,143,4651,36,8408,63
2020-08-02,Uzbekistan,736,6,25040,149,4814,37,8611,65
2020-08-03,Uzbekistan,788,6,25828,155,5008,38,8862,67
2020-08-04,Uzbekistan,722,6,26550,161,5044,39,8960,69
2020-08-05,Uzbekistan,764,6,27314,167,5145,40,9143,71
2020-08-06,Uzbekistan,755,6,28069,173,5197,41,9538,74
2020-08-07,Uzbekistan,740,6,28809,179,5251,42,9823,76
2020-08-08,Uzbekistan,650,6,29459,185,5155,42,9806,78
2020-08-09,Uzbekistan,738,5,30197,190,5157,41,9971,78
2020-08-10,Uzbekistan,623,6,30820,196,4992,41,10000,79
2020-08-11,Uzbekistan,725,6,31545,202,4995,41,10039,80
2020-08-12,Uzbekistan,670,6,32215,208,4901,41,10046,81
2020-08-13,Uzbekistan,622,5,32837,213,4768,40,9965,81
2020-08-14,Uzbekistan,724,5,33561,218,4752,39,10003,81
2020-08-15,Uzbekistan,690,5,34251,223,4792,38,9947,80
2020-08-16,Uzbekistan,693,5,34944,228,4747,38,9904,79
2020-08-17,Uzbekistan,0,0,34944,228,4124,32,9116,73
2020-08-18,Uzbekistan,1156,12,36100,240,4555,38,9550,79
2020-08-19,Uzbekistan,660,5,36760,245,4545,37,9446,78
2020-08-20,Uzbekistan,606,5,37366,250,4529,37,9297,77
2020-08-21,Uzbekistan,459,6,37825,256,4264,38,9016,77
2020-08-22,Uzbekistan,406,6,38231,262,3980,39,8772,77
2020-08-23,Uzbekistan,467,7,38698,269,3754,41,8501,79
2020-08-24,Uzbekistan,248,4,38946,273,4002,45,8126,77
2020-08-25,Uzbekistan,560,9,39506,282,3406,42,7961,80
2020-08-26,Uzbekistan,284,7,39790,289,3030,44,7575,81
2020-08-27,Uzbekistan,405,6,40195,295,2829,45,7358,82
2020-08-28,Uzbekistan,418,5,40613,300,2788,44,7052,82
2020-08-29,Uzbekistan,340,5,40953,305,2722,43,6702,82
2020-08-30,Uzbekistan,350,6,41303,311,2605,42,6359,83
2020-08-31,Uzbekistan,348,6,41651,317,2705,44,6707,89
2020-04-01,Vatican,0,0,6,0,5,0,5,0
2020-04-02,Vatican,0,0,6,0,5,0,5,0
2020-04-03,Vatican,0,0,6,0,1,0,5,0
2020-04-04,Vatican,1,0,7,0,2,0,6,0
2020-04-05,Vatican,0,0,7,0,1,0,6,0
2020-04-06,Vatican,0,0,7,0,1,0,6,0
2020-04-07,Vatican,0,0,7,0,1,0,6,0
2020-04-08,Vatican,0,0,7,0,1,0,6,0
2020-04-09,Vatican,1,0,8,0,2,0,7,0
2020-04-10,Vatican,0,0,8,0,2,0,3,0
2020-04-11,Vatican,0,0,8,0,1,0,3,0
2020-04-12,Vatican,0,0,8,0,1,0,2,0
2020-04-13,Vatican,0,0,8,0,1,0,2,0
2020-04-14,Vatican,0,0,8,0,1,0,2,0
2020-04-15,Vatican,0,0,8,0,1,0,2,0
2020-04-16,Vatican,0,0,8,0,0,0,2,0
2020-04-17,Vatican,0,0,8,0,0,0,2,0
2020-04-18,Vatican,0,0,8,0,0,0,1,0
2020-04-19,Vatican,0,0,8,0,0,0,1,0
2020-04-20,Vatican,0,0,8,0,0,0,1,0
2020-04-21,Vatican,1,0,9,0,1,0,2,0
2020-04-22,Vatican,0,0,9,0,1,0,2,0
2020-04-23,Vatican,0,0,9,0,1,0,1,0
2020-04-24,Vatican,0,0,9,0,1,0,1,0
2020-04-25,Vatican,0,0,9,0,1,0,1,0
2020-04-26,Vatican,0,0,9,0,1,0,1,0
2020-04-27,Vatican,0,0,9,0,1,0,1,0
2020-04-28,Vatican,0,0,9,0,0,0,1,0
2020-04-29,Vatican,0,0,9,0,0,0,1,0
2020-04-30,Vatican,1,0,10,0,1,0,2,0
2020-05-01,Vatican,1,0,11,0,2,0,3,0
2020-05-02,Vatican,0,0,11,0,2,0,3,0
2020-05-03,Vatican,0,0,11,0,2,0,3,0
2020-05-04,Vatican,0,0,11,0,2,0,3,0
2020-05-05,Vatican,0,0,11,0,2,0,2,0
2020-05-06,Vatican,0,0,11,0,2,0,2,0
2020-05-07,Vatican,1,0,12,0,2,0,3,0
2020-05-08,Vatican,0,0,12,0,1,0,3,0
2020-05-09,Vatican,0,0,12,0,1,0,3,0
2020-05-10,Vatican,0,0,12,0,1,0,3,0
2020-05-11,Vatican,0,0,12,0,1,0,3,0
2020-05-12,Vatican,0,0,12,0,1,0,3,0
2020-05-13,Vatican,0,0,12,0,1,0,3,0
2020-05-14,Vatican,0,0,12,0,0,0,2,0
2020-05-15,Vatican,0,0,12,0,0,0,1,0
2020-05-16,Vatican,0,0,12,0,0,0,1,0
2020-05-17,Vatican,0,0,12,0,0,0,1,0
2020-05-18,Vatican,0,0,12,0,0,0,1,0
2020-05-19,Vatican,0,0,12,0,0,0,1,0
2020-05-20,Vatican,0,0,12,0,0,0,1,0
2020-05-21,Vatican,0,0,12,0,0,0,0,0
2020-05-22,Vatican,0,0,12,0,0,0,0,0
2020-05-23,Vatican,0,0,12,0,0,0,0,0
2020-05-24,Vatican,0,0,12,0,0,0,0,0
2020-05-25,Vatican,0,0,12,0,0,0,0,0
2020-05-26,Vatican,0,0,12,0,0,0,0,0
2020-05-27,Vatican,0,0,12,0,0,0,0,0
2020-05-28,Vatican,0,0,12,0,0,0,0,0
2020-05-29,Vatican,0,0,12,0,0,0,0,0
2020-05-30,Vatican,0,0,12,0,0,0,0,0
2020-05-31,Vatican,0,0,12,0,0,0,0,0
2020-06-01,Vatican,0,0,12,0,0,0,0,0
2020-06-02,Vatican,0,0,12,0,0,0,0,0
2020-06-03,Vatican,0,0,12,0,0,0,0,0
2020-06-04,Vatican,0,0,12,0,0,0,0,0
2020-06-05,Vatican,0,0,12,0,0,0,0,0
2020-06-06,Vatican,0,0,12,0,0,0,0,0
2020-06-07,Vatican,0,0,12,0,0,0,0,0
2020-06-08,Vatican,0,0,12,0,0,0,0,0
2020-06-09,Vatican,0,0,12,0,0,0,0,0
2020-06-10,Vatican,0,0,12,0,0,0,0,0
2020-06-11,Vatican,0,0,12,0,0,0,0,0
2020-06-12,Vatican,0,0,12,0,0,0,0,0
2020-06-13,Vatican,0,0,12,0,0,0,0,0
2020-06-14,Vatican,0,0,12,0,0,0,0,0
2020-06-15,Vatican,0,0,12,0,0,0,0,0
2020-06-16,Vatican,0,0,12,0,0,0,0,0
2020-06-17,Vatican,0,0,12,0,0,0,0,0
2020-06-18,Vatican,0,0,12,0,0,0,0,0
2020-06-19,Vatican,0,0,12,0,0,0,0,0
2020-06-20,Vatican,0,0,12,0,0,0,0,0
2020-06-21,Vatican,0,0,12,0,0,0,0,0
2020-06-22,Vatican,0,0,12,0,0,0,0,0
2020-06-23,Vatican,0,0,12,0,0,0,0,0
2020-06-24,Vatican,0,0,12,0,0,0,0,0
2020-06-25,Vatican,0,0,12,0,0,0,0,0
2020-06-26,Vatican,0,0,12,0,0,0,0,0
2020-06-27,Vatican,0,0,12,0,0,0,0,0
2020-06-28,Vatican,0,0,12,0,0,0,0,0
2020-06-29,Vatican,0,0,12,0,0,0,0,0
2020-06-30,Vatican,0,0,12,0,0,0,0,0
2020-07-01,Vatican,0,0,12,0,0,0,0,0
2020-07-02,Vatican,0,0,12,0,0,0,0,0
2020-07-03,Vatican,0,0,12,0,0,0,0,0
2020-07-04,Vatican,0,0,12,0,0,0,0,0
2020-07-05,Vatican,0,0,12,0,0,0,0,0
2020-07-06,Vatican,0,0,12,0,0,0,0,0
2020-07-07,Vatican,0,0,12,0,0,0,0,0
2020-07-08,Vatican,0,0,12,0,0,0,0,0
2020-07-09,Vatican,0,0,12,0,0,0,0,0
2020-07-10,Vatican,0,0,12,0,0,0,0,0
2020-07-11,Vatican,0,0,12,0,0,0,0,0
2020-07-12,Vatican,0,0,12,0,0,0,0,0
2020-07-13,Vatican,0,0,12,0,0,0,0,0
2020-07-14,Vatican,0,0,12,0,0,0,0,0
2020-07-15,Vatican,0,0,12,0,0,0,0,0
2020-07-16,Vatican,0,0,12,0,0,0,0,0
2020-07-17,Vatican,0,0,12,0,0,0,0,0
2020-07-18,Vatican,0,0,12,0,0,0,0,0
2020-07-19,Vatican,0,0,12,0,0,0,0,0
2020-07-20,Vatican,0,0,12,0,0,0,0,0
2020-07-21,Vatican,0,0,12,0,0,0,0,0
2020-07-22,Vatican,0,0,12,0,0,0,0,0
2020-07-23,Vatican,0,0,12,0,0,0,0,0
2020-07-24,Vatican,0,0,12,0,0,0,0,0
2020-07-25,Vatican,0,0,12,0,0,0,0,0
2020-07-26,Vatican,0,0,12,0,0,0,0,0
2020-07-27,Vatican,0,0,12,0,0,0,0,0
2020-07-28,Vatican,0,0,12,0,0,0,0,0
2020-07-29,Vatican,0,0,12,0,0,0,0,0
2020-07-30,Vatican,0,0,12,0,0,0,0,0
2020-07-31,Vatican,0,0,12,0,0,0,0,0
2020-08-01,Vatican,0,0,12,0,0,0,0,0
2020-08-02,Vatican,0,0,12,0,0,0,0,0
2020-08-03,Vatican,0,0,12,0,0,0,0,0
2020-08-04,Vatican,0,0,12,0,0,0,0,0
2020-08-05,Vatican,0,0,12,0,0,0,0,0
2020-08-06,Vatican,0,0,12,0,0,0,0,0
2020-08-07,Vatican,0,0,12,0,0,0,0,0
2020-08-08,Vatican,0,0,12,0,0,0,0,0
2020-08-09,Vatican,0,0,12,0,0,0,0,0
2020-08-10,Vatican,0,0,12,0,0,0,0,0
2020-08-11,Vatican,0,0,12,0,0,0,0,0
2020-08-12,Vatican,0,0,12,0,0,0,0,0
2020-08-13,Vatican,0,0,12,0,0,0,0,0
2020-08-14,Vatican,0,0,12,0,0,0,0,0
2020-08-15,Vatican,0,0,12,0,0,0,0,0
2020-08-16,Vatican,0,0,12,0,0,0,0,0
2020-08-17,Vatican,0,0,12,0,0,0,0,0
2020-08-18,Vatican,0,0,12,0,0,0,0,0
2020-08-19,Vatican,0,0,12,0,0,0,0,0
2020-08-20,Vatican,0,0,12,0,0,0,0,0
2020-08-21,Vatican,0,0,12,0,0,0,0,0
2020-08-22,Vatican,0,0,12,0,0,0,0,0
2020-08-23,Vatican,0,0,12,0,0,0,0,0
2020-08-24,Vatican,0,0,12,0,0,0,0,0
2020-08-25,Vatican,0,0,12,0,0,0,0,0
2020-08-26,Vatican,0,0,12,0,0,0,0,0
2020-08-27,Vatican,0,0,12,0,0,0,0,0
2020-08-28,Vatican,0,0,12,0,0,0,0,0
2020-08-29,Vatican,0,0,12,0,0,0,0,0
2020-08-30,Vatican,0,0,12,0,0,0,0,0
2020-08-31,Vatican,0,0,12,0,0,0,0,0
2020-04-01,Venezuela,0,0,135,3,44,3,102,3
2020-04-02,Venezuela,8,0,143,3,37,3,110,3
2020-04-03,Venezuela,1,0,144,3,37,2,111,3
2020-04-04,Venezuela,0,0,144,3,25,2,108,3
2020-04-05,Venezuela,0,2,144,5,25,4,108,5
2020-04-06,Venezuela,4,0,148,5,29,4,112,5
2020-04-07,Venezuela,11,0,159,5,24,2,75,5
2020-04-08,Venezuela,7,2,166,7,31,4,75,7
2020-04-09,Venezuela,1,1,167,8,24,5,61,8
2020-04-10,Venezuela,4,1,171,9,27,6,64,8
2020-04-11,Venezuela,4,0,175,9,31,6,56,8
2020-04-12,Venezuela,0,0,175,9,31,4,56,8
2020-04-13,Venezuela,6,0,181,9,33,4,62,8
2020-04-14,Venezuela,8,0,189,9,30,4,54,6
2020-04-15,Venezuela,4,0,193,9,27,2,58,6
2020-04-16,Venezuela,4,0,197,9,30,1,54,6
2020-04-17,Venezuela,7,0,204,9,33,0,60,6
2020-04-18,Venezuela,23,0,227,9,52,0,83,6
2020-04-19,Venezuela,0,0,227,9,52,0,83,4
2020-04-20,Venezuela,29,0,256,9,75,0,108,4
2020-04-21,Venezuela,0,0,256,9,67,0,97,4
2020-04-22,Venezuela,29,1,285,10,92,1,119,3
2020-04-23,Venezuela,3,0,288,10,91,1,121,2
2020-04-24,Venezuela,10,0,298,10,94,1,127,1
2020-04-25,Venezuela,20,0,318,10,91,1,143,1
2020-04-26,Venezuela,5,0,323,10,96,1,148,1
2020-04-27,Venezuela,2,0,325,10,69,1,144,1
2020-04-28,Venezuela,4,0,329,10,73,1,140,1
2020-04-29,Venezuela,0,0,329,10,44,0,136,1
2020-04-30,Venezuela,2,0,331,10,43,0,134,1
2020-05-01,Venezuela,2,0,333,10,35,0,129,1
2020-05-02,Venezuela,2,0,335,10,17,0,108,1
2020-05-03,Venezuela,10,0,345,10,22,0,118,1
2020-05-04,Venezuela,12,0,357,10,32,0,101,1
2020-05-05,Venezuela,4,0,361,10,32,0,105,1
2020-05-06,Venezuela,6,0,367,10,38,0,82,0
2020-05-07,Venezuela,12,0,379,10,48,0,91,0
2020-05-08,Venezuela,2,0,381,10,48,0,83,0
2020-05-09,Venezuela,7,0,388,10,53,0,70,0
2020-05-10,Venezuela,14,0,402,10,57,0,79,0
2020-05-11,Venezuela,12,0,414,10,57,0,89,0
2020-05-12,Venezuela,8,0,422,10,61,0,93,0
2020-05-13,Venezuela,1,0,423,10,56,0,94,0
2020-05-14,Venezuela,17,0,440,10,61,0,109,0
2020-05-15,Venezuela,15,0,455,10,74,0,122,0
2020-05-16,Venezuela,4,0,459,10,71,0,124,0
2020-05-17,Venezuela,45,0,504,10,102,0,159,0
2020-05-18,Venezuela,37,0,541,10,127,0,184,0
2020-05-19,Venezuela,77,0,618,10,196,0,257,0
2020-05-20,Venezuela,131,0,749,10,326,0,382,0
2020-05-21,Venezuela,75,0,824,10,384,0,445,0
2020-05-22,Venezuela,58,0,882,10,427,0,501,0
2020-05-23,Venezuela,62,0,944,10,485,0,556,0
2020-05-24,Venezuela,0,0,944,10,440,0,542,0
2020-05-25,Venezuela,177,0,1121,10,580,0,707,0
2020-05-26,Venezuela,56,0,1177,10,559,0,755,0
2020-05-27,Venezuela,34,1,1211,11,462,1,788,1
2020-05-28,Venezuela,34,0,1245,11,421,1,805,1
2020-05-29,Venezuela,82,0,1327,11,445,1,872,1
2020-05-30,Venezuela,42,3,1369,14,425,4,910,4
2020-05-31,Venezuela,90,0,1459,14,515,4,955,4
2020-06-01,Venezuela,51,0,1510,14,389,4,969,4
2020-06-02,Venezuela,152,3,1662,17,485,7,1044,7
2020-06-03,Venezuela,157,1,1819,18,608,7,1070,8
2020-06-04,Venezuela,133,2,1952,20,707,9,1128,10
2020-06-05,Venezuela,135,0,2087,20,760,9,1205,10
2020-06-06,Venezuela,58,0,2145,20,776,6,1201,10
2020-06-07,Venezuela,171,2,2316,22,857,8,1372,12
2020-06-08,Venezuela,61,0,2377,22,867,8,1256,12
2020-06-09,Venezuela,96,0,2473,22,811,5,1296,12
2020-06-10,Venezuela,159,1,2632,23,813,5,1421,12
2020-06-11,Venezuela,106,0,2738,23,786,3,1493,12
2020-06-12,Venezuela,76,0,2814,23,727,3,1487,12
2020-06-13,Venezuela,65,0,2879,23,734,3,1510,9
2020-06-14,Venezuela,25,1,2904,24,588,2,1445,10
2020-06-15,Venezuela,74,1,2978,25,601,3,1468,11
2020-06-16,Venezuela,84,1,3062,26,589,4,1400,9
2020-06-17,Venezuela,88,1,3150,27,518,4,1331,9
2020-06-18,Venezuela,0,0,0,0,412,4,1198,7
2020-06-19,Venezuela,334,1,3484,28,670,5,1397,8
2020-06-20,Venezuela,107,2,3591,30,712,7,1446,10
2020-06-21,Venezuela,199,3,3790,33,886,9,1474,11
2020-06-22,Venezuela,128,0,3918,33,940,8,1541,11
2020-06-23,Venezuela,130,2,4048,35,986,9,1575,13
2020-06-24,Venezuela,138,0,4186,35,1036,8,1554,12
2020-06-25,Venezuela,179,3,4365,38,1215,11,1627,15
2020-06-26,Venezuela,198,1,4563,39,1079,11,1749,16
2020-06-27,Venezuela,216,2,4779,41,1188,11,1900,18
2020-06-28,Venezuela,351,1,5130,42,1340,9,2226,18
2020-06-29,Venezuela,167,2,5297,44,1379,11,2319,19
2020-06-30,Venezuela,233,4,5530,48,1482,13,2468,22
2020-07-01,Venezuela,302,3,5832,51,1646,16,2682,24
2020-07-02,Venezuela,230,3,6062,54,1697,16,2912,27
2020-07-03,Venezuela,211,3,6273,57,1710,18,2789,29
2020-07-04,Venezuela,264,2,6537,59,1758,18,2946,29
2020-07-05,Venezuela,213,3,6750,62,1620,20,2960,29
2020-07-06,Venezuela,419,2,7169,64,1872,20,3251,31
2020-07-07,Venezuela,242,4,7411,68,1881,20,3363,33
2020-07-08,Venezuela,282,3,7693,71,1861,20,3507,36
2020-07-09,Venezuela,317,4,8010,75,1948,21,3645,37
2020-07-10,Venezuela,362,5,8372,80,2099,23,3809,41
2020-07-11,Venezuela,431,3,8803,83,2266,24,4024,42
2020-07-12,Venezuela,375,2,9178,85,2428,23,4048,43
2020-07-13,Venezuela,287,4,9465,89,2296,25,4168,45
2020-07-14,Venezuela,242,4,9707,93,2296,25,4177,45
2020-07-15,Venezuela,303,3,10010,96,2317,25,4178,45
2020-07-16,Venezuela,418,4,10428,100,2418,25,4366,46
2020-07-17,Venezuela,426,4,10854,104,2482,24,4581,47
2020-07-18,Venezuela,337,3,11191,107,2388,24,4654,48
2020-07-19,Venezuela,292,3,11483,110,2305,25,4733,48
2020-07-20,Venezuela,408,2,11891,112,2426,23,4722,48
2020-07-21,Venezuela,443,4,12334,116,2627,23,4923,48
2020-07-22,Venezuela,440,4,12774,120,2764,24,5081,49
2020-07-23,Venezuela,0,0,12774,120,2346,20,4764,45
2020-07-24,Venezuela,839,9,13613,129,2759,25,5241,49
2020-07-25,Venezuela,650,5,14263,134,3072,27,5460,51
2020-07-26,Venezuela,0,0,14263,134,2780,24,5085,49
2020-07-27,Venezuela,1200,8,15463,142,3572,30,5998,53
2020-07-28,Venezuela,525,4,15988,146,3654,30,6281,53
2020-07-29,Venezuela,583,5,16571,151,3797,31,6561,55
2020-07-30,Venezuela,0,0,16571,151,3797,31,6143,51
2020-07-31,Venezuela,1288,7,17859,158,4246,29,7005,54
2020-08-01,Venezuela,715,6,18574,164,4311,30,7383,57
2020-08-02,Venezuela,869,5,19443,169,5180,35,7960,59
2020-08-03,Venezuela,763,5,20206,174,4743,32,8315,62
2020-08-04,Venezuela,0,0,20206,174,4218,28,7872,58
2020-08-05,Venezuela,1232,13,21438,187,4867,36,8664,67
2020-08-06,Venezuela,861,8,22299,195,5728,44,9525,75
2020-08-07,Venezuela,981,7,23280,202,5421,44,9667,73
2020-08-08,Venezuela,886,6,24166,208,5592,44,9903,74
2020-08-09,Venezuela,0,0,24166,208,4723,39,9903,74
2020-08-10,Venezuela,1639,15,25805,223,5599,49,10342,81
2020-08-11,Venezuela,0,0,25805,223,5599,49,9817,77
2020-08-12,Venezuela,2133,15,27938,238,6500,51,11367,87
2020-08-13,Venezuela,1150,9,29088,247,6789,52,12517,96
2020-08-14,Venezuela,1281,12,30369,259,7089,57,12510,101
2020-08-15,Venezuela,1012,7,31381,266,7215,58,12807,102
2020-08-16,Venezuela,1226,10,32607,276,8441,68,13164,107
2020-08-17,Venezuela,1148,5,33755,281,7950,58,13549,107
2020-08-18,Venezuela,1047,7,34802,288,8997,65,14596,114
2020-08-19,Venezuela,895,9,35697,297,7759,59,14259,110
2020-08-20,Venezuela,1171,6,36868,303,7780,56,14569,108
2020-08-21,Venezuela,699,8,37567,311,7198,52,14287,109
2020-08-22,Venezuela,621,6,38188,317,6807,51,14022,109
2020-08-23,Venezuela,769,6,38957,323,6350,47,14791,115
2020-08-24,Venezuela,607,6,39564,329,5809,48,13759,106
2020-08-25,Venezuela,774,8,40338,337,5536,49,14533,114
2020-08-26,Venezuela,820,6,41158,343,5461,46,13220,105
2020-08-27,Venezuela,0,0,41158,343,4290,40,12070,96
2020-08-28,Venezuela,1740,15,42898,358,5331,47,12529,99
2020-08-29,Venezuela,981,0,43879,358,5691,41,12498,92
2020-08-30,Venezuela,1067,17,44946,375,5989,52,12339,99
2020-08-31,Venezuela,922,6,45868,381,6304,52,12113,100
2020-04-01,Vietnam,6,0,212,0,75,0,144,0
2020-04-02,Vietnam,21,0,233,0,80,0,157,0
2020-04-03,Vietnam,3,0,236,0,73,0,149,0
2020-04-04,Vietnam,4,0,240,0,69,0,152,0
2020-04-05,Vietnam,1,0,241,0,53,0,146,0
2020-04-06,Vietnam,4,0,245,0,42,0,124,0
2020-04-07,Vietnam,6,0,251,0,45,0,119,0
2020-04-08,Vietnam,0,0,251,0,39,0,114,0
2020-04-09,Vietnam,4,0,255,0,22,0,102,0
2020-04-10,Vietnam,2,0,257,0,21,0,94,0
2020-04-11,Vietnam,1,0,258,0,18,0,87,0
2020-04-12,Vietnam,4,0,262,0,21,0,74,0
2020-04-13,Vietnam,2,0,264,0,19,0,61,0
2020-04-14,Vietnam,3,0,267,0,16,0,61,0
2020-04-15,Vietnam,1,0,268,0,17,0,56,0
2020-04-16,Vietnam,0,0,268,0,13,0,35,0
2020-04-17,Vietnam,0,0,268,0,11,0,32,0
2020-04-18,Vietnam,0,0,268,0,10,0,28,0
2020-04-19,Vietnam,0,0,268,0,6,0,27,0
2020-04-20,Vietnam,0,0,268,0,4,0,23,0
2020-04-21,Vietnam,0,0,268,0,1,0,17,0
2020-04-22,Vietnam,0,0,268,0,0,0,17,0
2020-04-23,Vietnam,0,0,268,0,0,0,13,0
2020-04-24,Vietnam,2,0,270,0,2,0,13,0
2020-04-25,Vietnam,0,0,270,0,2,0,12,0
2020-04-26,Vietnam,0,0,270,0,2,0,8,0
2020-04-27,Vietnam,0,0,270,0,2,0,6,0
2020-04-28,Vietnam,0,0,270,0,2,0,3,0
2020-04-29,Vietnam,0,0,270,0,2,0,2,0
2020-04-30,Vietnam,0,0,270,0,2,0,2,0
2020-05-01,Vietnam,0,0,270,0,0,0,2,0
2020-05-02,Vietnam,0,0,270,0,0,0,2,0
2020-05-03,Vietnam,0,0,270,0,0,0,2,0
2020-05-04,Vietnam,1,0,271,0,1,0,3,0
2020-05-05,Vietnam,0,0,271,0,1,0,3,0
2020-05-06,Vietnam,0,0,271,0,1,0,3,0
2020-05-07,Vietnam,0,0,271,0,1,0,3,0
2020-05-08,Vietnam,17,0,288,0,18,0,18,0
2020-05-09,Vietnam,0,0,288,0,18,0,18,0
2020-05-10,Vietnam,0,0,288,0,18,0,18,0
2020-05-11,Vietnam,0,0,288,0,17,0,18,0
2020-05-12,Vietnam,0,0,288,0,17,0,18,0
2020-05-13,Vietnam,0,0,288,0,17,0,18,0
2020-05-14,Vietnam,0,0,288,0,17,0,18,0
2020-05-15,Vietnam,24,0,312,0,24,0,42,0
2020-05-16,Vietnam,1,0,313,0,25,0,43,0
2020-05-17,Vietnam,5,0,318,0,30,0,48,0
2020-05-18,Vietnam,2,0,320,0,32,0,49,0
2020-05-19,Vietnam,4,0,324,0,36,0,53,0
2020-05-20,Vietnam,0,0,324,0,36,0,53,0
2020-05-21,Vietnam,0,0,324,0,36,0,53,0
2020-05-22,Vietnam,0,0,324,0,12,0,36,0
2020-05-23,Vietnam,0,0,324,0,11,0,36,0
2020-05-24,Vietnam,0,0,324,0,6,0,36,0
2020-05-25,Vietnam,1,0,325,0,5,0,37,0
2020-05-26,Vietnam,1,0,326,0,2,0,38,0
2020-05-27,Vietnam,1,0,327,0,3,0,39,0
2020-05-28,Vietnam,0,0,327,0,3,0,39,0
2020-05-29,Vietnam,0,0,327,0,3,0,15,0
2020-05-30,Vietnam,0,0,327,0,3,0,14,0
2020-05-31,Vietnam,0,0,327,0,3,0,9,0
2020-06-01,Vietnam,1,0,328,0,3,0,8,0
2020-06-02,Vietnam,0,0,328,0,2,0,4,0
2020-06-03,Vietnam,0,0,328,0,1,0,4,0
2020-06-04,Vietnam,0,0,328,0,1,0,4,0
2020-06-05,Vietnam,0,0,328,0,1,0,4,0
2020-06-06,Vietnam,1,0,329,0,2,0,5,0
2020-06-07,Vietnam,0,0,329,0,2,0,5,0
2020-06-08,Vietnam,2,0,331,0,3,0,6,0
2020-06-09,Vietnam,1,0,332,0,4,0,6,0
2020-06-10,Vietnam,0,0,332,0,4,0,5,0
2020-06-11,Vietnam,0,0,332,0,4,0,5,0
2020-06-12,Vietnam,0,0,332,0,4,0,5,0
2020-06-13,Vietnam,1,0,333,0,4,0,6,0
2020-06-14,Vietnam,1,0,334,0,5,0,7,0
2020-06-15,Vietnam,0,0,334,0,3,0,6,0
2020-06-16,Vietnam,0,0,334,0,2,0,6,0
2020-06-17,Vietnam,1,0,335,0,3,0,7,0
2020-06-18,Vietnam,0,0,335,0,3,0,7,0
2020-06-19,Vietnam,7,0,342,0,10,0,14,0
2020-06-20,Vietnam,7,0,349,0,16,0,20,0
2020-06-21,Vietnam,0,0,349,0,15,0,20,0
2020-06-22,Vietnam,0,0,349,0,15,0,18,0
2020-06-23,Vietnam,0,0,349,0,15,0,17,0
2020-06-24,Vietnam,0,0,349,0,14,0,17,0
2020-06-25,Vietnam,3,0,352,0,17,0,20,0
2020-06-26,Vietnam,0,0,352,0,10,0,20,0
2020-06-27,Vietnam,1,0,353,0,4,0,20,0
2020-06-28,Vietnam,1,0,354,0,5,0,20,0
2020-06-29,Vietnam,1,0,355,0,6,0,21,0
2020-06-30,Vietnam,0,0,355,0,6,0,21,0
2020-07-01,Vietnam,0,0,355,0,6,0,20,0
2020-07-02,Vietnam,0,0,355,0,3,0,20,0
2020-07-03,Vietnam,0,0,355,0,3,0,13,0
2020-07-04,Vietnam,0,0,355,0,2,0,6,0
2020-07-05,Vietnam,0,0,355,0,1,0,6,0
2020-07-06,Vietnam,0,0,355,0,0,0,6,0
2020-07-07,Vietnam,14,0,369,0,14,0,20,0
2020-07-08,Vietnam,0,0,369,0,14,0,20,0
2020-07-09,Vietnam,0,0,369,0,14,0,17,0
2020-07-10,Vietnam,0,0,369,0,14,0,17,0
2020-07-11,Vietnam,1,0,370,0,15,0,17,0
2020-07-12,Vietnam,0,0,370,0,15,0,16,0
2020-07-13,Vietnam,2,0,372,0,17,0,17,0
2020-07-14,Vietnam,1,0,373,0,4,0,18,0
2020-07-15,Vietnam,0,0,373,0,4,0,18,0
2020-07-16,Vietnam,0,0,373,0,4,0,18,0
2020-07-17,Vietnam,0,0,373,0,4,0,18,0
2020-07-18,Vietnam,0,0,373,0,3,0,18,0
2020-07-19,Vietnam,0,0,373,0,3,0,18,0
2020-07-20,Vietnam,0,0,373,0,1,0,18,0
2020-07-21,Vietnam,0,0,373,0,0,0,4,0
2020-07-22,Vietnam,28,0,401,0,28,0,32,0
2020-07-23,Vietnam,7,0,408,0,35,0,39,0
2020-07-24,Vietnam,4,0,412,0,39,0,43,0
2020-07-25,Vietnam,3,0,415,0,42,0,45,0
2020-07-26,Vietnam,0,0,415,0,42,0,45,0
2020-07-27,Vietnam,5,0,420,0,47,0,48,0
2020-07-28,Vietnam,11,0,431,0,58,0,58,0
2020-07-29,Vietnam,2,0,433,0,32,0,60,0
2020-07-30,Vietnam,26,0,459,0,51,0,86,0
2020-07-31,Vietnam,50,0,509,0,97,0,136,0
2020-08-01,Vietnam,49,3,558,3,143,3,185,3
2020-08-02,Vietnam,32,2,590,5,175,5,217,5
2020-08-03,Vietnam,31,1,621,6,201,6,248,6
2020-08-04,Vietnam,31,2,652,8,221,8,279,8
2020-08-05,Vietnam,20,0,672,8,239,8,271,8
2020-08-06,Vietnam,45,1,717,9,258,9,309,9
2020-08-07,Vietnam,33,1,750,10,241,10,338,10
2020-08-08,Vietnam,39,0,789,10,231,7,374,10
2020-08-09,Vietnam,23,0,812,10,222,5,397,10
2020-08-10,Vietnam,29,3,841,13,220,7,421,13
2020-08-11,Vietnam,5,0,846,13,194,5,415,13
2020-08-12,Vietnam,20,4,866,17,194,9,433,17
2020-08-13,Vietnam,17,1,883,18,166,9,424,18
2020-08-14,Vietnam,28,3,911,21,161,11,402,21
2020-08-15,Vietnam,19,0,930,21,141,11,372,18
2020-08-16,Vietnam,4,1,934,22,122,12,344,17
2020-08-17,Vietnam,30,2,964,24,123,11,343,18
2020-08-18,Vietnam,19,1,983,25,137,12,331,17
2020-08-19,Vietnam,6,0,989,25,123,8,317,17
2020-08-20,Vietnam,5,0,994,25,111,7,277,16
2020-08-21,Vietnam,13,0,1007,25,96,4,257,15
2020-08-22,Vietnam,2,0,1009,25,79,4,220,15
2020-08-23,Vietnam,5,1,1014,26,80,4,202,16
2020-08-24,Vietnam,2,1,1016,27,52,3,175,14
2020-08-25,Vietnam,6,0,1022,27,39,2,176,14
2020-08-26,Vietnam,7,0,1029,27,40,2,163,10
2020-08-27,Vietnam,5,3,1034,30,40,5,151,12
2020-08-28,Vietnam,2,0,1036,30,29,5,125,9
2020-08-29,Vietnam,2,1,1038,31,29,6,108,10
2020-08-30,Vietnam,2,1,1040,32,26,6,106,10
2020-08-31,Vietnam,0,0,1040,32,24,5,76,8
2020-04-01,Western Sahara,0,0,0,0,0,0,0,0
2020-04-02,Western Sahara,0,0,0,0,0,0,0,0
2020-04-03,Western Sahara,0,0,0,0,0,0,0,0
2020-04-04,Western Sahara,0,0,0,0,0,0,0,0
2020-04-05,Western Sahara,0,0,0,0,0,0,0,0
2020-04-06,Western Sahara,0,0,0,0,0,0,0,0
2020-04-07,Western Sahara,0,0,0,0,0,0,0,0
2020-04-08,Western Sahara,0,0,0,0,0,0,0,0
2020-04-09,Western Sahara,0,0,0,0,0,0,0,0
2020-04-10,Western Sahara,0,0,0,0,0,0,0,0
2020-04-11,Western Sahara,0,0,0,0,0,0,0,0
2020-04-12,Western Sahara,0,0,0,0,0,0,0,0
2020-04-13,Western Sahara,0,0,0,0,0,0,0,0
2020-04-14,Western Sahara,0,0,0,0,0,0,0,0
2020-04-15,Western Sahara,0,0,0,0,0,0,0,0
2020-04-16,Western Sahara,0,0,0,0,0,0,0,0
2020-04-17,Western Sahara,0,0,0,0,0,0,0,0
2020-04-18,Western Sahara,0,0,0,0,0,0,0,0
2020-04-19,Western Sahara,0,0,0,0,0,0,0,0
2020-04-20,Western Sahara,0,0,0,0,0,0,0,0
2020-04-21,Western Sahara,0,0,0,0,0,0,0,0
2020-04-22,Western Sahara,0,0,0,0,0,0,0,0
2020-04-23,Western Sahara,0,0,0,0,0,0,0,0
2020-04-24,Western Sahara,0,0,0,0,0,0,0,0
2020-04-25,Western Sahara,0,0,0,0,0,0,0,0
2020-04-26,Western Sahara,6,0,6,0,0,0,0,0
2020-04-27,Western Sahara,0,0,6,0,0,0,0,0
2020-04-28,Western Sahara,0,0,6,0,0,0,0,0
2020-04-29,Western Sahara,0,0,6,0,0,0,0,0
2020-04-30,Western Sahara,0,0,6,0,0,0,0,0
2020-05-01,Western Sahara,0,0,6,0,0,0,0,0
2020-05-02,Western Sahara,0,0,6,0,6,0,0,0
2020-05-03,Western Sahara,0,0,6,0,0,0,0,0
2020-05-04,Western Sahara,0,0,6,0,0,0,0,0
2020-05-05,Western Sahara,0,0,6,0,0,0,0,0
2020-05-06,Western Sahara,0,0,6,0,0,0,0,0
2020-05-07,Western Sahara,0,0,6,0,0,0,0,0
2020-05-08,Western Sahara,0,0,6,0,0,0,0,0
2020-05-09,Western Sahara,0,0,6,0,0,0,6,0
2020-05-10,Western Sahara,0,0,6,0,0,0,0,0
2020-05-11,Western Sahara,0,0,6,0,0,0,0,0
2020-05-12,Western Sahara,0,0,6,0,0,0,0,0
2020-05-13,Western Sahara,0,0,6,0,0,0,0,0
2020-05-14,Western Sahara,0,0,6,0,0,0,0,0
2020-05-15,Western Sahara,0,0,6,0,0,0,0,0
2020-05-16,Western Sahara,0,0,6,0,0,0,0,0
2020-05-17,Western Sahara,0,0,6,0,0,0,0,0
2020-05-18,Western Sahara,0,0,6,0,0,0,0,0
2020-05-19,Western Sahara,0,0,6,0,0,0,0,0
2020-05-20,Western Sahara,0,0,6,0,0,0,0,0
2020-05-21,Western Sahara,0,0,6,0,0,0,0,0
2020-05-22,Western Sahara,0,0,6,0,0,0,0,0
2020-05-23,Western Sahara,0,0,6,0,0,0,0,0
2020-05-24,Western Sahara,0,0,6,0,0,0,0,0
2020-05-25,Western Sahara,0,0,6,0,0,0,0,0
2020-05-26,Western Sahara,0,0,6,0,0,0,0,0
2020-05-27,Western Sahara,0,0,6,0,0,0,0,0
2020-05-28,Western Sahara,0,0,6,0,0,0,0,0
2020-05-29,Western Sahara,0,0,6,0,0,0,0,0
2020-05-30,Western Sahara,17,1,23,1,17,1,17,1
2020-05-31,Western Sahara,0,0,23,1,17,1,17,1
2020-06-01,Western Sahara,0,0,23,1,17,1,17,1
2020-06-02,Western Sahara,0,0,23,1,17,1,17,1
2020-06-03,Western Sahara,0,0,23,1,17,1,17,1
2020-06-04,Western Sahara,0,0,23,1,17,1,17,1
2020-06-05,Western Sahara,0,0,23,1,17,1,17,1
2020-06-06,Western Sahara,0,0,23,1,0,0,17,1
2020-06-07,Western Sahara,0,0,23,1,0,0,17,1
2020-06-08,Western Sahara,0,0,23,1,0,0,17,1
2020-06-09,Western Sahara,0,0,23,1,0,0,17,1
2020-06-10,Western Sahara,0,0,23,1,0,0,17,1
2020-06-11,Western Sahara,0,0,23,1,0,0,17,1
2020-06-12,Western Sahara,0,0,23,1,0,0,17,1
2020-06-13,Western Sahara,0,0,23,1,0,0,0,0
2020-06-14,Western Sahara,0,0,23,1,0,0,0,0
2020-06-15,Western Sahara,0,0,23,1,0,0,0,0
2020-06-16,Western Sahara,0,0,23,1,0,0,0,0
2020-06-17,Western Sahara,0,0,23,1,0,0,0,0
2020-06-18,Western Sahara,0,0,23,1,0,0,0,0
2020-06-19,Western Sahara,0,0,23,1,0,0,0,0
2020-06-20,Western Sahara,2,0,25,1,2,0,2,0
2020-06-21,Western Sahara,0,0,25,1,2,0,2,0
2020-06-22,Western Sahara,0,0,25,1,2,0,2,0
2020-06-23,Western Sahara,0,0,25,1,2,0,2,0
2020-06-24,Western Sahara,0,0,25,1,2,0,2,0
2020-06-25,Western Sahara,0,0,25,1,2,0,2,0
2020-06-26,Western Sahara,0,0,25,1,2,0,2,0
2020-06-27,Western Sahara,0,0,25,1,0,0,2,0
2020-06-28,Western Sahara,183,0,208,1,183,0,185,0
2020-06-29,Western Sahara,0,0,208,1,183,0,185,0
2020-06-30,Western Sahara,0,0,208,1,183,0,185,0
2020-07-01,Western Sahara,172,0,380,1,355,0,357,0
2020-07-02,Western Sahara,81,0,461,1,436,0,438,0
2020-07-03,Western Sahara,0,0,461,1,436,0,438,0
2020-07-04,Western Sahara,58,0,519,1,494,0,494,0
2020-07-05,Western Sahara,0,0,519,1,311,0,494,0
2020-07-06,Western Sahara,0,0,519,1,311,0,494,0
2020-07-07,Western Sahara,0,0,519,1,311,0,494,0
2020-07-08,Western Sahara,0,0,519,1,139,0,494,0
2020-07-09,Western Sahara,0,0,519,1,58,0,494,0
2020-07-10,Western Sahara,0,0,519,1,58,0,494,0
2020-07-11,Western Sahara,0,0,519,1,0,0,494,0
2020-07-12,Western Sahara,0,0,519,1,0,0,311,0
2020-07-13,Western Sahara,0,0,519,1,0,0,311,0
2020-07-14,Western Sahara,242,0,761,1,242,0,553,0
2020-07-15,Western Sahara,5,0,766,1,247,0,386,0
2020-07-16,Western Sahara,0,0,766,1,247,0,305,0
2020-07-17,Western Sahara,0,0,766,1,247,0,305,0
2020-07-18,Western Sahara,0,0,766,1,247,0,247,0
2020-07-19,Western Sahara,0,0,766,1,247,0,247,0
2020-07-20,Western Sahara,0,0,766,1,247,0,247,0
2020-07-21,Western Sahara,0,0,766,1,5,0,247,0
2020-07-22,Western Sahara,0,0,766,1,0,0,247,0
2020-07-23,Western Sahara,0,0,766,1,0,0,247,0
2020-07-24,Western Sahara,0,0,766,1,0,0,247,0
2020-07-25,Western Sahara,0,0,766,1,0,0,247,0
2020-07-26,Western Sahara,0,0,766,1,0,0,247,0
2020-07-27,Western Sahara,0,0,766,1,0,0,247,0
2020-07-28,Western Sahara,0,0,766,1,0,0,5,0
2020-07-29,Western Sahara,0,0,766,1,0,0,0,0
2020-07-30,Western Sahara,0,0,766,1,0,0,0,0
2020-07-31,Western Sahara,0,0,766,1,0,0,0,0
2020-08-01,Western Sahara,0,0,766,1,0,0,0,0
2020-08-02,Western Sahara,0,0,766,1,0,0,0,0
2020-08-03,Western Sahara,0,0,766,1,0,0,0,0
2020-08-04,Western Sahara,0,0,766,1,0,0,0,0
2020-08-05,Western Sahara,0,0,766,1,0,0,0,0
2020-08-06,Western Sahara,0,0,766,1,0,0,0,0
2020-08-07,Western Sahara,0,0,766,1,0,0,0,0
2020-08-08,Western Sahara,0,0,766,1,0,0,0,0
2020-08-09,Western Sahara,0,0,766,1,0,0,0,0
2020-08-10,Western Sahara,0,0,766,1,0,0,0,0
2020-08-11,Western Sahara,0,0,766,1,0,0,0,0
2020-08-12,Western Sahara,0,0,766,1,0,0,0,0
2020-08-13,Western Sahara,0,0,766,1,0,0,0,0
2020-08-14,Western Sahara,0,0,766,1,0,0,0,0
2020-08-15,Western Sahara,0,0,766,1,0,0,0,0
2020-08-16,Western Sahara,0,0,766,1,0,0,0,0
2020-08-17,Western Sahara,0,0,766,1,0,0,0,0
2020-08-18,Western Sahara,0,0,766,1,0,0,0,0
2020-08-19,Western Sahara,0,0,766,1,0,0,0,0
2020-08-20,Western Sahara,0,0,766,1,0,0,0,0
2020-08-21,Western Sahara,0,0,766,1,0,0,0,0
2020-08-22,Western Sahara,0,0,766,1,0,0,0,0
2020-08-23,Western Sahara,0,0,766,1,0,0,0,0
2020-08-24,Western Sahara,0,0,766,1,0,0,0,0
2020-08-25,Western Sahara,0,0,766,1,0,0,0,0
2020-08-26,Western Sahara,0,0,766,1,0,0,0,0
2020-08-27,Western Sahara,0,0,766,1,0,0,0,0
2020-08-28,Western Sahara,0,0,766,1,0,0,0,0
2020-08-29,Western Sahara,0,0,766,1,0,0,0,0
2020-08-30,Western Sahara,0,0,766,1,0,0,0,0
2020-08-31,Western Sahara,0,0,766,1,0,0,0,0
2020-04-01,World,74674,4677,882291,43396,439200,24442,677783,35443
2020-04-02,World,77473,5015,959764,48411,462923,26812,735042,39495
2020-04-03,World,77458,5026,1037222,53437,479365,29024,781406,43446
2020-04-04,World,81830,6786,1119052,60223,496100,32318,831326,48845
2020-04-05,World,85243,6298,1204295,66521,518529,35026,882362,53427
2020-04-06,World,66276,4771,1270571,71292,527442,36566,914281,56507
2020-04-07,World,72988,5345,1343559,76637,535942,37918,942854,59998
2020-04-08,World,77267,7576,1420826,84213,538535,40817,977735,65259
2020-04-09,World,84921,6571,1505747,90784,545983,42373,1008906,69185
2020-04-10,World,87264,7424,1593011,98208,555789,44771,1035154,73795
2020-04-11,World,89512,7015,1682523,105223,563471,45000,1059571,77318
2020-04-12,World,75314,6066,1757837,111289,553542,44768,1072071,79794
2020-04-13,World,68528,5334,1826365,116623,555794,45331,1083236,81897
2020-04-14,World,64720,5391,1891085,122014,547526,45377,1083468,83295
2020-04-15,World,76496,7618,1967581,129632,546755,45419,1085290,86236
2020-04-16,World,78348,10491,2045929,140123,540182,49339,1086165,91712
2020-04-17,World,83941,8527,2129870,148650,536859,50442,1092648,95213
2020-04-18,World,81779,8462,2211649,157112,529126,51889,1092597,96889
2020-04-19,World,79563,6373,2291212,163485,533375,52196,1086917,96964
2020-04-20,World,70562,4989,2361774,168474,535409,51851,1091203,97182
2020-04-21,World,73735,5449,2435509,173923,544424,51909,1091950,97286
2020-04-22,World,86666,7243,2522175,181166,554594,51534,1101349,96953
2020-04-23,World,66344,5935,2588519,187101,542590,46978,1082772,96317
2020-04-24,World,78485,7335,2667004,194436,537134,45786,1073993,96228
2020-04-25,World,72792,5359,2739796,199795,528147,42683,1057273,94572
2020-04-26,World,99782,6161,2839578,205956,548366,42471,1081741,94667
2020-04-27,World,81677,3913,2921255,209869,559481,41395,1094890,93246
2020-04-28,World,65820,4898,2987075,214767,551566,40844,1095990,92753
2020-04-29,World,72254,6565,3059329,221332,537154,40166,1091748,91700
2020-04-30,World,78801,6563,3138130,227895,549611,40794,1092201,87772
2020-05-01,World,85333,5650,3223463,233545,556459,39109,1093593,84895
2020-05-02,World,88667,5577,3312130,239122,572334,39327,1100481,82010
2020-05-03,World,80628,4808,3392758,243930,553180,37974,1101546,80445
2020-05-04,World,77165,3706,3469923,247636,548668,37767,1108149,79162
2020-05-05,World,76535,3986,3546458,251622,559383,36855,1110949,77699
2020-05-06,World,78683,5957,3625141,257579,565812,36247,1102966,76413
2020-05-07,World,87557,6124,3712698,263703,574568,35808,1124179,76602
2020-05-08,World,92424,5642,3805122,269345,581659,35800,1138118,74909
2020-05-09,World,89211,5112,3894333,274457,582203,35335,1154537,74662
2020-05-10,World,88843,4407,3983176,278864,590418,34934,1143598,72908
2020-05-11,World,74693,3427,4057869,282291,587946,34655,1136614,72422
2020-05-12,World,69734,3589,4127603,285880,581145,34258,1140528,71113
2020-05-13,World,86213,5757,4213816,291637,588675,34058,1154487,70305
2020-05-14,World,86257,5018,4300073,296655,587375,32952,1161943,68760
2020-05-15,World,96543,5256,4396616,301911,591494,32566,1173153,68366
2020-05-16,World,97219,5059,4493835,306970,599502,32513,1181705,67848
2020-05-17,World,92935,4225,4586770,311195,603594,32331,1194012,67265
2020-05-18,World,79503,2898,4666273,314093,608404,31802,1196350,66457
2020-05-19,World,86367,3300,4752640,317393,625037,31513,1206182,65771
2020-05-20,World,95544,5183,4848184,322576,634368,30939,1223043,64997
2020-05-21,World,103327,4720,4951511,327296,651438,30641,1238813,63593
2020-05-22,World,107780,5390,5059291,332686,662675,30775,1254169,63341
2020-05-23,World,105800,4646,5165091,337332,671256,30362,1270758,62875
2020-05-24,World,100027,3917,5265118,341249,678348,30054,1281942,62385
2020-05-25,World,93155,1106,5358273,342355,692000,28262,1300404,60064
2020-05-26,World,88843,3368,5447116,345723,694476,28330,1319513,59843
2020-05-27,World,93781,3871,5540897,349594,692713,27018,1327081,57957
2020-05-28,World,102819,5144,5643716,354738,692205,27442,1343643,58083
2020-05-29,World,118506,4641,5762222,359379,702931,26693,1365606,57468
2020-05-30,World,122069,4653,5884291,364032,719200,26700,1390456,57062
2020-05-31,World,127938,4010,6012229,368042,747111,26793,1425459,56847
2020-06-01,World,106716,2913,6118945,370955,760672,28600,1452672,56862
2020-06-02,World,100294,3148,6219239,374103,772123,28380,1466599,56710
2020-06-03,World,112387,4545,6331626,378648,790729,29054,1483442,56072
2020-06-04,World,125512,5514,6457138,384162,813422,29424,1505627,56866
2020-06-05,World,126924,5132,6584062,389294,821840,29915,1524771,56608
2020-06-06,World,133190,4640,6717252,393934,832961,29902,1552161,56602
2020-06-07,World,125997,3789,6843249,397723,831020,29681,1578131,56474
2020-06-08,World,114829,3511,6958078,401234,839133,30279,1599805,58879
2020-06-09,World,105621,3214,7063699,404448,844460,30345,1616583,58725
2020-06-10,World,125237,4853,7188936,409301,857310,30653,1648039,59707
2020-06-11,World,134854,5131,7323790,414432,866652,30270,1680074,59694
2020-06-12,World,136155,4696,7459945,419128,875883,29834,1697723,59749
2020-06-13,World,144626,4648,7604571,423776,887319,29842,1720280,59744
2020-06-14,World,133412,4139,7737983,427915,894734,30192,1725754,59873
2020-06-15,World,121196,3157,7859179,431072,901101,29838,1740234,60117
2020-06-16,World,118494,3378,7977673,434450,913974,30002,1758434,60347
2020-06-17,World,141476,6719,8119149,441169,930213,31868,1787523,62521
2020-06-18,World,176864,5100,8296013,446269,972223,31837,1838875,62107
2020-06-19,World,138450,6275,8434463,452544,974518,33416,1850401,63250
2020-06-20,World,180311,5031,8614774,457575,1010203,33799,1897522,63641
2020-06-21,World,160317,4116,8775091,461691,1037108,33776,1931842,63968
2020-06-22,World,129198,3966,8904289,465657,1045110,34585,1946211,64423
2020-06-23,World,134239,3396,9038528,469053,1060855,34603,1974829,64605
2020-06-24,World,163892,5350,9202420,474403,1083271,33234,2013484,65102
2020-06-25,World,174994,5215,9377414,479618,1081401,33349,2053624,65186
2020-06-26,World,178741,6578,9556155,486196,1121692,33652,2096210,67068
2020-06-27,World,188672,4561,9744827,490757,1130053,33182,2140256,66981
2020-06-28,World,182028,4591,9926855,495348,1151764,33657,2188872,67433
2020-06-29,World,160203,3069,10087058,498417,1182769,32760,2227879,67345
2020-06-30,World,158158,3706,10245216,502123,1206688,33070,2267543,67673
2020-07-01,World,192085,5623,10437301,507746,1234881,33343,2318152,66577
2020-07-02,World,200376,4841,10637677,512587,1260263,32969,2341664,66318
2020-07-03,World,208625,5077,10846302,517664,1290147,31468,2411839,65120
2020-07-04,World,205524,5012,11051826,522676,1306999,31919,2437052,65101
2020-07-05,World,191064,4339,11242890,527015,1316035,31667,2467799,65324
2020-07-06,World,178279,3378,11421169,530393,1334111,31976,2516880,64736
2020-07-07,World,174279,3842,11595448,534235,1350232,32112,2556920,65182
2020-07-08,World,206942,5996,11802390,540231,1365089,32485,2599970,65828
2020-07-09,World,215506,5277,12017896,545508,1380219,32921,2640482,65890
2020-07-10,World,225147,5383,12243043,550891,1396741,33227,2686888,64695
2020-07-11,World,231461,5277,12474504,556168,1422678,33492,2729677,65411
2020-07-12,World,217994,4793,12692498,560961,1449608,33946,2765643,65613
2020-07-13,World,195499,3890,12887997,564851,1466828,34458,2800939,66434
2020-07-14,World,188446,3841,13076443,568692,1480995,34457,2831227,66569
2020-07-15,World,223693,5578,13300136,574270,1497746,34039,2862835,66524
2020-07-16,World,231699,5501,13531835,579771,1513939,34263,2894158,67184
2020-07-17,World,254378,5745,13786213,585516,1543170,34625,2939911,67852
2020-07-18,World,254427,7357,14040640,592873,1566136,36705,2988814,70197
2020-07-19,World,230165,4949,14270805,597822,1578307,36861,3027915,70807
2020-07-20,World,209442,3841,14480247,601663,1592250,36812,3059078,71270
2020-07-21,World,200764,4093,14681011,605756,1604568,37064,3085563,71521
2020-07-22,World,239785,6123,14920796,611879,1620660,37609,3118406,71648
2020-07-23,World,281633,6877,15202429,618756,1670594,38985,3184533,73248
2020-07-24,World,276291,9779,15478720,628535,1692507,43019,3235677,77644
2020-07-25,World,283911,6256,15762631,634791,1721991,41918,3288127,78623
2020-07-26,World,259628,5733,16022259,640524,1751454,42702,3329761,79563
2020-07-27,World,231858,3963,16254117,644487,1773870,42824,3366120,79636
2020-07-28,World,211907,4656,16466024,649143,1785013,43387,3389581,80451
2020-07-29,World,243802,6161,16709826,655304,1789030,43425,3409690,81034
2020-07-30,World,298111,6642,17007937,661946,1805508,43190,3476102,82175
2020-07-31,World,290431,6383,17298368,668329,1819648,39794,3512155,82813
2020-08-01,World,278842,6108,17577210,674437,1814579,39646,3536570,81564
2020-08-02,World,267629,5750,17844839,680187,1822580,39663,3574034,82365
2020-08-03,World,223743,4255,18068582,684442,1814465,39955,3588335,82779
2020-08-04,World,204664,4226,18273246,688668,1807222,39525,3592235,82912
2020-08-05,World,255674,6730,18528920,695398,1819094,40094,3608124,83519
2020-08-06,World,277415,7112,18806335,702510,1798398,40564,3603906,83754
2020-08-07,World,286163,6883,19092498,709393,1794130,41064,3613778,80858
2020-08-08,World,275907,6468,19368405,715861,1791195,41424,3605774,81070
2020-08-09,World,268510,5622,19636915,721483,1792076,41296,3614656,80959
2020-08-10,World,229347,4814,19866262,726297,1797680,41855,3612145,81810
2020-08-11,World,220023,4839,20086285,731136,1813039,42468,3620261,81993
2020-08-12,World,261321,6124,20347606,737260,1818686,41862,3637780,81956
2020-08-13,World,289125,6889,20636731,744149,1830396,41639,3628794,82203
2020-08-14,World,286869,9926,20923600,754075,1831102,44682,3625232,85746
2020-08-15,World,289143,6248,21212743,760323,1844338,44462,3635533,85886
2020-08-16,World,259629,5657,21472372,765980,1835457,44497,3627533,85793
2020-08-17,World,232206,4222,21704578,770202,1838316,43905,3635996,85760
2020-08-18,World,196494,4261,21901072,774463,1814787,43327,3627826,85795
2020-08-19,World,255046,6685,22156118,781148,1808512,43888,3627198,85750
2020-08-20,World,281345,6536,22437463,787684,1800732,43535,3631128,85174
2020-08-21,World,276151,6340,22713614,794024,1790014,39949,3621116,84631
2020-08-22,World,253691,5918,22967305,799942,1754562,39619,3598900,84081
2020-08-23,World,266587,5633,23233892,805575,1761520,39595,3596977,84092
2020-08-24,World,224520,3319,23458412,808894,1753834,38692,3592150,82597
2020-08-25,World,211348,4264,23669760,813158,1768688,38695,3583475,82022
2020-08-26,World,255171,6490,23924931,819648,1768813,38500,3577325,82388
2020-08-27,World,276502,6290,24201433,825938,1763970,38254,3564702,81789
2020-08-28,World,283260,6075,24484693,832013,1771079,37989,3561093,77938
2020-08-29,World,276716,5456,24761409,837469,1794104,37527,3548666,77146
2020-08-30,World,269005,5689,25030414,843158,1796522,37583,3558042,77178
2020-08-31,World,245214,3773,25275628,846931,1817216,38037,3571050,76729
2020-04-01,Yemen,0,0,0,0,0,0,0,0
2020-04-02,Yemen,0,0,0,0,0,0,0,0
2020-04-03,Yemen,0,0,0,0,0,0,0,0
2020-04-04,Yemen,0,0,0,0,0,0,0,0
2020-04-05,Yemen,0,0,0,0,0,0,0,0
2020-04-06,Yemen,0,0,0,0,0,0,0,0
2020-04-07,Yemen,0,0,0,0,0,0,0,0
2020-04-08,Yemen,0,0,0,0,0,0,0,0
2020-04-09,Yemen,0,0,0,0,0,0,0,0
2020-04-10,Yemen,0,0,0,0,0,0,0,0
2020-04-10,Yemen,1,0,1,0,0,0,0,0
2020-04-11,Yemen,0,0,1,0,0,0,0,0
2020-04-12,Yemen,0,0,1,0,0,0,0,0
2020-04-13,Yemen,0,0,1,0,0,0,0,0
2020-04-14,Yemen,0,0,1,0,0,0,0,0
2020-04-15,Yemen,0,0,1,0,0,0,0,0
2020-04-16,Yemen,0,0,1,0,1,0,0,0
2020-04-17,Yemen,0,0,1,0,0,0,0,0
2020-04-18,Yemen,0,0,1,0,0,0,0,0
2020-04-19,Yemen,0,0,1,0,0,0,0,0
2020-04-20,Yemen,0,0,1,0,0,0,0,0
2020-04-21,Yemen,0,0,1,0,0,0,0,0
2020-04-22,Yemen,0,0,1,0,0,0,0,0
2020-04-23,Yemen,0,0,1,0,0,0,1,0
2020-04-24,Yemen,0,0,1,0,0,0,0,0
2020-04-25,Yemen,0,0,1,0,0,0,0,0
2020-04-26,Yemen,0,0,1,0,0,0,0,0
2020-04-27,Yemen,0,0,1,0,0,0,0,0
2020-04-28,Yemen,0,0,1,0,0,0,0,0
2020-04-29,Yemen,0,0,1,0,0,0,0,0
2020-04-30,Yemen,5,0,6,0,5,0,5,0
2020-05-01,Yemen,0,2,6,2,5,2,5,2
2020-05-02,Yemen,1,0,7,2,6,2,6,2
2020-05-03,Yemen,3,0,10,2,9,2,9,2
2020-05-04,Yemen,0,0,10,2,9,2,9,2
2020-05-05,Yemen,2,0,12,2,11,2,11,2
2020-05-06,Yemen,9,1,21,3,20,3,20,3
2020-05-07,Yemen,4,2,25,5,19,5,24,5
2020-05-08,Yemen,1,1,26,6,20,4,25,6
2020-05-09,Yemen,8,1,34,7,27,5,33,7
2020-05-10,Yemen,0,0,34,7,24,5,33,7
2020-05-11,Yemen,17,1,51,8,41,6,50,8
2020-05-12,Yemen,5,1,56,9,44,7,55,9
2020-05-13,Yemen,11,2,67,11,46,8,66,11
2020-05-14,Yemen,3,1,70,12,45,7,64,12
2020-05-15,Yemen,17,1,87,13,61,7,81,11
2020-05-16,Yemen,19,2,106,15,72,8,99,13
2020-05-17,Yemen,18,4,124,19,90,12,114,17
2020-05-18,Yemen,4,1,128,20,77,12,118,18
2020-05-19,Yemen,2,0,130,20,74,11,118,18
2020-05-20,Yemen,37,8,167,28,100,17,146,25
2020-05-21,Yemen,13,1,180,29,110,17,155,24
2020-05-22,Yemen,13,4,193,33,106,20,167,27
2020-05-23,Yemen,12,0,205,33,99,18,171,26
2020-05-24,Yemen,7,6,212,39,88,20,178,32
2020-05-25,Yemen,10,3,222,42,94,22,171,34
2020-05-26,Yemen,15,3,237,45,107,25,181,36
2020-05-27,Yemen,12,4,249,49,82,21,182,38
2020-05-28,Yemen,6,4,255,53,75,24,185,41
2020-05-29,Yemen,23,4,278,57,85,24,191,44
2020-05-30,Yemen,9,9,287,66,82,33,181,51
2020-05-31,Yemen,23,11,310,77,98,38,186,58
2020-06-01,Yemen,13,3,323,80,101,38,195,60
2020-06-02,Yemen,31,4,354,84,117,39,224,64
2020-06-03,Yemen,45,3,399,87,150,38,232,59
2020-06-04,Yemen,4,1,403,88,148,35,223,59
2020-06-05,Yemen,50,15,453,103,175,46,260,70
2020-06-06,Yemen,16,8,469,111,182,45,264,78
2020-06-07,Yemen,4,1,473,112,163,35,261,73
2020-06-08,Yemen,13,0,486,112,163,32,264,70
2020-06-09,Yemen,10,0,496,112,142,28,259,67
2020-06-10,Yemen,28,15,524,127,125,40,275,78
2020-06-11,Yemen,36,2,560,129,157,41,305,76
2020-06-12,Yemen,31,7,591,136,138,33,313,79
2020-06-13,Yemen,41,3,632,139,163,28,345,73
2020-06-14,Yemen,73,21,705,160,232,48,395,83
2020-06-15,Yemen,23,4,728,164,242,52,405,84
2020-06-16,Yemen,116,44,844,208,348,96,490,124
2020-06-17,Yemen,45,7,889,215,365,88,490,128
2020-06-18,Yemen,13,29,902,244,342,115,499,156
2020-06-19,Yemen,4,4,906,248,315,112,453,145
2020-06-20,Yemen,13,3,919,251,287,112,450,140
2020-06-21,Yemen,4,3,923,254,218,94,450,142
2020-06-22,Yemen,18,2,941,256,213,92,455,144
2020-06-23,Yemen,26,1,967,257,123,49,471,145
2020-06-24,Yemen,25,4,992,261,103,46,468,134
2020-06-25,Yemen,23,13,1015,274,113,30,455,145
2020-06-26,Yemen,61,14,1076,288,170,40,485,152
2020-06-27,Yemen,13,5,1089,293,170,42,457,154
2020-06-28,Yemen,14,3,1103,296,180,42,398,136
2020-06-29,Yemen,15,6,1118,302,177,46,390,138
2020-06-30,Yemen,10,2,1128,304,161,47,284,96
2020-07-01,Yemen,30,8,1158,312,166,51,269,97
2020-07-02,Yemen,32,6,1190,318,175,44,288,74
2020-07-03,Yemen,31,7,1221,325,145,37,315,77
2020-07-04,Yemen,19,10,1240,335,151,42,321,84
2020-07-05,Yemen,8,2,1248,337,145,41,325,83
2020-07-06,Yemen,17,1,1265,338,147,36,324,82
2020-07-07,Yemen,25,7,1290,345,162,41,323,88
2020-07-08,Yemen,7,3,1297,348,139,36,305,87
2020-07-09,Yemen,21,3,1318,351,128,33,303,77
2020-07-10,Yemen,38,10,1356,361,135,36,280,73
2020-07-11,Yemen,24,3,1380,364,140,29,291,71
2020-07-12,Yemen,9,1,1389,365,141,28,286,69
2020-07-13,Yemen,76,52,1465,417,200,79,347,115
2020-07-14,Yemen,33,7,1498,424,208,79,370,120
2020-07-15,Yemen,4,6,1502,430,205,82,344,118
2020-07-16,Yemen,24,3,1526,433,208,82,336,115
2020-07-17,Yemen,26,5,1552,438,196,77,331,113
2020-07-18,Yemen,24,2,1576,440,196,76,336,105
2020-07-19,Yemen,5,3,1581,443,192,78,333,106
2020-07-20,Yemen,25,2,1606,445,141,28,341,107
2020-07-21,Yemen,13,2,1619,447,121,23,329,102
2020-07-22,Yemen,10,9,1629,456,127,26,332,108
2020-07-23,Yemen,11,2,1640,458,114,25,322,107
2020-07-24,Yemen,14,3,1654,461,102,23,298,100
2020-07-25,Yemen,0,0,1654,461,78,21,274,97
2020-07-26,Yemen,20,13,1674,474,93,31,285,109
2020-07-27,Yemen,7,5,1681,479,75,34,216,62
2020-07-28,Yemen,10,4,1691,483,72,36,193,59
2020-07-29,Yemen,4,1,1695,484,66,28,193,54
2020-07-30,Yemen,16,1,1711,485,71,27,185,52
2020-07-31,Yemen,15,2,1726,487,72,26,174,49
2020-08-01,Yemen,2,6,1728,493,74,32,152,53
2020-08-02,Yemen,2,1,1730,494,56,20,149,51
2020-08-03,Yemen,4,3,1734,497,53,18,128,52
2020-08-04,Yemen,4,2,1738,499,47,16,119,52
2020-08-05,Yemen,22,7,1760,506,65,22,131,50
2020-08-06,Yemen,4,2,1764,508,53,23,124,50
2020-08-07,Yemen,3,1,1767,509,41,22,113,48
2020-08-08,Yemen,29,3,1796,512,68,19,142,51
2020-08-09,Yemen,4,1,1800,513,70,19,126,39
2020-08-10,Yemen,4,2,1804,515,70,18,123,36
2020-08-11,Yemen,27,3,1831,518,93,19,140,35
2020-08-12,Yemen,0,5,1831,523,71,17,136,39
2020-08-13,Yemen,10,5,1841,528,77,20,130,43
2020-08-14,Yemen,6,0,1847,528,80,19,121,41
2020-08-15,Yemen,11,0,1858,528,62,16,130,35
2020-08-16,Yemen,4,1,1862,529,62,16,132,35
2020-08-17,Yemen,7,1,1869,530,65,15,135,33
2020-08-18,Yemen,13,5,1882,535,51,17,144,36
2020-08-19,Yemen,4,1,1886,536,55,13,126,30
2020-08-20,Yemen,7,3,1893,539,52,11,129,31
2020-08-21,Yemen,6,2,1899,541,52,13,132,32
2020-08-22,Yemen,7,1,1906,542,48,14,110,30
2020-08-23,Yemen,1,4,1907,546,45,17,107,33
2020-08-24,Yemen,4,1,1911,547,42,17,107,32
2020-08-25,Yemen,5,8,1916,555,34,20,85,37
2020-08-26,Yemen,8,2,1924,557,38,21,93,34
2020-08-27,Yemen,6,3,1930,560,37,21,89,32
2020-08-28,Yemen,4,2,1934,562,35,21,87,34
2020-08-29,Yemen,9,1,1943,563,37,21,85,35
2020-08-30,Yemen,4,1,1947,564,40,18,85,35
2020-08-31,Yemen,6,0,1953,564,42,17,84,34
2020-04-01,Zambia,0,0,35,0,32,0,35,0
2020-04-02,Zambia,1,0,36,0,24,0,34,0
2020-04-03,Zambia,3,1,39,1,25,1,37,1
2020-04-04,Zambia,0,0,39,1,23,1,37,1
2020-04-05,Zambia,0,0,39,1,11,1,37,1
2020-04-06,Zambia,0,0,39,1,10,1,36,1
2020-04-07,Zambia,0,0,39,1,4,1,36,1
2020-04-08,Zambia,0,0,39,1,4,1,36,1
2020-04-09,Zambia,0,0,39,1,3,1,27,1
2020-04-10,Zambia,0,0,39,1,0,0,25,1
2020-04-11,Zambia,1,1,40,2,1,1,24,2
2020-04-12,Zambia,0,0,40,2,1,1,12,2
2020-04-13,Zambia,3,0,43,2,4,1,14,2
2020-04-14,Zambia,2,0,45,2,6,1,10,2
2020-04-15,Zambia,0,0,45,2,6,1,10,2
2020-04-16,Zambia,3,0,48,2,9,1,12,2
2020-04-17,Zambia,0,0,48,2,9,1,9,1
2020-04-18,Zambia,4,0,52,2,12,0,13,1
2020-04-19,Zambia,5,0,57,2,17,0,18,1
2020-04-20,Zambia,4,1,61,3,18,1,22,2
2020-04-21,Zambia,4,0,65,3,20,1,26,2
2020-04-22,Zambia,0,0,65,3,20,1,26,2
2020-04-23,Zambia,9,0,74,3,26,1,35,2
2020-04-24,Zambia,2,0,76,3,28,1,37,2
2020-04-25,Zambia,8,0,84,3,32,1,44,1
2020-04-26,Zambia,0,0,84,3,27,1,44,1
2020-04-27,Zambia,4,0,88,3,27,0,45,1
2020-04-28,Zambia,1,0,89,3,24,0,44,1
2020-04-29,Zambia,6,0,95,3,30,0,50,1
2020-04-30,Zambia,2,0,97,3,23,0,49,1
2020-05-01,Zambia,9,0,106,3,30,0,58,1
2020-05-02,Zambia,3,0,109,3,25,0,57,1
2020-05-03,Zambia,10,0,119,3,35,0,62,1
2020-05-04,Zambia,5,0,124,3,36,0,63,0
2020-05-05,Zambia,13,0,137,3,48,0,72,0
2020-05-06,Zambia,2,1,139,4,44,1,74,1
2020-05-07,Zambia,7,0,146,4,49,1,72,1
2020-05-08,Zambia,7,0,153,4,47,1,77,1
2020-05-09,Zambia,14,0,167,4,58,1,83,1
2020-05-10,Zambia,85,3,252,7,133,4,168,4
2020-05-11,Zambia,15,0,267,7,143,4,179,4
2020-05-12,Zambia,0,0,267,7,130,4,178,4
2020-05-13,Zambia,174,0,441,7,302,3,346,4
2020-05-14,Zambia,5,0,446,7,300,3,349,4
2020-05-15,Zambia,208,0,654,7,501,3,548,4
2020-05-16,Zambia,14,0,668,7,501,3,559,4
2020-05-17,Zambia,11,0,679,7,427,0,560,4
2020-05-18,Zambia,74,0,753,7,486,0,629,4
2020-05-19,Zambia,8,0,761,7,494,0,624,4
2020-05-20,Zambia,11,0,772,7,331,0,633,3
2020-05-21,Zambia,60,0,832,7,386,0,686,3
2020-05-22,Zambia,34,0,866,7,212,0,713,3
2020-05-23,Zambia,54,0,920,7,252,0,753,3
2020-05-24,Zambia,0,0,920,7,241,0,668,0
2020-05-25,Zambia,0,0,920,7,167,0,653,0
2020-05-26,Zambia,0,0,920,7,159,0,653,0
2020-05-27,Zambia,0,0,920,7,148,0,479,0
2020-05-28,Zambia,137,0,1057,7,225,0,611,0
2020-05-29,Zambia,0,0,1057,7,191,0,403,0
2020-05-30,Zambia,0,0,1057,7,137,0,389,0
2020-05-31,Zambia,0,0,1057,7,137,0,378,0
2020-06-01,Zambia,0,0,1057,7,137,0,304,0
2020-06-02,Zambia,32,0,1089,7,169,0,328,0
2020-06-03,Zambia,0,0,1089,7,169,0,317,0
2020-06-04,Zambia,0,0,1089,7,32,0,257,0
2020-06-05,Zambia,22,0,1111,7,54,0,245,0
2020-06-06,Zambia,0,0,1111,7,54,0,191,0
2020-06-07,Zambia,43,0,1154,7,97,0,234,0
2020-06-08,Zambia,0,0,1154,7,97,0,234,0
2020-06-09,Zambia,46,3,1200,10,111,3,280,3
2020-06-10,Zambia,0,0,1200,10,111,3,280,3
2020-06-11,Zambia,52,0,1252,10,163,3,195,3
2020-06-12,Zambia,0,0,1252,10,141,3,195,3
2020-06-13,Zambia,69,0,1321,10,210,3,264,3
2020-06-14,Zambia,36,0,1357,10,203,3,300,3
2020-06-15,Zambia,1,1,1358,11,204,4,301,4
2020-06-16,Zambia,24,0,1382,11,182,1,293,4
2020-06-17,Zambia,23,0,1405,11,205,1,316,4
2020-06-18,Zambia,7,0,1412,11,160,1,323,4
2020-06-19,Zambia,4,0,1416,11,164,1,305,4
2020-06-20,Zambia,14,0,1430,11,109,1,319,4
2020-06-21,Zambia,0,0,1430,11,73,1,276,4
2020-06-22,Zambia,0,0,1430,11,72,0,276,4
2020-06-23,Zambia,0,0,1430,11,48,0,230,1
2020-06-24,Zambia,47,7,1477,18,72,7,277,8
2020-06-25,Zambia,12,0,1489,18,77,7,237,8
2020-06-26,Zambia,8,0,1497,18,81,7,245,8
2020-06-27,Zambia,34,3,1531,21,101,10,210,11
2020-06-28,Zambia,0,0,1531,21,101,10,174,11
2020-06-29,Zambia,26,1,1557,22,127,11,199,11
2020-06-30,Zambia,11,0,1568,22,138,11,186,11
2020-07-01,Zambia,26,2,1594,24,117,6,189,13
2020-07-02,Zambia,38,6,1632,30,143,12,220,19
2020-07-03,Zambia,0,0,1632,30,135,12,216,19
2020-07-04,Zambia,0,0,1632,30,101,9,202,19
2020-07-05,Zambia,0,0,1632,30,101,9,202,19
2020-07-06,Zambia,0,0,1632,30,75,8,202,19
2020-07-07,Zambia,0,0,1632,30,64,8,202,19
2020-07-08,Zambia,263,12,1895,42,301,18,418,24
2020-07-09,Zambia,0,0,1895,42,263,12,406,24
2020-07-10,Zambia,0,0,1895,42,263,12,398,24
2020-07-11,Zambia,0,0,1895,42,263,12,364,21
2020-07-12,Zambia,0,0,1895,42,263,12,364,21
2020-07-13,Zambia,0,0,1895,42,263,12,338,20
2020-07-14,Zambia,0,0,1895,42,263,12,327,20
2020-07-15,Zambia,388,40,2283,82,388,40,689,58
2020-07-16,Zambia,0,0,2283,82,388,40,651,52
2020-07-17,Zambia,0,0,2283,82,388,40,651,52
2020-07-18,Zambia,527,27,2810,109,915,67,1178,79
2020-07-19,Zambia,170,0,2980,109,1085,67,1348,79
2020-07-20,Zambia,0,0,2980,109,1085,67,1348,79
2020-07-21,Zambia,346,11,3326,120,1431,78,1694,90
2020-07-22,Zambia,0,0,3326,120,1043,38,1431,78
2020-07-23,Zambia,257,8,3583,128,1300,46,1688,86
2020-07-24,Zambia,0,0,3583,128,1300,46,1688,86
2020-07-25,Zambia,273,2,3856,130,1046,21,1961,88
2020-07-26,Zambia,472,0,4328,130,1348,21,2433,88
2020-07-27,Zambia,153,9,4481,139,1501,30,2586,97
2020-07-28,Zambia,71,1,4552,140,1226,20,2657,98
2020-07-29,Zambia,450,2,5002,142,1676,22,2719,60
2020-07-30,Zambia,247,4,5249,146,1666,18,2966,64
2020-07-31,Zambia,306,3,5555,149,1972,21,3272,67
2020-08-01,Zambia,408,2,5963,151,2107,21,3153,42
2020-08-02,Zambia,265,14,6228,165,1900,35,3248,56
2020-08-03,Zambia,119,5,6347,170,1866,31,3367,61
2020-08-04,Zambia,233,1,6580,171,2028,31,3254,51
2020-08-05,Zambia,0,0,6580,171,1578,29,3254,51
2020-08-06,Zambia,442,5,7022,176,1773,30,3439,48
2020-08-07,Zambia,142,23,7164,199,1609,50,3581,71
2020-08-08,Zambia,322,1,7486,200,1523,49,3630,70
2020-08-09,Zambia,417,3,7903,203,1675,38,3575,73
2020-08-10,Zambia,182,32,8085,235,1738,65,3604,96
2020-08-11,Zambia,125,6,8210,241,1630,70,3658,101
2020-08-12,Zambia,65,0,8275,241,1695,70,3273,99
2020-08-13,Zambia,226,5,8501,246,1479,70,3252,100
2020-08-14,Zambia,162,0,8663,246,1499,47,3108,97
2020-08-15,Zambia,358,10,9021,256,1535,56,3058,105
2020-08-16,Zambia,165,4,9186,260,1283,57,2958,95
2020-08-17,Zambia,157,0,9343,260,1258,25,2996,90
2020-08-18,Zambia,496,4,9839,264,1629,23,3259,93
2020-08-19,Zambia,142,0,9981,264,1706,23,3401,93
2020-08-20,Zambia,237,5,10218,269,1717,23,3196,93
2020-08-21,Zambia,154,5,10372,274,1709,28,3208,75
2020-08-22,Zambia,255,3,10627,277,1606,21,3141,77
2020-08-23,Zambia,0,0,10627,277,1441,17,2724,74
2020-08-24,Zambia,455,3,11082,280,1739,20,2997,45
2020-08-25,Zambia,66,0,11148,280,1309,16,2938,39
2020-08-26,Zambia,137,2,11285,282,1304,18,3010,41
2020-08-27,Zambia,91,0,11376,282,1158,13,2875,36
2020-08-28,Zambia,225,0,11601,282,1229,8,2938,36
2020-08-29,Zambia,178,1,11779,283,1152,6,2758,27
2020-08-30,Zambia,123,1,11902,284,1275,7,2716,24
2020-08-31,Zambia,123,3,12025,287,943,7,2682,27
2020-04-01,Zimbabwe,1,0,8,1,6,0,0,0
2020-04-02,Zimbabwe,0,0,8,1,5,0,0,0
2020-04-03,Zimbabwe,0,0,8,1,5,0,8,1
2020-04-04,Zimbabwe,1,0,9,1,4,0,8,1
2020-04-05,Zimbabwe,0,0,9,1,2,0,7,1
2020-04-06,Zimbabwe,0,0,9,1,2,0,7,1
2020-04-07,Zimbabwe,0,0,9,1,2,0,7,0
2020-04-08,Zimbabwe,1,0,10,1,2,0,8,0
2020-04-09,Zimbabwe,1,1,11,2,3,1,8,1
2020-04-10,Zimbabwe,0,1,11,3,3,2,8,2
2020-04-11,Zimbabwe,0,0,11,3,2,2,6,2
2020-04-12,Zimbabwe,3,0,14,3,5,2,7,2
2020-04-13,Zimbabwe,0,0,14,3,5,2,7,2
2020-04-14,Zimbabwe,3,0,17,3,8,2,10,2
2020-04-15,Zimbabwe,0,0,17,3,7,2,9,2
2020-04-16,Zimbabwe,6,0,23,3,12,1,15,2
2020-04-17,Zimbabwe,1,0,24,3,13,0,16,2
2020-04-18,Zimbabwe,0,0,24,3,13,0,15,2
2020-04-19,Zimbabwe,1,0,25,3,11,0,16,2
2020-04-20,Zimbabwe,0,0,25,3,11,0,16,2
2020-04-21,Zimbabwe,0,0,25,3,8,0,16,2
2020-04-22,Zimbabwe,3,0,28,3,11,0,18,2
2020-04-23,Zimbabwe,0,0,28,3,5,0,17,1
2020-04-24,Zimbabwe,1,0,29,3,5,0,18,0
2020-04-25,Zimbabwe,0,1,29,4,5,1,18,1
2020-04-26,Zimbabwe,2,0,31,4,6,1,17,1
2020-04-27,Zimbabwe,0,0,31,4,6,1,17,1
2020-04-28,Zimbabwe,1,0,32,4,7,1,15,1
2020-04-29,Zimbabwe,0,0,32,4,4,1,15,1
2020-04-30,Zimbabwe,2,0,34,4,6,1,11,1
2020-05-01,Zimbabwe,0,0,34,4,5,1,10,1
2020-05-02,Zimbabwe,0,0,34,4,5,0,10,1
2020-05-03,Zimbabwe,0,0,34,4,3,0,9,1
2020-05-04,Zimbabwe,0,0,34,4,3,0,9,1
2020-05-05,Zimbabwe,0,0,34,4,2,0,9,1
2020-05-06,Zimbabwe,0,0,34,4,2,0,6,1
2020-05-07,Zimbabwe,0,0,34,4,0,0,6,1
2020-05-08,Zimbabwe,0,0,34,4,0,0,5,1
2020-05-09,Zimbabwe,1,0,35,4,1,0,6,0
2020-05-10,Zimbabwe,1,0,36,4,2,0,5,0
2020-05-11,Zimbabwe,0,0,36,4,2,0,5,0
2020-05-12,Zimbabwe,1,0,37,4,3,0,5,0
2020-05-13,Zimbabwe,0,0,37,4,3,0,5,0
2020-05-14,Zimbabwe,0,0,37,4,3,0,3,0
2020-05-15,Zimbabwe,0,0,37,4,3,0,3,0
2020-05-16,Zimbabwe,5,0,42,4,7,0,8,0
2020-05-17,Zimbabwe,2,0,44,4,8,0,10,0
2020-05-18,Zimbabwe,2,0,46,4,10,0,12,0
2020-05-19,Zimbabwe,0,0,46,4,9,0,12,0
2020-05-20,Zimbabwe,0,0,46,4,9,0,12,0
2020-05-21,Zimbabwe,2,0,48,4,11,0,14,0
2020-05-22,Zimbabwe,3,0,51,4,14,0,17,0
2020-05-23,Zimbabwe,5,0,56,4,14,0,21,0
2020-05-24,Zimbabwe,0,0,56,4,12,0,20,0
2020-05-25,Zimbabwe,0,0,56,4,10,0,20,0
2020-05-26,Zimbabwe,0,0,56,4,10,0,19,0
2020-05-27,Zimbabwe,0,0,56,4,10,0,19,0
2020-05-28,Zimbabwe,76,0,132,4,84,0,95,0
2020-05-29,Zimbabwe,17,0,149,4,98,0,112,0
2020-05-30,Zimbabwe,11,0,160,4,104,0,118,0
2020-05-31,Zimbabwe,14,0,174,4,118,0,130,0
2020-06-01,Zimbabwe,4,0,178,4,122,0,132,0
2020-06-02,Zimbabwe,25,0,203,4,147,0,157,0
2020-06-03,Zimbabwe,3,0,206,4,150,0,160,0
2020-06-04,Zimbabwe,16,0,222,4,90,0,174,0
2020-06-05,Zimbabwe,15,0,237,4,88,0,186,0
2020-06-06,Zimbabwe,28,0,265,4,105,0,209,0
2020-06-07,Zimbabwe,14,0,279,4,105,0,223,0
2020-06-08,Zimbabwe,3,0,282,4,104,0,226,0
2020-06-09,Zimbabwe,5,0,287,4,84,0,231,0
2020-06-10,Zimbabwe,27,0,314,4,108,0,258,0
2020-06-11,Zimbabwe,6,0,320,4,98,0,188,0
2020-06-12,Zimbabwe,12,0,332,4,95,0,183,0
2020-06-13,Zimbabwe,11,0,343,4,78,0,183,0
2020-06-14,Zimbabwe,13,0,356,4,77,0,182,0
2020-06-15,Zimbabwe,27,0,383,4,101,0,205,0
2020-06-16,Zimbabwe,4,0,387,4,100,0,184,0
2020-06-17,Zimbabwe,7,0,394,4,80,0,188,0
2020-06-18,Zimbabwe,7,0,401,4,81,0,179,0
2020-06-19,Zimbabwe,62,0,463,4,131,0,226,0
2020-06-20,Zimbabwe,16,0,479,4,136,0,214,0
2020-06-21,Zimbabwe,7,2,486,6,130,2,207,2
2020-06-22,Zimbabwe,3,0,489,6,106,2,207,2
2020-06-23,Zimbabwe,23,0,512,6,125,2,225,2
2020-06-24,Zimbabwe,13,0,525,6,131,2,211,2
2020-06-25,Zimbabwe,5,0,530,6,129,2,210,2
2020-06-26,Zimbabwe,21,0,551,6,88,2,219,2
2020-06-27,Zimbabwe,10,0,561,6,82,2,218,2
2020-06-28,Zimbabwe,6,0,567,6,81,0,211,2
2020-06-29,Zimbabwe,0,0,567,6,78,0,184,2
2020-06-30,Zimbabwe,7,1,574,7,62,1,187,3
2020-07-01,Zimbabwe,17,0,591,7,66,1,197,3
2020-07-02,Zimbabwe,14,0,605,7,75,1,204,3
2020-07-03,Zimbabwe,12,0,617,7,66,1,154,3
2020-07-04,Zimbabwe,8,0,625,7,64,1,146,3
2020-07-05,Zimbabwe,73,1,698,8,131,2,212,2
2020-07-06,Zimbabwe,18,0,716,8,149,2,227,2
2020-07-07,Zimbabwe,18,1,734,9,160,2,222,3
2020-07-08,Zimbabwe,53,0,787,9,196,2,262,3
2020-07-09,Zimbabwe,98,0,885,9,280,2,355,3
2020-07-10,Zimbabwe,41,3,926,12,309,5,375,6
2020-07-11,Zimbabwe,16,1,942,13,317,6,381,7
2020-07-12,Zimbabwe,40,5,982,18,284,10,415,12
2020-07-13,Zimbabwe,3,0,985,18,269,10,418,12
2020-07-14,Zimbabwe,49,1,1034,19,300,10,460,12
2020-07-15,Zimbabwe,0,0,1034,19,247,10,443,12
2020-07-16,Zimbabwe,55,1,1089,20,204,11,484,13
2020-07-17,Zimbabwe,273,3,1362,23,436,11,745,16
2020-07-18,Zimbabwe,58,1,1420,24,478,11,795,17
2020-07-19,Zimbabwe,58,1,1478,25,496,7,780,17
2020-07-20,Zimbabwe,133,0,1611,25,626,7,895,17
2020-07-21,Zimbabwe,102,1,1713,26,679,7,979,17
2020-07-22,Zimbabwe,107,0,1820,26,786,7,1033,17
2020-07-23,Zimbabwe,214,0,2034,26,945,6,1149,17
2020-07-24,Zimbabwe,90,2,2124,28,762,5,1198,16
2020-07-25,Zimbabwe,172,4,2296,32,876,8,1354,19
2020-07-26,Zimbabwe,138,2,2434,34,956,9,1452,16
2020-07-27,Zimbabwe,78,0,2512,34,901,9,1527,16
2020-07-28,Zimbabwe,192,2,2704,36,991,10,1670,17
2020-07-29,Zimbabwe,113,4,2817,40,997,14,1783,21
2020-07-30,Zimbabwe,62,1,2879,41,845,15,1790,21
2020-07-31,Zimbabwe,213,12,3092,53,968,25,1730,30
2020-08-01,Zimbabwe,77,14,3169,67,873,35,1749,43
2020-08-02,Zimbabwe,490,2,3659,69,1225,35,2181,44
2020-08-03,Zimbabwe,262,1,3921,70,1409,36,2310,45
2020-08-04,Zimbabwe,154,10,4075,80,1371,44,2362,54
2020-08-05,Zimbabwe,146,1,4221,81,1404,41,2401,55
2020-08-06,Zimbabwe,118,3,4339,84,1460,43,2305,58
2020-08-07,Zimbabwe,56,13,4395,97,1303,44,2271,69
2020-08-08,Zimbabwe,56,5,4451,102,1282,35,2155,70
2020-08-09,Zimbabwe,124,0,4575,102,916,33,2141,68
2020-08-10,Zimbabwe,74,2,4649,104,728,34,2137,70
2020-08-11,Zimbabwe,99,0,4748,104,673,24,2044,68
2020-08-12,Zimbabwe,70,0,4818,104,597,23,2001,64
2020-08-13,Zimbabwe,75,18,4893,122,554,38,2014,81
2020-08-14,Zimbabwe,97,6,4990,128,595,31,1898,75
2020-08-15,Zimbabwe,82,0,5072,128,621,26,1903,61
2020-08-16,Zimbabwe,104,2,5176,130,601,28,1517,61
2020-08-17,Zimbabwe,85,2,5261,132,612,28,1340,62
2020-08-18,Zimbabwe,47,3,5308,135,560,31,1233,55
2020-08-19,Zimbabwe,70,6,5378,141,560,37,1157,60
2020-08-20,Zimbabwe,265,9,5643,150,750,28,1304,66
2020-08-21,Zimbabwe,102,1,5745,151,755,23,1350,54
2020-08-22,Zimbabwe,70,1,5815,152,743,24,1364,50
2020-08-23,Zimbabwe,78,1,5893,153,717,23,1318,51
2020-08-24,Zimbabwe,37,2,5930,155,669,23,1281,51
2020-08-25,Zimbabwe,140,0,6070,155,762,20,1322,51
2020-08-26,Zimbabwe,126,11,6196,166,818,25,1378,62
2020-08-27,Zimbabwe,55,13,6251,179,608,29,1358,57
2020-08-28,Zimbabwe,41,10,6292,189,547,38,1302,61
2020-08-29,Zimbabwe,96,6,6388,195,573,43,1316,67
2020-08-30,Zimbabwe,18,1,6406,196,513,43,1230,66
2020-08-31,Zimbabwe,6,0,6412,196,482,41,1151,64
